48
121
89
66
3
173
15
183
117
157
23
121
64
65
89
89
183
12
180
21
69
191
78
48
125
22
126
161
124
25
61
117
178
198
207
145
69
68
80
34
155
73
154
134
81
162
83
44
51
8
27
205
102
27
155
202
170
59
27
77
209
55
94
204
94
26
175
189
32
64
187
22
138
30
189
106
116
121
85
208
110
31
32
94
166
161
54
121
35
101
171
159
176
66
30
104
50
207
208
88
42
25
165
204
81
194
80
159
200
181
29
24
128
149
76
2
208
81
201
200
204
53
9
182
173
100
92
198
194
78
165
206
104
98
14
23
166
171
93
196
201
31
23
173
203
206
148
154
83
150
171
176
26
55
152
197
27
11
79
96
57
95
106
18
207
54
179
180
137
190
50
204
132
36
196
47
129
78
7
46
61
203
197
74
90
168
6
103
58
76
32
64
142
194
170
199
71
168
96
204
42
127
6
27
57
58
39
108
59
147
189
57
82
96
98
45
18
186
193
64
165
172
196
3
95
52
131
111
13
95
64
101
95
17
130
154
50
15
184
29
47
202
6
194
60
101
36
8
88
10
72
195
133
85
90
91
51
135
188
125
51
12
148
90
131
152
166
77
170
190
30
191
46
46
200
11
119
122
85
183
21
36
178
185
128
163
197
196
180
7
190
142
2
150
198
19
171
149
32
11
84
168
127
10
61
119
96
54
117
21
93
56
133
82
147
17
31
113
87
207
12
194
135
72
135
172
86
121
86
162
158
121
100
55
26
51
4
2
145
94
54
31
86
148
151
208
18
45
113
209
187
160
181
140
185
115
38
13
205
176
190
16
48
123
56
182
41
100
50
123
67
118
198
33
162
24
199
129
133
107
140
10
24
97
116
20
67
2
160
8
0
85
79
62
111
172
35
172
199
188
160
1
110
61
107
194
21
106
101
176
25
4
142
22
40
163
24
12
140
0
93
99
204
188
87
53
23
118
194
28
125
71
102
137
178
197
146
19
3
33
115
157
73
101
25
117
72
83
9
11
174
45
139
75
22
172
119
115
70
11
133
67
58
41
157
61
185
18
38
126
157
113
203
43
162
95
192
198
62
196
175
11
194
179
101
116
83
64
198
5
113
72
119
200
103
110
106
74
63
83
120
72
206
174
81
75
186
73
86
163
132
8
143
11
41
92
130
74
118
209
77
33
55
55
5
4
168
93
161
111
65
62
70
208
115
111
8
148
154
160
24
34
61
183
48
38
188
163
0
204
41
65
117
112
168
80
106
104
4
154
179
68
98
110
130
167
34
197
139
71
173
31
10
80
116
195
93
103
43
158
2
197
144
3
124
195
169
186
201
83
178
58
8
39
158
180
46
52
199
11
126
157
142
33
39
38
58
99
54
184
139
142
11
197
177
186
163
88
64
160
48
186
33
1
45
116
16
71
95
105
183
160
77
127
14
93
201
204
154
58
145
150
35
80
154
71
194
139
103
56
198
115
27
108
86
58
105
130
54
114
11
182
9
6
199
166
182
154
132
98
39
64
131
134
185
157
53
55
192
82
2
112
165
86
66
177
62
72
196
138
158
39
77
160
133
203
44
143
32
102
50
42
186
149
123
24
133
3
153
89
186
191
106
133
6
76
23
10
44
10
161
16
206
203
0
190
168
146
90
56
28
173
149
87
15
2
63
150
32
112
84
74
41
105
82
187
78
204
143
0
105
63
18
115
38
106
98
20
92
175
45
163
96
22
14
18
9
96
74
189
27
58
128
0
0
153
166
137
18
45
13
41
80
159
189
131
73
55
21
168
3
170
25
129
87
161
143
209
10
25
166
167
204
119
49
148
134
48
54
194
62
199
55
126
56
60
53
24
32
130
184
176
103
29
163
66
133
99
64
21
174
141
105
80
114
177
113
118
153
36
58
53
21
140
176
20
38
67
199
193
66
49
105
112
47
100
58
180
100
176
70
46
55
90
204
156
71
45
118
142
151
202
90
105
46
9
134
52
80
40
90
70
51
64
177
7
24
144
41
172
76
125
16
208
42
10
18
110
148
138
43
47
168
71
144
127
141
120
166
117
110
29
195
94
44
50
174
77
74
180
96
26
142
4
98
47
165
51
118
99
15
82
129
83
41
25
142
126
56
106
201
69
88
100
121
34
157
64
6
24
99
193
115
159
202
181
87
108
162
81
83
115
20
19
59
103
5
107
113
57
52
135
145
88
205
51
56
134
95
54
67
17
67
68
78
57
71
175
155
105
73
184
141
29
59
26
47
202
79
132
58
101
130
10
77
146
119
62
200
105
4
10
128
140
96
116
4
34
4
36
121
117
194
187
50
209
90
72
28
120
152
146
62
58
178
145
16
111
106
109
187
94
85
13
29
1
57
168
59
173
149
194
159
43
181
105
72
58
107
161
7
137
154
94
85
197
94
72
56
147
38
53
177
155
91
77
203
61
192
101
122
116
162
195
35
142
158
95
121
61
183
125
157
157
45
203
92
140
116
93
185
169
162
75
26
168
1
69
53
58
79
125
114
163
92
26
205
187
101
89
65
154
31
161
82
194
49
5
108
69
188
97
10
158
34
112
158
115
111
165
177
126
86
208
85
70
47
122
32
161
87
148
117
88
182
95
8
49
14
170
169
197
3
63
149
68
53
72
34
41
91
162
86
61
93
200
144
20
115
192
202
47
115
93
80
96
66
74
123
191
115
36
40
109
114
150
169
126
69
161
27
168
91
67
47
138
199
196
109
144
133
89
48
16
130
204
64
73
23
193
23
88
188
167
113
83
131
207
70
35
111
35
197
150
171
146
110
159
24
145
69
173
121
204
52
113
170
188
5
163
166
187
133
57
56
56
181
2
56
126
78
22
208
17
140
116
8
73
73
185
29
204
198
115
181
28
200
73
5
31
4
119
203
125
140
145
110
61
8
43
10
65
41
110
169
174
45
165
15
206
45
170
167
83
181
30
58
82
33
17
79
119
79
205
131
35
8
8
107
185
4
119
137
181
104
13
99
60
28
121
110
42
65
154
188
125
164
195
186
83
119
111
112
19
10
118
75
25
150
6
9
105
107
41
157
19
65
201
110
36
94
143
182
45
61
178
120
137
145
40
25
113
179
177
74
183
31
175
69
12
97
16
41
64
201
98
149
45
94
179
180
42
51
147
4
135
107
189
196
61
56
55
126
61
140
35
44
145
168
15
173
11
170
112
127
103
20
83
24
43
130
120
93
63
114
156
86
178
178
64
81
197
86
154
90
206
167
172
71
97
22
57
60
99
15
154
122
183
84
150
12
204
75
17
68
154
86
79
46
169
53
85
120
112
67
170
51
165
38
141
129
168
28
121
173
16
80
133
25
20
184
157
102
146
205
33
145
45
86
73
35
134
157
93
86
124
104
164
152
203
121
197
74
42
24
182
73
29
160
7
162
21
189
67
129
33
23
92
140
117
194
83
39
22
155
76
86
153
3
48
62
65
69
190
14
195
79
33
10
80
122
134
198
144
171
141
117
182
39
10
88
114
108
101
182
116
11
37
31
135
38
161
136
78
190
9
126
68
44
158
52
16
52
152
117
186
166
139
143
134
94
177
165
130
72
192
157
44
4
190
1
145
36
34
13
3
23
184
57
21
5
176
31
158
128
108
114
89
82
123
199
147
44
33
30
63
166
134
97
76
122
9
8
148
26
29
49
160
105
23
80
193
21
83
98
96
33
66
176
26
136
19
159
87
76
148
5
27
26
90
15
70
163
83
115
56
192
123
90
208
59
124
15
163
41
161
164
39
182
135
25
52
7
204
169
53
174
193
139
191
26
5
170
205
96
21
189
140
69
22
16
29
116
134
100
154
172
73
48
171
168
198
119
19
42
95
129
150
42
16
84
98
199
186
151
99
105
144
93
98
86
105
163
131
95
198
43
100
114
187
84
19
114
182
127
135
60
87
17
55
97
115
86
128
49
100
142
189
76
131
100
61
0
116
93
140
2
138
189
129
103
49
142
208
115
143
36
74
92
13
54
13
139
70
203
59
60
173
5
9
28
77
195
162
185
133
32
75
163
106
55
15
26
166
119
151
59
203
65
76
139
128
80
179
151
123
166
157
42
59
78
56
70
52
171
21
61
176
70
119
70
194
44
145
53
183
150
55
51
21
54
7
8
86
138
7
87
78
193
135
178
139
102
100
135
88
79
60
163
151
184
28
111
74
95
84
96
91
42
127
104
122
179
142
109
190
102
120
98
69
202
27
168
150
206
39
73
192
200
74
87
160
112
80
192
149
81
48
177
48
121
6
117
192
15
166
137
161
153
145
97
78
27
95
29
71
185
36
101
125
26
108
99
202
50
197
197
156
164
9
111
190
9
192
130
199
197
179
95
164
136
107
174
67
177
163
142
135
139
132
175
3
55
76
173
53
35
101
126
180
67
158
153
93
148
7
77
46
82
45
153
82
200
21
81
150
18
70
118
133
181
193
167
142
23
165
180
28
139
163
134
2
65
197
151
65
163
9
197
145
146
52
2
163
21
142
118
81
17
156
164
21
55
11
94
172
75
134
208
190
114
107
208
176
105
94
52
31
180
52
128
140
4
199
121
173
181
55
199
54
205
70
161
114
3
190
114
73
147
198
156
41
120
77
83
61
82
110
167
112
54
97
21
35
77
177
101
11
184
162
80
156
130
132
105
179
18
208
73
40
35
0
66
121
6
26
104
206
125
118
131
141
33
67
58
140
134
84
173
130
126
138
204
21
21
74
185
80
49
112
82
31
21
94
207
208
128
179
149
71
167
198
23
61
170
46
43
205
36
85
208
62
89
56
81
198
161
4
80
51
60
83
112
79
78
40
155
160
111
24
133
20
0
10
143
102
54
137
155
156
164
117
153
106
156
187
206
106
131
182
28
1
63
45
61
30
136
93
83
39
71
149
62
181
182
191
44
168
54
113
110
87
165
121
20
19
53
5
166
26
157
111
119
137
181
181
119
178
146
167
177
32
133
1
53
106
99
19
115
72
80
24
167
198
131
179
130
91
170
57
163
28
35
139
193
5
83
78
132
200
47
105
21
3
7
8
64
199
164
26
58
145
45
69
93
156
147
173
126
176
198
172
28
81
140
37
67
138
201
204
94
76
92
52
42
11
35
139
125
29
188
53
115
2
17
93
0
166
31
195
202
123
50
183
184
80
194
136
60
34
76
209
64
56
143
175
186
106
164
207
191
39
170
79
109
175
32
158
62
126
122
15
66
70
1
49
37
183
197
73
144
178
165
79
31
184
169
120
60
44
90
179
122
204
124
144
81
59
72
121
102
168
51
12
86
8
45
181
190
197
182
82
9
189
95
12
95
150
156
110
187
45
153
123
76
165
82
128
132
208
145
0
58
105
96
62
63
95
121
56
201
198
42
153
207
191
190
163
169
101
110
101
25
65
140
113
1
25
104
12
165
185
44
161
49
50
168
139
30
191
202
15
187
163
198
102
14
15
72
43
20
165
37
43
181
202
16
110
11
193
78
174
120
24
202
114
165
68
152
91
84
55
95
110
119
64
21
66
99
196
58
200
170
186
145
121
93
100
164
33
171
34
75
89
127
78
189
128
206
65
136
152
157
74
108
124
7
72
71
178
127
119
91
195
126
112
38
192
137
13
140
170
190
191
120
46
48
177
67
143
123
145
44
144
209
81
135
176
115
16
97
173
50
35
17
9
183
119
97
190
195
13
169
106
190
137
94
148
60
36
106
205
132
137
45
5
189
16
109
193
33
64
129
191
55
29
53
29
27
89
40
11
178
9
148
61
25
34
165
49
189
42
97
44
159
34
77
49
127
28
105
50
49
161
66
89
32
84
153
192
61
109
38
165
118
88
25
145
19
33
208
31
17
150
121
128
121
27
113
155
134
135
107
61
194
1
143
112
55
129
14
93
66
81
58
108
5
86
127
19
46
47
160
54
106
108
83
96
14
114
158
45
161
164
193
105
2
150
21
170
168
129
200
29
171
0
189
143
46
138
97
47
188
74
185
83
24
188
131
85
168
142
25
65
73
115
60
199
205
86
38
74
23
41
171
154
133
52
183
164
13
193
161
4
63
140
136
147
71
20
116
149
72
206
136
179
121
9
65
141
108
181
167
87
202
97
92
16
79
94
115
174
56
4
71
162
57
109
0
165
114
209
201
120
149
154
123
108
81
68
77
52
104
19
127
53
19
102
19
48
209
101
20
2
182
135
150
152
15
176
8
102
142
153
18
161
78
144
75
29
0
22
63
15
51
95
48
189
108
182
68
171
25
31
204
179
89
85
202
122
11
195
78
0
1
100
106
179
17
68
207
206
81
22
91
72
171
42
103
78
2
94
159
42
132
69
18
146
181
140
209
144
104
35
22
72
46
113
166
88
185
155
39
188
65
100
180
123
111
192
58
62
129
158
67
14
71
177
43
131
117
110
171
57
168
126
34
159
178
167
188
192
31
108
105
28
181
193
167
189
130
79
73
39
42
14
136
160
82
159
56
132
21
108
173
92
10
108
6
29
90
39
102
21
124
116
117
16
207
133
94
78
30
6
196
84
51
56
16
147
124
181
181
22
69
191
154
199
175
63
137
91
1
107
63
188
87
138
21
112
166
135
55
157
175
177
60
73
41
11
12
59
120
141
23
22
73
41
81
38
197
143
195
183
37
132
150
43
134
156
187
149
92
179
178
91
189
122
28
68
161
87
33
50
47
9
72
0
59
84
145
33
25
20
119
188
135
154
83
127
79
2
121
21
119
100
198
187
187
161
203
119
167
160
62
73
86
133
102
188
59
139
140
205
57
173
200
39
115
1
58
10
177
10
196
64
153
98
107
126
24
121
0
114
45
52
58
94
21
44
48
196
71
116
17
81
44
53
77
34
132
56
41
166
5
132
143
46
196
169
33
116
166
61
89
161
35
121
183
157
148
58
147
63
204
13
9
60
124
77
9
94
106
24
110
53
149
146
19
152
44
31
132
154
81
106
121
103
58
107
139
170
118
65
142
101
173
139
62
169
71
81
113
120
139
196
106
22
207
113
26
167
136
129
144
93
141
131
42
189
27
57
49
55
201
202
175
7
162
141
15
74
153
159
94
65
150
61
144
163
170
11
78
187
183
14
84
208
174
19
98
4
11
173
51
19
132
110
19
154
168
179
6
155
111
169
96
164
173
153
136
127
174
204
131
0
57
76
152
7
165
131
129
191
205
2
132
189
207
38
57
10
122
60
152
74
196
205
114
43
2
16
203
44
52
154
69
70
175
145
67
145
109
198
2
38
24
135
152
84
170
72
23
122
115
122
8
103
129
164
55
92
199
98
7
87
39
64
124
98
18
46
149
39
147
9
143
128
116
193
168
94
0
32
51
106
1
22
42
41
15
85
129
59
33
26
186
22
98
109
112
199
137
133
73
53
25
43
115
105
38
40
118
191
161
136
208
62
38
131
17
85
123
161
105
208
105
109
176
74
85
171
158
25
91
2
31
117
3
87
58
77
56
8
86
31
161
85
19
36
117
76
45
46
59
4
176
155
177
74
209
64
126
26
164
154
164
165
35
100
130
193
198
162
159
2
37
150
123
188
170
188
63
43
100
78
4
190
91
182
79
116
186
173
32
124
180
142
194
183
101
143
45
115
125
136
0
2
152
57
134
46
185
73
192
18
167
12
176
120
49
160
91
136
135
3
99
12
208
111
40
205
101
30
89
92
156
81
127
29
198
20
176
141
49
38
100
158
180
192
3
101
73
103
38
146
59
202
168
25
152
72
125
198
34
79
92
44
93
8
191
190
169
20
62
41
117
177
107
143
127
126
102
29
182
118
101
102
19
52
89
184
111
177
153
135
22
106
142
72
98
169
74
190
149
19
99
99
14
177
109
202
175
91
39
26
158
118
17
105
19
17
102
4
14
22
36
149
77
116
44
136
64
199
164
5
147
176
133
42
94
118
160
54
121
171
3
120
79
48
208
199
143
12
92
125
197
84
181
62
144
146
169
95
73
193
125
102
97
42
82
103
27
74
31
155
123
192
3
156
11
104
155
66
40
75
206
91
37
182
1
103
160
159
94
83
154
163
99
155
142
192
77
159
77
74
205
157
115
91
120
186
129
99
141
155
59
120
175
20
122
111
7
92
191
80
194
90
39
126
173
139
209
194
33
117
110
35
90
182
195
58
17
205
177
18
173
84
145
144
63
52
52
95
126
12
113
41
105
114
134
117
190
21
10
8
144
161
176
150
67
118
91
139
73
172
32
65
79
133
71
99
75
107
94
166
102
38
159
58
28
95
79
88
143
45
73
130
197
61
64
92
54
25
207
192
122
160
67
21
60
180
112
118
202
164
40
104
87
1
121
46
208
30
93
48
32
48
106
114
28
3
31
26
205
186
167
118
4
139
83
27
116
35
192
138
71
204
22
13
56
202
157
82
71
24
95
109
162
1
122
180
68
198
87
96
200
84
16
173
182
62
52
96
194
19
8
20
111
166
186
35
131
178
123
129
158
181
6
202
209
62
104
123
79
7
106
108
125
169
165
202
24
57
150
83
61
52
127
89
74
199
24
193
8
77
108
29
61
99
10
43
110
198
34
196
127
69
61
205
150
173
31
163
110
206
200
158
57
190
113
189
112
47
37
22
8
189
180
55
178
175
15
0
88
119
54
114
200
17
206
137
158
67
45
121
78
75
51
121
115
58
156
55
107
67
200
56
162
62
3
85
166
125
141
192
144
167
181
54
42
9
70
45
129
175
146
119
177
90
204
183
195
139
66
147
206
125
175
59
98
37
0
48
51
209
3
5
126
85
178
208
57
164
200
30
146
164
172
23
189
184
62
134
196
198
79
129
0
72
116
114
208
72
146
204
84
171
16
35
124
136
55
1
148
120
206
142
99
141
44
140
174
189
77
120
142
76
61
108
11
152
83
86
145
149
193
155
200
208
178
192
162
11
153
16
114
9
72
71
61
38
0
9
203
101
205
64
201
108
124
41
22
136
196
126
90
170
86
167
42
24
131
40
94
76
48
20
57
181
126
17
40
116
29
180
118
98
174
192
148
46
103
24
18
84
203
101
106
88
129
122
99
194
138
36
86
50
133
126
154
27
43
46
27
125
125
101
209
137
208
0
203
172
16
65
86
60
51
48
132
14
69
182
27
143
204
20
59
108
199
60
71
165
68
137
157
143
181
163
24
177
48
66
46
135
43
14
65
143
126
137
180
206
132
16
183
143
193
193
50
204
141
37
100
22
93
41
60
73
11
71
69
105
125
159
11
165
194
116
73
118
137
181
76
194
66
152
110
178
116
56
31
161
1
78
162
44
5
202
60
164
67
8
164
149
45
29
29
179
209
118
192
61
92
9
20
110
203
8
47
22
116
196
73
187
90
158
143
161
203
203
151
46
125
39
118
57
196
14
61
115
122
200
142
61
83
54
120
172
154
137
78
151
127
59
34
23
159
155
50
60
68
4
170
169
34
106
148
156
41
193
59
178
149
25
82
48
11
93
2
71
194
73
209
55
9
94
46
84
68
31
135
73
75
99
32
171
128
135
189
168
10
60
7
23
116
200
115
29
143
44
194
154
203
55
111
153
28
179
209
164
196
60
11
144
206
122
201
171
206
149
194
193
199
73
142
5
170
80
30
175
150
55
165
79
107
90
132
45
156
38
46
142
65
149
59
144
186
9
198
28
15
190
149
93
160
133
103
168
182
172
165
99
77
208
190
70
17
25
86
70
5
106
193
18
22
40
24
91
81
133
61
207
172
204
83
177
153
43
118
95
76
42
56
174
40
90
36
25
100
4
42
81
98
35
95
43
31
155
105
40
144
135
63
121
39
136
165
25
42
66
42
69
39
129
129
22
9
18
67
76
17
35
121
67
51
190
66
43
40
112
189
103
66
204
137
57
165
174
199
36
123
81
81
156
58
139
160
87
146
84
130
55
166
21
38
11
66
33
52
155
109
123
28
45
194
46
71
6
164
125
155
157
167
54
128
2
108
23
33
118
29
94
116
127
139
66
153
63
72
84
51
80
43
134
177
71
157
62
120
129
84
3
199
140
156
24
95
88
197
70
131
186
186
117
72
172
192
28
5
94
190
207
23
206
194
186
159
5
112
92
170
108
109
85
180
25
109
43
170
158
147
82
175
119
116
11
17
204
8
73
199
183
203
186
27
152
121
87
63
102
167
72
86
78
82
159
13
175
11
65
183
181
153
97
25
66
108
107
39
126
128
196
114
87
53
80
177
201
107
107
10
113
58
149
128
82
39
10
189
46
71
17
172
8
203
8
116
77
209
149
175
96
129
201
73
106
63
134
52
203
63
150
182
27
25
118
90
9
113
18
109
56
17
179
113
50
158
61
108
13
136
79
90
202
107
20
33
13
180
183
32
110
23
28
68
191
131
175
201
168
188
119
112
123
182
128
9
182
106
121
105
44
161
24
121
15
145
199
95
159
104
63
206
70
183
47
108
118
82
123
77
75
30
46
168
95
172
46
39
194
196
116
167
185
81
54
186
119
71
181
40
85
159
144
174
86
161
121
181
7
133
160
103
29
91
29
83
44
140
73
186
152
65
81
185
107
153
31
179
179
138
12
68
187
11
138
46
21
94
18
104
5
84
110
88
25
54
173
164
161
64
119
143
190
50
191
120
198
116
101
89
36
196
118
5
151
50
54
132
103
165
183
106
186
73
171
201
78
201
41
65
58
109
196
128
144
135
88
35
31
103
81
176
27
82
190
125
175
142
101
28
188
83
134
208
40
63
26
12
163
198
165
155
206
152
31
101
66
35
17
90
79
102
178
119
44
109
142
118
54
6
84
62
39
117
185
193
161
22
196
3
123
82
41
10
98
56
172
164
6
10
12
56
151
105
130
75
116
50
31
61
193
199
41
107
72
92
118
117
153
17
179
51
191
75
141
45
178
49
120
18
28
123
177
205
0
13
33
126
165
99
60
124
154
205
134
7
2
150
145
169
179
77
121
203
6
44
182
190
199
103
88
128
161
12
169
199
74
92
155
165
189
57
139
15
113
85
11
1
207
23
81
176
68
127
204
104
203
60
111
185
169
181
116
55
151
51
12
57
208
177
184
0
204
201
54
59
85
82
143
37
180
54
87
171
122
20
60
119
127
176
113
82
208
75
23
114
39
167
112
143
113
116
161
192
52
70
26
137
122
84
72
16
181
120
29
99
157
30
122
167
92
169
64
177
59
52
74
185
24
204
84
118
175
184
79
70
122
69
112
163
75
55
192
139
194
191
44
66
141
110
11
109
89
192
28
201
156
144
93
11
45
169
175
38
162
88
107
40
114
197
178
53
207
29
121
96
186
27
130
201
128
140
19
80
46
85
132
16
143
99
160
52
130
115
205
73
81
160
148
6
70
188
96
85
178
189
106
19
193
14
177
35
19
92
138
194
116
3
171
9
190
113
70
130
69
118
73
195
53
133
47
44
175
176
85
201
64
156
52
49
184
182
69
169
151
147
179
56
172
33
157
156
152
160
151
34
177
141
85
137
17
130
46
91
209
151
83
146
161
12
117
52
201
118
162
115
120
21
27
40
7
198
97
113
105
149
109
143
59
159
161
26
71
5
114
99
152
47
151
77
126
65
20
113
45
153
93
140
182
205
126
5
121
0
96
138
181
0
198
188
24
85
114
152
155
112
5
10
114
46
153
60
184
106
108
131
203
91
12
128
111
169
106
191
157
63
108
66
84
0
51
79
76
133
124
195
75
131
26
186
95
53
202
148
87
137
129
178
128
124
63
15
160
206
47
76
51
186
111
16
130
147
90
78
156
121
9
65
66
85
69
112
95
122
69
33
144
68
17
142
56
180
10
58
177
161
73
149
90
35
68
14
102
102
105
47
181
99
81
100
182
132
137
159
201
201
176
48
74
6
72
81
14
10
78
145
68
96
120
167
137
96
160
72
99
101
132
26
113
206
198
23
202
33
132
50
100
122
105
10
203
84
25
162
6
192
204
90
19
53
77
172
143
195
138
110
174
165
71
98
125
148
42
71
59
12
90
21
38
104
193
85
103
10
86
84
111
19
134
76
27
74
146
110
97
200
200
75
139
167
183
108
29
157
56
178
139
60
192
115
149
193
185
195
29
79
106
120
148
160
52
103
14
192
118
2
197
87
170
46
76
96
47
175
103
60
60
34
109
25
149
2
27
193
205
201
123
166
182
0
111
157
45
164
88
30
28
37
131
153
189
183
92
88
115
169
138
38
135
90
29
10
6
90
92
139
88
176
139
40
53
55
136
156
88
90
129
50
182
163
67
88
83
5
77
151
155
171
91
112
7
205
157
117
64
198
133
119
18
126
88
79
12
7
136
84
79
75
130
123
75
80
50
185
48
81
143
128
201
155
188
137
129
140
146
43
51
3
128
139
186
86
48
46
137
35
154
179
76
144
93
100
30
1
198
117
48
58
193
46
53
6
26
5
100
36
37
124
5
91
137
172
175
17
81
178
47
52
194
125
170
35
56
141
128
75
2
51
59
201
192
204
127
139
96
168
171
125
130
149
71
105
206
88
199
146
91
104
110
96
1
157
182
152
4
51
70
168
36
123
118
170
20
104
86
78
184
95
169
79
159
182
165
160
39
152
28
193
166
69
93
152
1
66
82
113
126
107
91
208
83
188
197
54
114
48
95
208
70
47
87
190
73
82
68
26
74
86
159
88
159
204
179
105
7
167
167
107
167
113
91
146
209
21
97
111
141
177
140
62
71
80
155
172
204
25
70
179
136
183
103
174
172
39
81
40
5
150
82
166
47
0
202
119
36
143
187
183
163
162
131
132
60
197
158
3
182
157
207
14
6
13
201
47
26
76
205
194
43
156
168
149
124
94
207
76
185
111
145
179
123
175
19
33
191
60
180
127
181
59
186
92
121
19
163
2
2
186
135
135
51
119
33
157
13
38
56
144
62
146
83
198
81
85
133
95
72
157
4
156
97
52
187
187
60
154
146
99
75
37
185
151
69
171
182
189
108
135
103
2
127
111
73
111
34
15
8
127
158
129
135
101
151
126
46
150
44
88
116
189
99
27
86
44
163
131
197
153
140
55
81
20
125
204
2
21
177
188
98
196
52
111
125
192
13
116
152
42
180
183
127
74
181
57
101
15
150
161
70
142
160
112
109
110
45
144
179
86
123
23
82
147
24
163
39
109
88
166
152
150
13
35
103
138
26
43
95
4
138
67
171
132
196
125
133
37
29
65
35
173
63
58
152
152
49
2
99
38
206
52
3
54
155
104
30
87
203
80
134
201
63
22
29
29
9
150
32
182
172
51
132
185
64
20
174
6
27
71
160
28
199
41
109
14
19
112
188
105
207
207
124
121
189
147
52
95
137
99
103
40
145
178
26
78
61
29
154
179
19
50
172
102
36
168
195
66
204
92
146
173
157
103
128
53
171
57
177
171
128
132
32
0
57
159
66
166
0
129
86
12
57
175
171
100
137
56
153
141
114
207
142
74
123
62
146
181
21
105
180
144
176
190
88
108
196
103
120
145
72
150
25
136
4
155
38
150
44
45
205
153
161
180
112
46
146
169
171
88
191
1
99
48
179
200
38
26
166
180
203
187
171
121
97
18
25
134
30
157
135
44
48
83
25
53
129
182
179
122
150
41
110
147
129
180
131
188
63
196
31
189
165
18
208
168
190
13
8
6
16
179
31
176
166
109
107
194
92
31
169
66
203
26
48
151
112
165
25
8
86
178
196
115
158
96
46
59
130
107
172
179
187
113
167
52
108
120
65
173
91
19
17
41
20
94
74
36
168
157
208
53
203
41
199
98
121
144
169
139
122
28
115
91
39
66
140
91
196
14
75
84
102
114
107
28
45
69
112
201
129
191
21
182
49
146
119
134
163
153
153
134
43
196
64
30
77
125
194
170
139
94
173
186
143
167
7
178
11
66
101
111
25
98
204
114
201
187
65
27
64
165
7
163
189
31
33
11
109
46
46
8
174
13
190
22
22
129
25
90
72
106
61
102
2
68
20
186
133
107
158
35
181
191
117
41
39
95
22
130
153
57
190
146
129
117
182
201
64
166
53
117
6
42
65
124
199
172
44
71
42
52
114
119
119
168
41
135
44
153
150
192
164
178
148
35
11
165
152
40
204
161
57
199
156
67
5
177
161
6
72
181
190
116
38
78
66
172
20
207
119
179
140
119
20
34
131
176
185
136
134
67
144
160
7
18
149
133
162
153
112
109
148
204
0
16
94
127
163
54
102
123
137
45
133
164
120
54
119
105
182
4
114
72
187
193
126
193
102
130
195
117
129
121
16
180
187
183
71
151
131
153
51
77
41
2
25
174
89
208
129
39
57
151
165
161
161
157
39
113
111
140
151
168
203
192
89
183
85
197
203
192
163
192
83
143
101
153
131
195
87
93
173
204
142
53
101
167
170
105
183
157
110
142
194
120
144
149
107
131
12
101
130
87
124
11
108
26
39
110
28
200
133
3
207
142
36
25
98
12
44
26
113
192
101
61
169
51
100
3
102
150
111
150
120
7
83
143
144
109
46
58
25
138
56
97
61
139
82
191
40
147
5
97
22
119
111
177
113
171
198
107
21
67
166
107
30
33
19
194
68
88
110
115
62
120
16
90
156
127
102
38
74
170
196
176
84
112
146
33
59
158
92
102
107
188
33
185
190
68
111
111
68
109
140
146
61
101
142
145
140
58
101
71
90
93
98
124
9
59
134
76
63
196
99
209
86
116
116
190
61
184
188
203
41
139
152
179
41
173
70
152
56
44
141
76
113
156
155
0
170
114
127
56
94
16
204
53
32
121
122
83
185
129
44
154
142
78
100
85
24
154
207
92
99
198
36
199
34
189
125
161
140
124
92
43
198
143
11
13
203
107
69
126
79
170
55
158
177
67
123
171
36
123
135
3
44
24
168
190
163
130
108
173
136
166
90
203
51
168
164
129
23
40
198
21
62
54
185
15
65
3
188
169
201
161
33
199
142
113
135
55
76
139
143
172
104
126
203
178
76
91
86
14
205
13
61
59
175
95
159
147
161
122
131
81
45
171
21
170
17
141
3
107
20
130
169
93
69
129
32
53
156
76
55
184
196
99
53
19
96
181
138
27
198
197
79
194
147
74
127
71
61
176
100
122
122
161
98
196
2
175
159
110
15
116
124
123
115
23
35
62
167
61
127
89
103
83
187
27
153
126
89
179
161
76
36
111
111
206
38
155
26
12
115
132
201
93
77
149
50
189
141
164
209
180
15
28
5
174
202
64
49
22
163
150
46
201
115
51
196
85
120
54
46
116
142
27
209
36
172
13
52
15
59
133
34
169
151
6
43
96
130
64
155
39
174
52
155
116
90
68
49
39
90
121
104
33
177
63
88
36
168
21
18
189
68
35
166
19
181
184
124
53
54
47
187
1
98
100
110
57
23
118
176
141
153
134
16
158
162
173
176
122
61
122
33
107
78
132
207
73
98
137
29
124
201
156
197
11
94
83
193
183
34
207
201
172
46
206
194
187
166
38
18
99
124
89
191
120
107
149
44
27
131
169
112
146
179
54
68
87
77
139
153
147
74
33
17
189
112
0
30
92
117
64
63
79
113
157
122
154
46
29
28
131
190
138
180
78
146
158
201
177
55
148
65
55
25
72
28
19
197
157
150
69
79
162
73
189
207
67
38
35
49
24
188
40
77
30
161
180
200
110
89
133
89
176
196
175
68
115
17
141
1
19
145
7
73
192
11
0
57
194
49
175
73
192
40
207
10
43
134
134
48
192
28
111
14
85
168
203
47
80
124
160
79
2
4
0
66
15
140
97
196
87
123
97
178
1
177
114
89
100
182
110
116
57
18
78
129
122
4
207
67
102
203
116
173
206
115
178
9
150
163
37
196
71
82
165
82
171
157
143
59
138
37
43
88
195
42
209
111
124
105
72
158
64
124
78
137
209
161
12
188
163
199
184
25
87
65
38
7
155
111
15
101
24
152
125
39
15
63
56
170
104
93
209
31
64
29
54
51
173
105
192
185
33
187
193
37
171
4
127
173
134
205
161
21
12
45
159
57
21
92
199
93
160
107
172
43
127
122
37
64
208
99
167
130
191
75
97
160
156
186
3
140
67
63
33
157
129
49
7
0
85
37
180
176
118
35
59
97
110
37
132
130
7
70
99
205
190
65
134
22
178
2
71
177
161
141
22
48
4
108
93
179
166
195
148
192
55
51
187
86
178
18
101
120
198
113
14
100
35
124
81
73
171
123
141
41
88
114
23
52
203
157
106
188
25
186
49
158
44
160
119
79
91
191
140
59
134
52
20
58
119
90
3
98
10
121
125
98
117
169
185
181
144
116
12
6
139
11
7
21
150
3
70
0
54
175
202
114
84
120
75
169
0
100
179
205
152
194
114
95
169
179
171
12
196
5
121
52
205
171
17
36
119
49
96
81
9
192
15
54
25
38
32
72
113
125
144
178
138
62
30
95
18
95
110
75
71
123
113
160
175
29
21
120
9
203
129
82
92
59
193
202
71
31
36
177
9
205
181
96
115
148
183
186
89
61
209
107
43
116
35
83
171
130
6
124
82
48
164
56
73
100
85
137
4
179
121
15
165
80
71
192
2
15
22
189
148
168
95
178
146
142
149
143
8
136
134
133
204
29
101
199
26
112
140
157
15
87
138
137
192
175
62
19
141
5
126
88
157
162
25
33
5
84
121
113
201
167
119
181
153
169
156
37
24
25
34
12
100
52
52
167
150
10
69
83
8
90
128
24
49
174
32
5
10
126
130
159
35
108
78
55
141
12
111
25
23
83
72
92
108
173
119
175
167
159
192
147
124
105
21
80
165
105
140
134
142
30
24
172
53
173
17
6
66
185
97
69
166
166
72
35
103
142
205
79
126
94
55
181
46
6
19
93
137
171
41
40
72
29
130
150
4
185
83
16
73
97
158
157
100
139
48
177
107
9
191
134
44
85
37
19
87
182
19
92
26
14
18
140
105
170
194
25
24
139
60
93
107
25
172
51
22
72
59
63
91
95
67
76
119
83
199
107
81
83
117
1
100
88
153
28
162
171
180
27
25
177
69
193
197
186
160
33
53
188
202
102
75
113
126
53
46
30
26
19
5
166
48
75
200
24
25
64
54
135
145
52
90
105
192
125
21
172
46
61
198
21
161
144
149
147
181
167
177
190
163
165
117
113
173
159
139
190
108
44
92
144
31
31
152
155
68
195
57
18
30
38
67
60
109
92
27
170
108
86
197
44
28
84
43
193
163
165
70
86
136
94
99
138
47
7
109
150
200
45
42
105
74
132
61
127
146
2
129
155
202
103
204
42
91
14
154
206
155
117
157
33
76
94
102
102
201
39
153
202
45
84
110
139
46
52
94
116
62
197
1
91
23
148
116
93
186
22
12
209
54
85
128
122
3
139
42
194
52
56
190
50
204
69
41
149
145
152
115
50
200
61
41
27
192
94
113
203
188
190
22
6
14
174
112
187
107
4
68
111
133
146
8
2
105
188
209
29
79
39
111
68
147
35
66
186
97
34
200
91
99
122
48
88
159
6
97
195
55
207
19
176
106
162
16
163
44
87
53
72
76
27
89
105
58
182
94
167
198
189
10
168
56
130
120
187
129
119
20
132
98
15
155
50
151
77
80
162
1
168
200
8
28
91
43
30
46
177
77
4
95
93
41
193
15
4
104
132
58
74
78
116
203
93
85
73
57
180
209
188
181
14
208
97
62
50
84
48
79
154
19
178
25
128
50
183
184
91
100
74
110
195
164
112
37
19
186
194
128
85
105
67
17
125
109
206
62
113
185
6
186
206
112
184
201
71
58
135
61
206
66
181
121
165
105
168
186
131
104
162
148
178
92
131
19
50
112
77
160
97
209
32
1
73
206
173
201
23
114
139
54
199
121
61
11
135
184
141
100
100
23
103
136
191
87
5
82
107
184
23
160
99
11
4
9
184
141
58
55
93
106
33
153
77
98
195
29
207
183
186
192
98
15
27
124
42
124
153
155
151
159
203
135
43
182
54
173
119
121
32
22
121
147
73
36
82
31
72
9
125
62
11
83
115
120
62
139
37
123
164
37
26
23
48
57
6
177
21
122
81
14
133
68
117
46
99
142
204
181
88
37
25
98
60
87
66
94
92
194
133
83
54
96
192
78
87
159
136
37
196
60
116
65
2
100
94
112
161
114
187
192
138
154
139
5
199
132
13
69
50
58
116
94
12
122
68
4
188
64
102
15
173
147
184
185
97
151
144
92
112
116
177
58
44
28
50
168
43
76
48
138
86
148
178
64
166
51
40
113
91
134
38
47
80
195
155
5
17
107
71
8
45
8
26
150
163
191
171
76
4
169
159
202
65
21
179
27
63
179
112
107
113
110
72
175
72
93
44
129
21
27
198
72
176
103
131
138
146
138
192
177
110
145
77
95
100
5
122
79
19
97
189
52
17
3
47
32
106
151
171
175
7
154
9
21
47
82
52
113
160
61
116
71
123
143
47
12
4
22
4
91
111
194
8
75
56
52
183
53
25
131
108
157
18
157
55
205
100
85
113
154
190
42
105
178
121
131
159
176
62
199
107
106
25
54
188
96
181
137
72
162
16
56
87
10
78
201
65
192
98
4
46
115
197
207
112
13
7
71
162
87
85
43
47
74
45
9
156
102
104
126
193
114
57
69
11
160
87
78
116
183
189
149
193
145
177
67
18
108
49
97
8
54
113
113
39
170
162
120
85
61
125
11
119
119
168
45
22
171
125
88
68
105
86
178
113
187
177
135
178
130
201
107
9
129
110
55
110
114
200
143
128
20
67
181
149
90
2
4
24
153
90
182
146
192
188
38
3
119
92
37
188
5
128
102
114
108
138
151
105
93
163
0
34
49
72
115
133
155
207
45
122
60
32
209
196
35
16
144
183
90
48
191
179
76
152
146
181
81
84
42
194
169
150
205
98
152
148
77
41
67
180
135
181
124
46
199
89
20
134
189
175
161
80
43
61
157
48
169
122
114
177
106
49
3
166
12
149
90
153
36
179
191
25
160
44
49
15
40
168
63
195
88
122
125
153
63
165
202
30
132
77
180
191
83
102
93
152
202
186
84
127
129
13
174
46
67
85
156
160
32
10
192
162
191
118
172
94
149
198
33
6
202
121
172
115
129
109
98
58
92
5
194
203
157
86
81
194
18
150
139
48
34
191
165
134
91
3
71
44
189
110
142
50
84
167
135
173
62
142
199
9
141
149
27
106
65
129
21
155
63
8
79
133
79
179
67
158
122
157
124
182
129
17
17
53
185
78
155
90
108
18
53
134
14
55
79
184
115
23
103
3
100
73
92
71
151
79
47
98
23
173
134
176
60
35
145
156
106
144
61
109
109
86
31
91
120
169
168
178
81
198
207
181
153
77
125
4
158
106
50
175
52
78
172
208
9
79
148
43
44
132
65
47
124
11
10
78
138
36
7
8
40
3
128
81
142
2
75
157
195
203
62
70
22
145
145
58
97
162
3
37
106
65
151
151
78
186
170
30
9
169
12
193
120
93
21
203
93
72
48
133
41
48
79
178
168
62
86
47
98
69
157
104
146
10
154
82
166
147
20
144
115
95
140
132
115
171
22
188
19
25
60
41
174
191
74
129
82
198
63
173
53
90
48
0
95
131
100
35
4
195
8
40
67
21
32
34
205
157
151
75
203
175
177
137
41
132
3
138
75
93
95
116
132
53
36
90
176
190
163
204
69
92
123
165
163
174
197
145
184
161
71
144
117
29
183
134
94
36
64
159
12
124
113
165
146
172
165
93
3
38
58
89
9
9
78
7
32
207
147
66
18
181
152
148
38
33
105
195
8
96
43
6
48
17
107
132
46
149
26
26
57
64
29
86
121
61
108
152
184
54
161
3
198
117
117
104
58
181
101
38
86
173
196
207
180
176
152
54
63
145
40
185
163
82
203
93
68
48
8
203
152
199
56
165
89
118
120
194
89
180
187
157
38
206
5
5
180
186
23
202
111
81
22
13
102
120
89
143
126
73
13
135
112
80
145
120
46
69
141
104
162
21
60
99
162
20
147
119
202
151
161
152
79
40
40
172
109
69
65
95
56
127
94
7
21
38
152
122
135
47
181
111
208
93
151
25
184
110
154
14
36
149
195
25
146
73
111
116
133
32
16
42
30
175
26
183
187
127
32
162
4
71
41
77
112
33
25
87
73
36
189
116
41
17
118
206
164
87
39
17
25
70
91
23
171
0
201
105
68
203
71
181
143
124
63
155
19
110
36
103
84
6
186
128
142
124
124
11
99
198
73
199
1
63
105
149
55
96
58
2
207
155
177
152
111
45
69
13
12
203
25
22
111
78
75
196
160
126
124
166
83
9
182
162
110
77
175
168
32
66
196
192
30
96
66
195
136
55
145
88
30
162
137
179
69
113
146
103
132
80
173
152
204
144
161
81
134
208
118
99
154
8
130
64
163
10
64
204
22
147
188
69
81
201
38
197
80
32
200
206
196
45
51
152
59
206
170
18
160
142
39
134
195
65
198
174
68
194
151
135
120
14
190
139
132
23
100
63
16
115
91
64
108
126
104
54
70
72
199
105
166
49
180
159
23
63
176
110
134
103
30
142
158
182
18
164
31
186
1
108
146
53
103
32
107
62
7
99
181
92
182
30
53
10
99
52
115
181
4
124
23
62
125
166
46
25
159
4
57
85
207
138
17
108
19
6
86
5
10
160
182
103
22
9
128
208
186
103
44
27
118
121
184
115
111
141
90
154
53
76
160
182
2
10
109
119
186
99
17
147
96
181
8
58
60
204
163
103
135
54
154
170
199
86
92
61
53
2
36
69
149
33
182
72
105
98
189
65
49
168
82
121
67
144
106
193
141
130
26
62
180
54
97
107
61
12
2
75
31
106
175
102
180
77
89
182
30
121
55
7
139
77
60
91
36
23
7
80
121
19
155
58
113
108
160
166
142
185
141
84
187
144
30
88
145
125
59
134
131
184
137
119
160
138
166
123
53
135
158
10
161
43
180
116
28
203
56
128
115
202
188
197
128
158
31
14
20
17
105
75
83
197
148
72
105
104
123
70
121
98
80
151
74
111
198
7
69
101
22
144
138
5
142
68
98
147
77
117
205
56
160
128
82
122
133
81
195
25
67
197
52
118
88
187
93
142
89
61
127
99
184
150
58
209
79
119
180
81
47
183
46
123
168
39
200
38
82
48
5
88
56
162
123
152
80
205
29
45
23
194
103
204
199
139
116
207
105
21
137
94
141
52
186
182
160
101
79
160
108
187
70
199
37
159
42
200
26
99
174
0
62
127
73
25
49
117
20
34
66
54
72
104
72
143
15
8
85
168
43
23
105
163
163
157
181
197
20
127
194
35
111
38
54
192
21
205
19
63
9
12
151
184
11
135
75
203
132
83
153
154
166
67
52
176
140
125
183
138
109
139
42
128
189
150
104
190
114
135
78
124
71
6
167
202
145
123
94
80
93
55
66
150
112
151
202
5
26
170
134
206
179
40
23
14
134
36
6
11
106
33
87
1
89
49
111
28
137
144
48
60
15
161
113
64
64
116
173
110
22
101
25
135
147
203
61
169
203
73
132
49
190
130
84
49
93
12
101
26
175
111
18
205
158
159
119
202
189
129
64
13
153
191
112
40
129
139
130
138
123
22
20
202
113
37
110
199
29
115
151
92
136
169
29
127
115
157
200
195
187
199
152
182
91
137
100
189
199
91
46
88
185
150
68
80
47
84
104
132
152
66
5
202
31
195
196
45
83
206
99
117
66
103
75
178
93
91
139
92
186
95
121
109
61
102
6
102
39
144
202
112
40
131
71
179
69
1
65
111
158
18
73
20
81
67
123
176
47
102
164
207
49
153
183
83
54
89
122
21
73
64
26
101
77
116
171
161
54
94
118
34
184
155
9
5
152
21
116
166
67
118
151
106
44
142
206
81
208
61
140
195
131
52
45
18
29
156
183
184
126
70
197
203
62
154
26
52
172
162
3
135
179
77
205
189
168
32
99
138
62
65
152
15
19
127
34
119
68
142
28
98
135
54
172
95
114
54
105
20
152
110
138
140
63
78
17
107
25
0
208
31
17
101
66
33
193
196
135
12
10
192
86
191
108
203
25
151
27
102
170
28
28
53
157
102
57
194
48
131
59
111
68
199
47
85
63
175
169
154
184
7
79
182
97
166
41
179
155
16
198
197
147
178
176
22
35
37
157
150
139
19
20
153
62
101
143
165
100
115
95
182
121
132
150
26
19
106
113
86
31
179
83
38
13
189
135
55
120
145
39
187
152
101
158
168
195
138
196
126
110
65
35
70
120
19
185
102
141
31
191
20
200
188
175
88
107
165
112
187
146
169
16
144
40
53
68
143
126
140
6
125
40
67
52
1
169
45
89
118
100
2
15
181
77
159
29
38
34
184
158
137
88
123
107
61
141
45
17
123
31
65
189
201
182
140
169
127
41
86
150
81
82
141
161
142
79
140
134
23
8
40
81
202
164
80
112
44
57
139
164
23
171
8
75
94
139
32
125
130
92
174
183
123
164
139
197
30
84
16
4
142
129
4
174
167
35
61
