1403
244
238
4494
2708
1180
315
2360
2917
271
3425
1569
1413
4318
3779
3549
3453
1042
2995
581
663
1509
2700
4026
1857
2743
3223
3961
2266
416
2441
333
2785
4048
1410
1437
1074
2909
1936
4610
3152
2837
4231
4528
3280
3376
3411
4429
4925
2334
3738
2138
333
1254
3454
168
4534
1594
4370
1395
435
3991
3366
2886
3289
3291
702
2228
4487
4877
996
4603
2114
3273
121
3646
673
1664
1534
3953
4126
2905
2799
3466
3260
1943
658
3733
1053
4567
1673
1504
176
3694
2623
3856
280
672
1770
3842
4936
2725
1630
2744
2967
1628
3646
4603
4718
2473
3067
4484
1200
201
1878
2641
3032
1239
3398
709
4417
4131
2255
1775
2402
171
372
4173
2145
4152
4915
1993
2938
4738
209
4883
1728
1306
3883
1186
4330
3429
4811
4568
4926
3528
581
1486
3222
665
2842
2351
4615
1172
2567
4459
1470
3594
748
903
2662
2350
4783
718
1406
3938
150
1904
3263
1978
4489
2899
537
1422
630
622
514
2388
3082
3058
981
296
1160
60
3522
1841
2043
2791
349
828
895
3788
4331
3273
1510
4641
422
527
2024
4274
1882
4476
2378
3877
643
4546
81
697
3575
4795
4546
3589
834
4016
1787
2049
2087
3139
2389
4332
1197
693
4661
560
3293
2620
2376
2021
4705
451
2164
2643
4881
3118
1777
1672
777
4884
4547
89
3329
1264
2024
889
4080
3930
19
3978
2294
3894
3004
3861
820
345
3092
845
4666
2487
1394
2028
3362
158
3229
549
3141
2800
2963
1772
3041
3565
1121
645
2628
2640
3341
1615
2728
4231
1347
1930
4440
3853
689
4432
2312
4480
3269
2986
4923
1417
1876
650
218
809
4857
3498
484
3759
1908
1458
306
4452
3539
1471
2003
1547
118
2413
3644
4387
417
204
1601
879
4289
2305
888
247
3944
1418
4324
1897
3984
2555
1467
1158
647
265
1802
284
3850
3409
1037
4603
765
4786
935
57
2110
512
3457
2898
596
4464
3825
1800
4131
2564
4012
4757
1670
3670
4540
2482
2723
343
3650
611
1562
4567
1248
1340
3029
1721
2830
3269
1370
2505
389
1399
2592
2482
572
810
4770
3468
4429
136
1184
4555
39
2928
3557
4622
47
1693
3122
3536
3076
1962
4166
3844
250
256
2853
890
2507
3076
3488
1254
4844
3037
1878
3956
3932
4908
39
1224
4880
4560
1254
1266
1028
2895
2293
306
738
2164
2847
3758
500
4627
3485
3049
4871
33
1438
4296
2351
684
3423
2136
193
4824
3828
2827
216
2192
3970
3659
3564
3859
2630
4207
2250
3749
2738
1355
2274
4260
2027
1601
1443
3128
4349
2161
4686
3397
4128
2844
103
521
3373
3919
4715
4223
1409
487
4974
1533
1605
1893
3696
1273
1759
2322
4645
4592
2023
3984
4063
3910
4865
1557
4502
3872
3487
3022
22
4919
614
4435
210
490
2042
145
384
476
1002
3780
3313
3546
1032
1564
4623
375
3984
2473
3789
4709
2288
2205
2967
286
4715
1095
2268
3497
3116
4604
826
456
526
4692
3752
70
22
674
4996
2263
4802
2829
2797
688
4172
2512
1899
3802
4195
4111
535
859
3446
700
1577
1057
4814
3328
4753
4664
529
3141
3181
1753
2347
652
2971
2452
1839
1324
817
59
1296
2998
2830
1845
3761
1478
185
483
3123
4682
542
1603
809
1253
3665
4970
3186
65
804
1824
3598
4050
2352
4380
4791
3406
2393
2038
1145
1178
585
1518
2643
234
1293
1018
4661
399
4907
203
1318
3678
86
3547
1599
2643
461
4591
139
21
2942
2968
3261
698
2813
2395
70
1946
3743
1386
4157
4407
3629
3232
2956
1614
1249
3167
1892
3864
3296
1591
1017
4567
277
3020
4879
985
3595
2796
4568
3414
4676
1525
181
876
4170
1708
3432
4228
1441
774
2016
4740
4955
2795
4771
3532
4726
4726
2924
4813
1219
4283
4921
2813
2878
1199
1900
4771
667
2983
4554
2133
2309
705
1594
1016
451
3865
3548
4897
4644
3050
4020
3232
1724
1486
2576
142
2229
3219
781
4454
35
2167
4760
1005
2296
3864
2482
3750
4273
2413
487
4152
2906
2201
106
4338
3375
108
2353
1546
1557
579
1297
1541
1677
2430
3503
155
2940
1615
4174
2338
4008
3155
1665
4035
3576
3798
4663
1579
2695
1258
517
2674
151
1665
18
3135
1851
337
3885
4193
3164
4655
3841
2746
2852
4887
570
1407
4514
494
786
2051
2336
4329
1159
1082
4321
493
3895
4420
3657
394
2803
1684
4743
3963
4386
1395
2512
4666
1836
2902
3463
113
4723
4403
771
3192
4396
3474
3447
2501
2343
4885
2547
4364
2071
3720
4900
2721
4460
4805
2542
921
3541
3922
3723
660
1634
2065
1941
417
4404
3470
1028
1814
2239
4918
868
4965
3192
1332
3103
965
1167
2138
4811
2441
4568
2710
660
2334
4890
1736
3120
4090
3308
1876
2273
3522
3294
4216
2292
4277
29
3286
3764
4704
1292
3205
1639
760
4346
601
2402
2437
916
21
4209
95
3110
4982
2885
564
702
4045
1766
4852
3400
4056
1490
3123
3461
1168
1870
3955
598
1630
1955
1830
4164
3511
3012
4346
331
3354
868
4795
1897
1153
1785
4609
860
2735
1018
1913
4645
3358
3008
2840
1677
1247
1635
4726
3689
4636
4208
4645
4930
1852
2712
256
1610
3050
1781
4506
965
2616
3213
228
769
3622
986
1308
313
362
448
1907
4410
2405
4313
1465
1240
4461
4921
771
1561
4581
1862
798
4068
460
4252
3904
3931
3987
2627
1166
4019
1585
849
1870
2620
604
3740
4728
2465
2916
719
2392
2828
4582
4295
1647
3187
1074
3907
3335
668
3181
804
269
4272
3321
294
1100
4570
2101
210
3768
4042
900
3462
125
1524
4093
2396
516
4469
2807
139
3354
810
2397
3510
1246
1270
1781
980
1606
3967
931
4530
2698
1906
1076
2673
1893
669
210
3883
1978
3816
2547
2474
376
3557
3372
3218
627
595
116
1073
2417
4435
882
2103
2805
1497
335
3898
1884
3987
2291
3160
1081
2209
178
4292
2562
3858
3910
4007
3507
506
2452
1181
4964
1293
2301
959
3807
2287
4962
312
4721
361
35
204
404
1129
120
2409
1600
2092
1423
4826
4264
3294
4739
1356
536
4455
3814
2449
1490
2192
2452
4434
4354
3183
914
3589
997
4259
2907
3342
1205
300
4825
110
1289
4265
718
4642
2115
1391
3601
385
673
4860
1411
4009
864
3132
1766
4876
4803
3292
49
1973
4198
1814
2438
957
3392
3783
553
4032
4954
1485
3510
4254
4750
4228
1660
3240
1420
1869
1555
1680
2237
2847
2066
3696
1901
354
1534
2826
4281
3182
2979
1143
861
1028
4596
1899
3437
2865
3621
883
4782
4018
3946
135
4801
3670
3015
3035
1981
2367
692
4759
1785
4813
2552
3336
63
1032
3084
871
2406
875
1426
1566
3068
2305
294
112
4760
2834
2012
896
2265
4227
2128
4423
3326
3869
1393
1055
3365
1986
4831
3312
260
3882
3558
785
4471
3833
454
3721
3889
1564
4977
1089
1518
3156
2128
2532
950
2637
4979
4731
530
2000
1383
144
2720
1959
774
792
743
351
2745
3568
4697
4531
3340
2306
4645
2432
4358
2452
3213
4495
4534
4075
853
2539
2816
208
1241
1617
2491
188
555
436
3250
4828
2734
2099
1494
2051
3912
2378
2575
1151
3907
4322
2662
745
2761
394
2256
3061
4444
3484
3912
1083
992
2137
4371
904
1638
4253
3557
852
4508
601
1801
981
227
91
3894
2009
870
3923
2003
697
2337
3157
1207
4598
4554
404
2759
3457
3485
2753
1766
4366
4953
414
3608
1984
2147
2487
1455
1631
1275
1894
3690
2860
4275
779
1138
1102
643
1358
788
115
4015
231
2343
754
1251
2964
570
2383
4453
3463
623
1899
3450
2376
4314
4065
333
1199
4039
4489
2258
3867
2230
4215
122
3447
475
4237
46
4108
1999
1060
4905
2468
4100
2160
3563
776
2064
2291
92
3111
754
4659
3588
3242
2210
4075
4681
4804
3331
127
1826
3428
4608
3915
3325
1276
1743
1443
572
4861
804
3957
1971
2564
623
3656
1
743
3285
3086
4941
137
334
784
4380
1378
3650
4192
1205
4618
152
1416
3336
2174
4260
3377
664
3857
2094
1425
4675
3339
1268
1605
1748
2869
2083
1161
2843
749
4281
3524
20
4336
4432
3062
1256
4036
3916
1402
2047
3397
368
3658
2986
4687
901
2758
3071
4766
2773
3862
2536
3923
1903
343
401
15
4029
3292
3460
2454
837
1189
4498
1562
1399
3842
146
984
3382
3176
3291
1248
1209
285
4697
3324
4525
4852
125
3478
4993
464
4504
2265
4783
4598
699
4601
2300
2905
1872
10
2100
330
4177
3126
3913
4174
2402
3758
3331
4809
1098
1709
383
1619
328
259
2042
1071
3725
3958
1028
805
4111
3920
1778
3388
969
1381
583
35
97
3722
1986
890
2926
1648
3520
3323
4948
3224
10
2458
3384
4914
2154
2456
2502
541
4640
373
2643
3734
4301
3604
117
4952
826
2707
1915
2082
1241
4181
413
535
376
1008
589
4762
1086
2554
4651
3132
1216
3621
3095
3185
4850
2581
2592
1376
2647
4781
1214
3936
1241
1771
3401
997
4772
4456
4775
455
1024
4184
2319
2620
672
1204
1925
800
601
628
160
4761
3611
3296
3788
2140
92
762
3657
1407
3784
1604
2665
4834
2294
2648
4257
24
874
4965
4554
2173
2098
4267
3371
4544
3280
4240
339
1389
1752
3126
1700
613
4318
4383
956
1673
1810
4572
1000
2181
498
2231
1227
2636
3896
2310
247
1071
1484
3180
2679
2940
4392
253
1641
3763
244
4169
27
2583
2888
2180
2204
2138
4677
4968
371
1383
2253
4346
3967
2572
2032
2511
4700
1994
125
3987
3907
4905
1538
2219
4710
3947
4783
253
3674
3234
324
2807
3237
4132
3379
1172
2183
1360
1155
2903
4750
1255
2508
590
993
574
4520
3794
2804
2036
3120
4152
2462
1161
64
4903
4869
2019
761
973
3389
2417
3795
4864
2115
956
3836
2505
4274
1715
1604
112
2955
2955
1059
1295
4059
3793
228
3073
4746
3442
4758
828
4598
3871
2829
2863
4345
2246
1951
1874
3297
3609
4848
4997
2638
3718
2694
458
2180
1542
3990
4115
1071
1452
3684
3298
4119
4556
44
3922
2055
2187
1453
992
1727
2310
3929
1454
2898
2839
705
121
1913
4465
1420
3604
60
1739
3311
3568
937
3520
3803
4340
3118
4559
2423
585
1975
2647
2413
679
2078
889
145
3779
2090
4287
42
2531
3716
3103
89
4060
491
1177
1092
1265
2602
2503
4835
1995
122
1268
4937
117
260
372
1770
770
1815
4719
4161
2449
4009
3874
3800
4102
3361
187
993
4760
2694
2564
2954
4683
771
2872
1986
3050
559
4754
1064
4939
4839
3276
284
396
4278
326
1191
4920
4813
1345
1065
4084
3144
3496
2774
1547
2531
1797
1834
4462
3375
2632
2694
1
3483
3188
191
2101
1494
3879
2563
4566
974
706
4991
3162
2302
683
2282
5004
1922
3642
4600
3215
1566
311
4559
2209
4515
411
4894
3650
55
649
3575
2702
4010
3507
2629
1341
3190
821
4113
3424
3394
3391
2833
4964
2000
4324
4524
454
1260
1438
1903
4564
3287
3325
2059
850
4675
92
3191
594
3919
403
2597
1637
3293
3802
3513
3059
1447
2051
2326
283
2826
3832
3122
4362
5002
2964
2060
2229
1590
4753
969
4676
3515
390
3602
3334
2568
3647
79
1106
3429
1632
3608
3296
4005
4325
3753
3349
1490
3752
198
4068
4391
3591
2096
2628
2816
4661
3697
4605
3710
1626
1326
2228
2433
4707
46
1686
3205
4411
4133
2138
1171
1324
2108
722
2888
4908
1488
434
1600
2859
3202
275
382
3582
4687
1182
4437
1758
4540
3619
616
1009
2361
2833
542
164
1616
4815
1635
1241
2460
3987
1921
1625
1987
4130
1973
4896
3406
3985
4814
2610
3958
167
4158
3050
2709
4617
4018
1801
1640
4343
1202
2420
4622
1807
2001
1191
3454
3681
815
61
4676
3216
1821
1088
1977
2894
3157
1008
4151
2343
2865
1167
2894
1489
4801
2176
2809
296
1040
2450
3698
3814
3233
774
2969
1134
1770
1300
96
4412
2590
3830
3052
1476
2347
3114
3819
4703
1536
1516
1418
1823
1854
448
1162
485
3552
139
2910
135
1725
3901
1255
3565
1776
1078
339
4618
2325
4647
1055
3415
1443
4207
391
2672
2105
1792
840
2038
3765
3543
2171
3248
2762
4773
600
19
1852
1924
4806
4190
4383
97
2700
4836
3326
4330
3653
954
3408
1303
1114
2929
524
2729
3105
3567
4854
2101
1086
1794
670
4087
737
3190
2075
3766
3237
4403
3748
3100
337
1830
4557
1448
3891
963
4931
1219
2762
2439
1
780
334
927
2470
1558
356
2736
434
2044
4
1650
2359
3257
2300
3535
544
4375
3132
2509
4725
4464
2755
2391
4642
4256
2878
2530
1928
160
1245
3558
2256
3956
225
2796
1586
2549
493
949
551
3874
1894
114
3886
509
2279
2765
171
1254
1697
3569
3803
1479
4457
2685
2069
1292
1603
157
3155
2900
4870
2076
1268
2298
3450
4866
1929
4484
2081
999
3220
2793
4086
1902
1554
1763
2861
3846
3370
4491
4563
14
2092
3349
1475
3251
1632
3788
1077
848
3148
1509
3411
1915
4199
4579
3713
3544
2101
1854
4752
4626
2528
2680
3946
1140
108
2387
1284
1049
436
3086
4336
2504
1116
2504
115
1981
476
1361
370
4848
3394
2361
4616
15
3982
1547
2569
3254
4020
4645
702
1955
1173
2588
4172
2119
331
1267
823
334
2283
1297
1624
4573
976
1006
4082
1042
1402
4719
3789
720
4470
529
4546
4436
3876
614
1271
758
1670
3927
2650
1861
4320
4384
385
2176
320
1425
1519
3247
2341
2109
240
1216
3041
696
309
4854
473
628
2149
2959
2998
190
3955
1687
4501
264
2469
3684
4020
3585
3272
3320
3765
1898
2169
2117
642
2656
4663
3244
3761
1431
2972
1588
489
4290
679
426
4889
2431
2872
1903
2640
4414
4177
893
2837
4438
4201
3786
4268
3012
725
616
2867
3030
2709
507
3702
1565
3790
2993
2259
2456
341
40
2478
0
4488
1984
1349
123
3199
3527
4715
2448
4230
510
2268
703
1322
424
2804
1957
3253
1099
2391
1562
3211
4578
359
118
589
3441
4853
1436
831
737
413
1417
311
493
2681
4171
106
2014
2746
4473
3633
240
3784
151
393
3745
111
1885
4995
1655
1310
160
284
2245
2467
1943
4491
838
1821
2545
594
388
2267
4352
536
3049
3906
139
1736
3086
2360
3090
3843
104
3887
2538
4448
2213
4588
3743
884
4556
1057
4031
2856
2742
209
2641
4168
1344
3819
3472
79
3275
281
4236
3370
587
4087
3127
4925
2379
2273
1588
2059
3470
1866
4098
993
3858
1347
2424
1496
4085
4265
2254
546
4280
4950
1750
1069
3565
1548
2536
4471
4811
1697
2790
4129
3361
3537
2262
2013
2622
155
1366
4124
2604
255
4996
3439
464
2814
4275
3059
1654
3284
3076
2124
821
2318
759
2233
265
3947
390
1728
308
3484
3377
1209
1371
1191
1923
4216
511
2156
1078
2309
4253
2312
401
3785
3325
3158
578
4570
3215
1997
2377
717
4450
3879
145
1663
2123
331
3819
796
2973
1020
3497
3404
115
4464
2762
4662
2569
265
1937
2587
3344
4609
3043
1683
3278
1777
754
1006
3010
2887
881
3959
2869
4286
3454
3032
1093
4233
3144
3742
3577
1131
2334
277
2301
2699
3886
149
2166
4243
848
2654
3713
1869
3999
4112
1019
1200
2000
204
3525
4463
2565
1374
2482
4264
3369
2034
3749
2633
2307
2439
1445
3801
2482
3351
2097
2696
2134
1173
4362
1019
2768
247
4214
4161
2385
2664
1451
804
940
3058
3864
4073
4882
1097
2999
41
3927
557
2090
2700
378
4670
103
3222
4677
256
4390
2231
1728
3966
3968
4177
657
1990
4483
1250
1954
2883
1777
1038
4740
21
2962
906
2762
4056
4378
3787
4032
3266
3419
3699
693
4223
4239
16
151
980
2143
4872
1952
3745
3927
4181
3571
272
2151
1375
2033
1241
3281
3642
4240
1105
678
3788
1234
1117
2089
3816
4900
3696
1980
1561
2420
4056
3447
1101
3363
4136
4670
1514
4732
4563
2663
2574
2361
4174
971
845
1217
4121
1766
4457
3024
665
3528
847
780
103
2959
3312
625
3602
1664
3128
1944
3010
736
2113
4932
3516
3819
556
1363
3290
2180
2184
4151
3095
3780
2322
2872
1470
3470
2713
3001
598
1113
981
2441
2022
3206
594
3551
1952
385
602
899
2760
1337
2887
2226
404
150
3200
1558
697
76
542
4496
2148
3962
3412
4507
1497
1522
588
4291
4529
2384
3953
1020
3740
4835
2204
2821
4957
4686
4630
3852
2717
3487
4638
2040
3131
3050
3237
4928
888
331
322
878
3313
4966
3750
3552
1461
1908
267
3162
4281
2025
2480
268
4391
3027
536
2886
3581
1104
986
823
4139
2880
278
4849
2060
590
4155
1251
2629
2932
1237
1341
2886
4727
3962
3626
2566
3907
2064
1138
2001
1881
2101
3006
2709
2581
2466
1063
868
4424
1399
4132
4335
5002
2302
2401
2859
3437
4432
4213
3276
4192
4621
2499
4655
3350
542
882
1690
277
2376
3238
2033
1697
4847
3032
4558
4031
2699
3801
175
4498
4611
4566
3107
915
1184
1015
1438
3527
3433
2898
1819
758
4429
1883
560
3664
681
3446
3904
4827
3354
1457
1215
745
770
541
1811
3047
2933
3576
2390
733
3612
4028
3428
1282
1256
4904
2788
1435
4018
2617
2976
2138
1682
3343
1347
1167
2981
164
3396
4810
215
3143
799
2736
4108
3740
1323
575
4271
2068
4532
1781
1639
478
482
97
1819
1120
4020
1374
3944
1950
4998
2598
116
1871
4100
1332
2242
1838
4527
4047
4113
1661
4762
1218
2592
2540
1782
567
2527
1256
2585
1629
2160
2133
4153
2865
1932
1086
3326
878
1559
880
4842
4507
1850
408
4141
4923
703
3945
1357
2398
2078
3088
1509
2318
1863
3002
4890
3673
3793
1607
1298
1025
2043
814
4765
3840
2153
4840
2020
1415
3697
988
1157
2908
2144
299
2006
2770
2833
3313
1338
114
3056
4942
472
1747
4454
112
4689
3291
2459
4387
3911
4814
2719
2828
4843
4061
3657
633
4697
3501
101
3272
2982
1102
4635
4283
417
1221
451
4075
4657
1700
3389
3361
2462
1484
526
2467
656
1979
3531
2359
577
3050
4921
911
4742
4628
4195
2373
1834
4365
2431
715
3715
104
585
1260
382
705
2894
3111
4887
1481
4459
2830
553
2138
2217
3981
2615
1356
1003
4258
916
480
28
1870
973
4585
2068
3297
2840
4095
1743
2362
4256
973
1623
921
653
3759
53
1802
4514
1390
4314
3942
135
469
689
2454
1682
4761
3765
36
107
4875
1476
2611
4734
772
1582
1355
2162
4373
3349
331
1938
606
2266
1620
3816
3042
159
855
2696
4910
1514
3935
4379
551
1105
3625
1139
4229
1563
2357
3041
712
3564
3514
2103
4627
3400
3131
2561
2090
1735
2216
4426
1282
2908
1489
3124
1619
1345
4143
891
4083
2763
594
3813
3762
4649
2372
224
1517
3292
4596
4775
2379
2807
1848
1291
4367
1744
1850
2646
1063
972
4400
3811
1771
1059
320
2362
4628
4302
3314
242
4020
2272
4697
2868
4963
865
2473
1546
1081
1478
954
2973
3709
2212
1362
86
282
2055
2282
4833
940
1314
3631
1342
247
4087
4243
4054
1482
3883
4572
1094
3904
3756
2137
2173
1672
4485
1699
1046
1108
3931
4039
3688
3546
4535
637
2794
4612
3178
555
98
1981
988
1438
4680
1914
50
1356
3265
1971
4253
2236
3829
4489
4065
1669
1794
163
3503
3848
4002
349
3575
1393
4966
4807
4409
733
1136
365
2363
2779
1172
2065
522
275
2279
897
385
3714
4501
2537
3875
3836
3899
3872
1679
3124
1390
146
1425
2723
1175
738
2132
3513
4261
3829
2646
4622
3178
4097
1543
2289
2447
3630
4758
4088
369
684
4516
452
4927
3963
422
4010
999
3465
2862
2570
3468
3942
2945
3128
782
3182
3728
949
1262
438
3201
1258
2298
3989
4183
799
4212
788
1360
4384
2375
602
4545
133
1056
2641
4862
1195
840
4212
4392
2069
528
2223
584
1349
2332
3455
649
4343
1138
865
3905
4268
2231
4482
535
3294
4140
697
1518
2630
2994
722
179
2298
404
3392
2511
3983
2581
520
3980
4387
124
2295
260
4623
479
1163
3245
1463
3875
1791
4800
48
358
707
2786
4383
132
4604
4061
4018
1058
1022
2142
2753
1363
4155
2028
2559
4084
3670
863
3411
2565
4648
4781
824
3236
1941
822
4241
4782
3160
3774
709
3423
3524
4490
131
2222
878
3058
183
3761
2809
1755
2520
196
2619
2600
4626
3224
2134
2344
839
1326
3691
1570
2348
152
4273
1849
972
3301
1260
4758
3474
3353
831
4038
34
2516
3202
3927
4042
3956
1481
4548
3372
1040
4587
802
1263
958
1489
2572
4755
1988
4323
2558
254
273
1305
4783
4698
4309
4994
4419
4481
1330
2609
867
1680
3030
320
4948
3147
4716
1265
1590
4927
3163
2317
2284
2674
4453
842
3698
3484
409
3354
4874
2622
1943
3609
4823
2097
1861
4297
800
4860
3941
2178
4581
2631
1262
129
4152
4365
761
4856
3940
3959
3155
153
643
149
4778
3638
4691
1854
3164
1055
3081
3802
1765
4671
2786
1029
4227
4954
966
3615
3969
4763
3524
1940
620
577
586
2240
3445
2311
1397
1803
1627
4738
2017
740
3970
2546
3010
542
1249
1826
2802
1449
3303
2725
1525
2676
464
1927
939
1904
2830
1933
2630
3133
4693
4167
2164
3846
12
351
1936
1258
4990
3209
2793
3681
2320
1205
3020
1687
3097
3979
4917
4032
4900
232
615
1549
1430
4746
3459
3655
2417
4913
2985
1881
3506
2580
4957
2860
562
1725
1476
875
73
283
3885
1291
738
1885
701
2242
803
833
1844
3970
3849
520
3227
1393
1270
1690
978
4158
2588
2216
2260
2175
3864
999
2581
1837
273
3872
4694
4049
1673
716
2154
3869
3143
1787
3908
4579
532
4372
3111
793
3233
674
149
4448
1864
3509
3284
739
3830
2166
317
4673
4006
378
3491
4421
930
3816
3329
4573
2573
2259
373
3929
4928
789
4619
94
4960
1164
3211
4420
3155
3358
2185
615
4374
2617
300
4942
1084
4557
85
670
3744
1977
3754
4879
2597
1082
2978
2325
791
219
2189
774
1150
4462
1181
4058
1814
4535
1441
403
2208
1749
872
1002
2330
4309
4768
1998
4602
4519
4290
3423
2570
4423
3546
2292
4387
4729
1689
22
4914
2167
4275
63
429
4543
1494
2683
4205
3815
3277
1822
3760
3017
1411
3253
98
1903
1093
2186
3819
2292
4368
1552
3315
206
2747
452
2957
3131
758
4474
3619
5002
814
1179
3136
3724
3266
4084
1900
2125
2435
2601
638
1046
4846
970
3602
3066
3765
402
2737
2315
752
4840
2658
4229
2405
924
2776
3257
2204
4867
3001
1873
4710
4807
4764
4020
4908
265
300
2278
396
583
2831
2284
1469
1027
4677
576
4820
28
2670
4568
3810
4262
978
4621
3155
520
1405
1938
15
777
3877
2384
761
4960
2600
1045
702
3941
4775
1147
2238
3893
3627
70
611
2386
3429
2806
4258
1894
2692
1451
1530
2475
2097
2262
3864
3909
2120
914
4175
1866
4400
949
2800
1836
2393
2396
3365
1818
4250
907
1416
4927
659
2218
4340
282
2323
3955
2472
510
3654
1748
1988
1068
604
3293
1706
1474
917
4710
263
4182
3114
276
878
4909
4709
3486
3638
4321
3054
1709
3669
1520
2953
2372
576
1180
2467
990
475
4137
2527
2506
2935
3203
3869
1558
4584
2283
3284
1581
1051
933
3109
4123
3386
1693
2794
2534
2291
3883
85
2051
1829
318
4508
2345
816
4876
72
2264
2727
3647
4361
3491
4928
1227
48
4672
1428
309
651
4324
622
744
4204
2069
1469
3253
2334
1381
647
1774
1358
64
4015
4781
809
1816
3370
2892
2311
1489
2674
4431
490
3857
1674
1645
190
1804
3091
2900
4913
4189
1754
3957
1536
1612
884
4305
389
2747
4001
2741
1605
973
2392
3447
270
1128
3156
1403
3543
3773
3631
1528
1546
1079
1026
918
1772
2667
2321
259
5004
1133
4673
2075
226
415
494
3918
332
4846
3995
3167
363
76
4001
2330
400
290
2614
2726
2265
2475
2399
3187
902
3666
622
4048
4026
185
2806
657
1352
606
1644
4139
4203
4851
1781
3101
4629
1763
3100
1575
2669
2653
3645
2077
4511
260
1276
2543
556
732
3793
4392
582
4197
2438
4640
4085
1826
2137
4157
2090
4572
54
3346
2543
852
1855
3408
4902
1049
2109
4804
2602
2988
4265
1691
3184
1236
1385
2986
4124
1588
2744
4821
1323
259
3548
2118
162
2956
2706
189
891
2301
1100
3775
4206
3707
3775
4621
4654
3925
2369
1756
4716
4689
2736
3500
186
4024
4877
2788
1846
1818
1365
3426
2585
190
770
1812
1025
1754
1869
1408
4709
134
4654
3140
2499
3498
683
674
588
290
3960
2327
1395
3364
1913
1116
4462
2323
153
3266
807
609
3113
2536
4125
1845
613
2400
209
1692
839
4235
1615
3194
3646
971
3786
290
4520
1011
4866
3868
2244
4081
911
4588
3801
1463
4534
1669
4918
4900
1141
1302
540
4816
1625
623
3614
752
1955
4745
4764
2558
271
2057
239
4613
3199
1634
1219
4449
552
1012
2923
2719
2645
1797
2221
4927
3010
1034
2437
722
873
1926
1737
2149
4411
734
2298
4317
1600
1451
1201
2910
4976
1338
486
1914
207
4376
3212
1004
4091
3092
2519
898
2676
816
4310
3544
2024
2452
3117
1968
3777
1088
1428
539
1300
320
2238
4874
1640
258
4799
7
139
350
2967
4094
3890
1951
3232
723
3754
342
1247
4031
2792
1393
3721
982
434
1801
1278
1098
2903
546
2029
1793
2238
4069
1971
646
2590
2090
510
877
1191
3662
4559
1191
1795
463
4136
4319
95
810
116
2213
4091
2482
2097
461
4083
1289
2250
2438
2687
1271
573
1605
2534
503
1306
1029
3718
1873
2204
3395
3122
3108
350
3067
4548
2942
2161
836
4098
1033
4035
2592
970
4667
788
3333
1686
3718
274
3176
1779
3456
2051
2649
4930
2757
2371
58
4462
4608
1440
4607
1597
3399
3552
2188
1792
2599
3476
2204
4595
757
2457
4087
3077
3838
4753
3595
3171
3235
1306
24
1940
3512
2700
2363
575
2958
847
3710
3593
1572
3125
2223
1371
3131
3319
2292
4720
2668
1409
1707
3599
2191
4019
1025
4329
3342
1838
529
1996
3415
72
2805
1367
4377
2986
1695
2620
2609
1637
3851
2010
4100
2493
1253
3043
527
149
3144
1791
3639
4924
3109
2519
421
1018
4450
2027
1102
3370
431
3223
572
1810
4377
1140
4118
3638
3684
1
3721
1945
1591
4588
3987
2993
1285
4060
1075
2603
2057
3509
1407
231
4091
157
2049
4127
1222
2056
3407
4845
383
4835
4149
4744
4988
4345
824
1793
1275
3561
519
3097
1877
2696
2016
3232
4096
4852
2988
2789
914
820
2085
1116
4538
664
3812
4973
2758
1045
3091
4589
3024
920
4903
4401
2529
1771
4263
451
101
551
2669
3327
1643
4450
2888
4232
653
1633
4162
539
2610
492
2423
2878
3002
4393
4841
4493
2530
820
2760
2612
4765
2880
711
3388
4075
4951
755
3389
4638
4157
1305
2534
2021
3610
2222
4912
3497
3397
236
2913
3247
1987
4996
4472
1160
2426
4892
1798
720
1401
856
1462
256
4846
3510
4693
848
2112
2975
2869
2069
3106
1839
1037
4947
3750
4690
4477
2921
15
3218
3363
1574
3458
4198
1435
525
3147
1644
3509
2947
3378
4975
3016
4739
635
3207
1919
55
4302
1436
2153
350
3466
4847
335
3338
2067
3878
2482
4017
2513
1652
3547
3499
4860
4667
2670
4945
319
1695
4102
4288
1401
4502
2919
3339
3262
3297
3208
3617
3967
2211
2331
3272
3517
911
2117
3966
1581
438
3270
1005
1224
4694
1874
817
2701
3420
3011
4760
512
1585
4848
4432
22
3182
3623
2440
2718
4317
3988
1212
4943
945
781
500
3891
2343
3669
3151
3592
3952
4288
1844
3958
1735
152
4860
838
3049
3273
170
1783
3625
4495
360
1019
3829
4988
2574
1282
888
474
138
3724
1034
1247
3369
4683
3936
2837
4168
2792
2593
903
1702
1645
3087
4338
1846
2152
1063
4212
2865
504
1329
1520
4404
4249
1235
965
3631
702
2535
3493
4013
2916
1694
3814
1908
1367
4434
751
927
1000
2861
2065
1053
1132
4995
2006
1338
1635
3031
4080
1684
2773
4001
4479
2134
3237
4424
4855
432
3900
3052
2082
2753
2703
4128
3477
419
568
4876
3187
4228
3172
4258
2126
159
721
3872
3107
3233
4844
2138
3244
988
4152
244
4942
4048
1160
1354
1021
4399
4706
3383
1882
684
3423
2602
3927
3540
223
375
499
4167
4014
60
711
869
137
4012
2017
1537
4002
3330
2894
2885
2906
2352
2855
2264
579
3241
1199
1870
2999
4698
1361
1405
2165
2232
4243
2877
4377
2885
2611
3335
4547
2307
150
3720
4809
1507
57
2889
1644
1782
1993
4174
4298
4900
1016
1121
3369
1950
3280
3297
4845
2374
4269
2194
2397
2915
2740
2509
4688
3979
164
4094
4129
614
2435
587
3789
1859
1743
279
2842
2010
4464
3638
4015
3988
417
3509
4128
3557
1696
919
4242
429
1633
44
3041
2368
3496
3590
122
3415
1886
4643
1737
2680
4806
114
130
4568
2035
3714
4179
2710
3461
2054
1672
4714
1822
200
1588
1454
4602
1079
3187
2542
3646
3205
3256
4677
3954
1652
2933
4232
87
1461
3459
19
110
1515
959
4265
1444
4882
1444
3011
3993
3692
780
1766
2832
1307
2201
1233
3710
2547
4077
3415
4435
4604
832
1179
908
918
3181
4189
4541
2583
2583
369
312
2561
538
4132
966
1678
2770
3511
1132
4446
1565
1337
2435
4239
3059
634
4611
1366
3627
294
4286
2160
267
2763
2017
3099
1912
3919
3806
1831
3821
2924
2351
2675
4441
2457
693
2690
3233
4118
4711
3114
423
251
4380
3692
341
4021
4605
4242
610
4237
290
1812
4233
1680
1533
3153
2025
1273
2907
4902
3108
4882
3176
425
415
3860
3048
1952
3588
2197
1182
2036
175
4924
4946
508
664
1992
1365
4861
4788
3036
4812
2423
1243
650
3813
3596
2342
2368
4438
2036
3727
4158
2765
2335
3862
1576
2411
3195
415
729
3701
4295
376
3055
3750
1631
3278
2539
2446
2529
4598
490
1325
3130
4490
3352
4649
1222
1727
715
1999
4644
1024
3506
2827
361
1381
644
3895
617
3471
3809
4369
2257
3179
4474
2136
2657
919
2203
4266
3930
3373
1537
875
3718
1505
1056
3922
4971
2144
3532
231
1893
2215
4106
1960
714
3420
2536
3059
1930
2350
1287
2308
878
2403
195
725
3123
2349
94
1116
127
4854
1270
2977
1651
3020
1568
2946
353
4997
47
4678
1850
841
4069
2686
183
3051
1302
2967
308
1627
3472
3520
2078
4871
665
560
3990
1533
1826
4630
3717
4148
1528
398
2502
3970
4187
1775
535
1156
3255
4142
3695
1012
815
1967
3848
3936
3688
2335
1060
3192
787
133
3222
1122
3602
3774
4717
2746
4189
455
677
2781
2727
3201
3810
3678
865
2354
936
4251
4080
4213
97
1163
545
2064
2933
2511
4373
456
2197
4375
2991
2916
1811
3906
1595
4273
4138
816
1645
2381
3823
4190
3461
545
4813
1981
4149
4981
4558
142
1585
4600
417
4370
3618
4105
4646
1378
731
1792
3409
486
2528
1726
487
4841
291
1763
2649
2630
307
4482
1569
3948
3982
1727
4052
4546
4202
3120
3928
2646
3444
2442
1852
1828
4938
1349
3696
1811
725
3509
4412
1988
4688
1559
4236
4373
704
4068
3616
2110
257
1611
2052
4923
1027
2219
3084
3712
3880
4738
2064
1775
3029
1278
3798
3891
4425
3265
3739
680
1320
2709
718
2423
2924
2995
1512
4186
1506
3991
3516
4433
2405
305
1282
439
1
4917
3289
3853
869
3361
1194
786
2951
1813
4436
2998
843
4418
739
2199
718
4297
4853
3628
3467
770
4049
1358
4147
2893
3480
4404
1695
3511
3448
4900
3246
3747
853
2335
4409
4576
1320
1944
4463
1573
4434
3826
2280
4816
2612
1362
1749
4175
2479
2782
2021
2626
4213
688
4370
429
451
710
4900
445
3158
4907
936
4268
4632
3728
2326
4474
3449
2287
550
1567
4756
1683
3857
3009
805
626
3899
925
2797
1183
1612
2502
2050
1471
2071
1404
199
402
2760
63
1479
3025
4522
3324
4997
1847
3459
3338
95
1342
2152
3753
4017
2468
2190
4682
4950
2615
1762
486
1144
4256
2876
3493
4247
486
3852
488
3017
3896
893
3812
1849
1032
4940
1211
18
4962
2309
2990
1466
207
186
192
2632
2686
2115
3440
531
3472
4080
1680
2349
54
288
802
3685
2751
2323
4899
482
1738
4997
4768
532
2748
1634
233
4074
183
3110
3677
414
532
4550
625
42
3701
3869
624
4132
4503
3388
1061
3302
868
4658
2671
4873
2222
2577
2150
1759
1213
4283
4642
535
2252
3650
4020
1909
3704
2582
3738
961
155
2694
3174
721
3222
417
2474
415
1982
3278
4717
4331
1885
2123
87
463
4611
3789
4622
4423
755
3093
1863
4263
1707
3517
939
682
3903
1609
1004
2377
2836
2047
3129
3658
546
3601
3821
3503
981
3359
1895
1112
2631
3777
2679
3309
1863
3626
2157
4415
2128
972
1857
1282
229
2730
709
2409
3105
1435
1983
639
232
1924
622
916
2107
3
2550
1378
4508
2300
4863
2725
4267
1636
428
1867
1285
3441
27
3101
4832
1115
1936
1645
4079
3391
1250
3474
4552
27
816
1289
2346
973
3466
3805
132
3312
4710
2160
403
3670
2383
2310
3891
4288
2913
1124
2233
1262
615
361
115
695
1364
1374
1568
3753
932
822
3266
2508
413
3813
3941
3763
1069
4154
1234
1113
1746
3237
2456
2982
2493
342
2198
1409
4305
796
2256
1511
1938
1227
2172
3470
319
4885
3471
1229
53
3828
407
756
229
1097
3773
403
2085
2780
4056
819
1908
84
2535
738
4611
1499
3815
305
277
4392
2995
4411
1445
1709
4752
3500
502
1083
3826
213
4316
1260
4640
3821
748
3963
4302
5001
4095
2253
3490
4035
1322
4266
2901
2243
2076
382
4305
1024
4198
2379
3850
3843
1934
4821
790
4190
4208
346
640
4855
380
4646
4915
2049
3318
478
302
4077
3382
442
1148
1700
1852
342
2451
1572
4574
3587
614
4345
4623
11
1814
404
4625
1492
712
3426
1852
2049
4275
4653
875
4198
4516
3272
3469
3117
804
3173
3230
4492
4904
4212
3118
180
4183
4685
2546
892
1548
4547
2728
4065
1124
507
3014
1451
2485
3811
1898
4525
1654
3669
3055
1841
1159
3281
124
4972
2865
653
4091
3342
2276
3780
2461
3268
413
2080
887
4109
2147
759
1246
3744
2275
2502
4239
1527
4224
1859
4590
4257
606
2883
2949
4391
4909
3003
1330
4936
425
973
522
2032
1268
2927
1924
3840
1255
379
4723
1904
4985
459
4289
3552
3583
512
4715
2140
913
1992
1751
357
3389
544
248
743
4450
4581
1257
2468
4701
2946
1090
1963
220
3254
3569
243
499
2437
4784
2397
4316
1819
1041
2071
202
3946
2988
542
505
3499
2120
3983
3595
2927
1317
4648
2488
1414
1709
226
2901
2112
3150
468
263
232
471
838
3644
2319
3479
3434
4687
2441
112
4160
3229
1553
1383
367
440
2926
1566
682
176
4215
2365
12
3084
122
4420
4491
4536
3314
1481
336
460
1372
165
1955
3795
1238
3734
3858
1601
1715
100
1140
173
1944
3047
3115
714
2836
2261
1879
1746
4573
4314
1949
4973
4363
2815
2475
1492
1274
29
2986
1072
2117
290
3738
1026
643
3414
1137
3333
2710
3230
1415
998
3143
1475
4709
4083
4765
2414
2023
2359
1372
4782
2570
4085
3966
4163
611
116
3363
1234
927
3879
3862
568
268
4697
3750
4167
4630
3014
4106
4743
3812
127
690
2062
2365
4118
2773
337
3828
242
4711
3596
3765
771
1459
4846
1562
3784
3243
2768
3686
1786
572
587
3570
3402
1510
1639
4524
2188
2158
1480
788
1706
2263
3708
171
4345
224
146
1004
1434
665
268
3721
510
1990
4487
3037
1112
4467
1005
4554
3490
340
954
4835
1849
2799
661
2169
2241
2808
1896
110
1240
1075
1599
2933
1298
954
2751
4935
3363
1486
4107
1292
3170
2695
2364
2459
3309
1201
2054
3124
1480
3778
1553
1756
4592
2043
3014
2906
2416
548
2820
1037
1621
3547
2261
23
2052
4861
4597
1087
3483
1634
4938
2178
4589
2508
1085
1883
500
1548
4255
4534
988
1871
1227
1553
1843
1761
1065
3772
1771
3362
3744
1993
2800
1268
3271
2357
210
2146
4192
4429
3169
494
2060
3552
4972
1908
1421
3331
3138
4797
4992
704
111
2336
967
264
4575
870
906
358
610
3869
4296
2510
38
100
2164
584
3334
3440
1018
3596
1452
555
484
831
4430
4345
4746
615
3393
3527
971
4188
859
2253
4685
286
1063
2837
1193
2866
2375
3305
2485
173
1901
3297
1508
198
1723
2326
1943
4487
1386
166
1305
4345
1543
146
2414
868
1682
2263
1828
704
2254
3501
4334
4091
3961
4251
867
3594
4894
1674
1613
4520
4109
1752
2634
1818
3493
3237
686
3101
2030
1254
4869
3888
682
854
1252
3454
1352
4958
331
3620
4105
1005
2141
312
4259
916
4942
4887
2896
4738
1868
430
2311
3722
2710
3126
3842
2644
1212
1927
9
2453
4846
4003
3397
2140
4691
17
3664
3526
3514
1008
882
3707
4973
3193
2533
1750
4125
1457
3964
3906
1171
4717
1225
2600
4065
1748
3460
1843
1892
2145
2951
4955
3378
2729
4612
4643
940
2829
3188
3792
4222
1663
1463
3480
1263
2610
4485
4497
3422
2881
1945
3343
2444
520
1914
4845
2417
3771
484
5003
3402
4590
2171
1499
1777
4289
593
1814
2275
4888
2719
4563
3571
4531
876
2397
976
2844
1920
3613
3358
1371
841
1978
3562
1465
4929
1037
3867
2302
1162
1948
1319
3979
1449
1009
3142
1332
932
1453
4701
955
3051
2599
242
3465
996
4888
1912
4536
259
3507
593
3203
2743
2503
3001
2387
2210
102
1968
157
97
103
4973
1435
3807
3101
2895
719
4552
3296
3235
2952
311
1249
4876
3677
4739
1120
4110
2146
4997
4391
283
1253
3697
3201
451
1746
322
3394
648
3397
2147
2140
1764
540
3521
4377
2597
2206
2163
915
2594
4581
4044
745
2984
3087
4189
334
1651
2302
1680
3394
1428
1461
1427
2527
1458
3328
2099
4666
3911
2422
1009
1915
2149
4678
1658
2024
720
1947
4387
4000
1798
1965
4527
2629
2564
1978
1400
4113
4673
3321
2282
733
1995
3092
449
2695
913
4346
286
2040
4649
2616
4883
2493
3866
969
2327
3472
3170
205
329
685
4620
16
1789
906
3045
1959
4527
3512
2495
2565
2057
890
1561
3431
4393
2452
1681
2572
2728
806
4711
3597
3274
4195
847
3689
1121
4673
369
296
4818
4551
3863
635
1177
2500
2980
4430
4667
2
2763
3562
934
1253
1424
405
2097
4376
2616
1837
1795
1371
3882
3026
306
2929
269
3240
644
2691
3001
4685
1822
1345
613
347
4525
1354
152
2486
4050
2631
422
435
2806
570
3813
2965
2155
219
1836
3690
4075
3335
2889
2114
1861
2164
1122
2791
1664
4736
4192
225
3158
490
1489
4851
4528
430
3105
2030
4800
734
1695
2326
4926
4101
3318
2778
1692
1950
3884
3188
1901
2512
3188
3717
4823
158
2035
3165
2396
3760
1559
1235
2061
818
1596
3987
3735
4077
58
2692
3996
4716
1676
982
4829
3497
1468
3047
4168
3888
4246
4369
3315
2974
713
4558
4630
3985
2980
3075
2664
2105
456
4614
2713
2609
1347
2786
2530
3954
3268
1486
902
3173
4191
412
4409
2207
3391
2901
1919
399
2156
2225
2008
4469
217
2434
4157
1394
225
3514
2812
413
2341
776
4588
3862
2163
3402
64
1741
387
801
2815
4013
3519
1286
3653
3704
60
3842
1352
3802
3540
3524
4620
2279
178
16
1191
3529
4872
3711
1941
160
1846
1211
1445
1026
2086
3382
3929
808
3441
2486
279
4454
4525
877
3633
2062
1170
1384
1717
1970
2927
4421
432
3088
2920
2518
4736
3803
2427
4766
2192
2345
3350
4164
996
3476
4898
3369
4309
3144
2084
980
2663
3494
3097
3342
4134
4660
880
2089
3963
3220
3300
1298
4216
2184
1582
362
3075
3483
4907
2069
3000
3670
2654
2938
1348
3652
604
4511
1116
1048
3557
4338
1151
687
4949
1601
458
3535
3277
3796
3917
2129
3221
895
4384
2073
1675
4055
3672
4559
1107
1910
3943
2515
369
443
4830
172
2644
3020
2768
1032
4535
4657
3903
4161
4957
1354
2061
2911
492
3038
440
3949
1969
1686
2247
432
232
3561
2670
1030
4305
4180
1446
1538
4982
471
3104
4283
2482
2315
3604
2655
492
4063
63
28
3177
534
804
261
3532
2335
4183
1511
118
4528
4385
3326
4276
225
293
22
1824
4165
2805
862
1289
244
2177
2757
4069
4018
2009
1985
784
4248
3368
213
2243
1195
448
938
593
2071
570
905
1276
926
2444
2619
416
3956
2072
3180
4731
3773
635
333
591
4415
1876
4413
3472
2257
3898
471
2189
632
4394
625
3443
3220
3003
1260
1665
4351
4729
3543
3450
3776
2595
2780
4227
3681
2228
3
3365
4065
1023
4746
3741
513
2011
3103
4663
1280
4958
3548
4997
1766
753
1457
40
3376
654
2879
2229
1472
3143
4037
3899
2426
3846
3180
2235
2756
168
4932
3453
769
3227
710
788
2860
2724
913
3075
3983
3587
4052
294
741
4231
9
259
4190
697
3741
1207
1574
4548
4695
3717
2991
2454
927
4927
2151
217
3291
3113
2724
4413
1347
329
849
1267
3025
4019
674
2392
4110
2758
615
509
4864
190
4567
619
4857
671
1712
4974
923
2517
992
2388
3202
2502
4097
3428
3632
712
606
3117
2111
2540
2419
1274
648
4103
3186
1681
4337
4682
2561
4025
1832
3369
3104
3219
3518
2176
3830
2144
1899
873
4302
2393
3761
1138
3645
2087
3704
2623
3772
189
622
498
2032
3739
4848
2696
2144
2266
4264
1881
3248
1637
830
755
320
2081
216
1701
1434
4996
2248
3438
251
4812
1659
2785
5
4414
1821
1210
1280
1816
4450
2804
166
2596
4932
1661
2468
2732
4735
2451
4514
2868
2260
4116
4675
1546
2234
3459
1129
2750
3315
3347
4161
2005
3287
1396
4771
190
4484
1161
4949
2329
4436
885
4654
2814
3113
2068
4739
2905
3693
107
1247
4323
1918
1850
235
2787
1689
1801
791
1652
122
4580
1161
3709
1989
3330
1061
4804
451
360
10
961
4596
46
570
1884
440
386
3848
4426
4642
1579
792
3302
3239
2400
4754
4459
4976
2520
1178
779
877
728
1743
3271
917
3744
2307
1181
1896
42
2888
462
1118
4946
1108
1410
4371
2212
2569
4591
1739
4851
4408
1624
2939
4008
3727
1927
3970
1460
764
17
1803
226
471
1963
447
1224
2471
1293
709
134
922
1921
3373
819
2405
1496
4032
1551
1389
4030
2289
1905
4613
2559
3944
1994
191
1235
3864
2083
2961
1127
4571
233
3441
4504
2404
50
1597
709
1575
1927
573
351
2905
4321
4504
1925
4848
1474
3680
513
2193
3081
2999
2223
731
443
3049
3795
4089
536
1008
4169
173
4405
1916
1652
2839
2698
1713
2379
1831
799
4195
29
1210
2801
3358
2921
32
481
2651
4780
4497
2175
1607
212
1185
2731
2764
4609
4333
3971
2746
898
2336
3684
2007
1626
1595
1174
3173
827
4748
1119
2199
1479
10
1761
3554
2698
1986
700
1060
1026
4651
3134
4112
2158
3098
863
4197
1648
2682
886
3688
1059
2087
4825
3638
1221
862
4947
91
840
3208
1648
1370
1276
785
5001
456
4163
4341
3721
920
4839
3943
3261
3043
4614
1675
3343
2509
3385
856
381
276
4909
4940
1550
4898
4774
975
30
1103
463
3751
4940
312
4423
1864
2023
1810
4560
3139
4239
1207
4847
1135
750
4654
4225
4164
1162
773
536
4640
2173
4375
2258
1078
317
2498
2451
873
569
3318
4165
1272
3245
4547
3345
3927
10
1865
4127
3558
4146
1626
3951
1778
2630
961
1377
2859
3144
3892
736
4107
3555
1132
2230
4245
2087
3111
4113
554
3531
523
4320
2456
3358
4588
4233
3070
4997
165
4706
2675
3954
4075
541
3310
1830
194
485
3124
2839
2850
3677
629
3863
989
3448
3177
4873
3692
91
1898
4062
4244
2287
2867
4250
682
1658
4944
2923
2023
881
2284
1867
2653
3383
3869
1422
165
2403
2067
3890
2613
3346
2117
4667
1713
1159
719
4975
3428
2817
4223
3966
3966
1585
797
276
2795
1629
3229
1515
3173
3747
72
2856
1951
2795
4299
4248
4700
883
4369
1503
4054
1183
1442
547
2001
2463
3723
4627
3888
2675
3105
1232
247
2793
1841
2925
3420
2639
3903
427
4668
1618
654
2006
2528
2262
1791
1041
5002
4564
4719
597
4467
289
3988
4546
3829
3708
1245
3870
4419
2194
880
3900
2352
2755
4226
2767
90
929
4212
2496
231
4903
2256
4621
1127
82
300
14
1185
2915
3236
4368
4011
305
1370
987
4312
106
2058
2009
4456
460
2013
4167
455
3380
1667
1784
3761
1955
4760
3164
2118
243
1748
3010
2695
441
444
3646
3845
582
2023
4679
3697
3315
4305
3078
4909
4349
1465
1715
2791
747
316
4419
2065
3294
137
3799
3224
4710
488
1770
3785
4170
2810
2858
282
4509
1927
726
2521
4438
2997
1690
3252
3653
1192
2490
3424
3666
1583
844
635
4684
3054
1400
204
2128
4694
3553
1794
4503
2877
2146
2670
476
1480
2041
1950
336
1667
1309
4391
916
289
3501
4781
1299
843
2685
4798
1975
3113
2133
1517
1524
603
3762
1301
257
4786
3605
974
593
2487
716
1616
348
4766
1179
3028
2733
3297
654
2965
2413
1286
2719
1873
3193
3170
1656
3248
1524
397
752
2344
3668
567
4655
1744
1825
4416
2348
1212
2949
2026
2285
3842
1209
1560
1933
1562
893
3869
713
2730
517
3719
2856
4733
971
4153
3957
1374
802
185
2000
2289
3460
4748
4389
2665
2914
4953
1538
221
4755
1669
1874
13
4637
4100
325
2899
2998
1052
2832
3130
2899
216
4511
419
3781
2226
2730
532
1055
2490
4824
113
3009
3532
2144
4208
825
4890
3851
4287
3333
47
193
2344
1434
4991
2290
2290
4287
47
4003
4732
593
2616
1316
1036
1210
2945
286
2560
4821
1377
4386
1562
2142
3847
731
1607
1312
802
3460
4424
3940
567
2754
1610
3808
4983
3014
440
597
4748
3248
2465
375
875
4392
735
1273
4510
1638
4404
849
1450
627
3808
4287
3670
3487
2150
4911
1097
2996
1776
4544
1260
3917
2969
4354
2297
555
3291
4387
1032
3270
3685
1886
2580
2116
2301
2056
2110
484
2363
2549
726
3655
2588
3686
2196
1794
1733
2242
3416
2006
2391
20
1832
29
1773
1505
1907
4524
4398
4996
1661
3136
2526
4270
1534
150
4957
4752
260
3744
2265
3492
2782
4498
3250
76
3949
4537
191
2375
3794
1211
2886
1420
3335
2151
3123
4835
494
4590
2760
1725
1463
2583
1468
3284
181
2650
511
4112
1508
74
4486
3048
4957
1685
3685
2154
661
4233
3442
4148
1018
2248
391
1656
3318
3465
3653
3150
3352
881
4715
1178
1818
3413
2693
4012
3271
5001
4743
1478
2503
2497
2418
750
2972
2645
2984
2785
1732
4927
4686
558
3323
3059
1865
1582
592
4128
2803
980
693
407
4349
2972
2988
1942
4360
3454
1567
1733
4724
2961
2448
4930
1553
2925
3396
597
1649
3798
4425
4017
2855
715
204
431
2086
2485
2337
2126
917
52
4511
4732
2544
640
4553
4992
1426
3083
3186
631
4536
4435
792
1351
3948
401
1671
2035
1967
1756
145
2759
3931
2222
870
4153
1209
1668
2936
2365
4724
854
2094
1146
1192
2704
2648
2295
4059
2016
1618
1134
349
4642
3641
4056
3317
1258
3777
3616
1558
1662
3349
1764
3323
2137
680
3018
2847
1969
2967
3689
54
1992
3676
1985
845
4258
1357
4992
3739
3955
512
521
2304
1955
2328
736
365
4503
3226
2797
4655
3069
2862
1667
2414
3786
2683
2763
252
1962
3384
4640
2523
2506
557
476
4284
650
3054
4685
2044
4920
1701
611
4524
4369
1842
2245
1986
3204
124
22
3264
32
590
4783
166
1926
652
814
3957
1016
3674
1413
1032
1513
4950
4186
3247
3398
2887
2446
4133
2884
4133
4006
2421
1217
2234
2291
4656
1696
359
4498
67
2551
2337
2692
3584
1242
3003
4342
4526
1226
1437
3701
2407
1367
2795
2411
685
1009
4659
471
3142
3661
277
4898
3341
3384
3605
1125
4592
3417
868
3252
3550
2929
4785
628
4480
3685
3141
3180
1904
2209
2526
1533
1527
3197
2023
4369
1867
4120
592
692
1025
4162
1447
3204
870
4266
320
2273
844
4091
519
649
1945
2512
2619
4853
272
1585
3268
4624
1526
342
1693
4370
1980
1587
1602
4062
2967
4758
4245
819
915
57
355
2165
2205
3483
269
4516
4044
2165
986
4492
2815
2271
3162
4933
4183
4718
949
233
1120
817
737
3958
2087
3723
2430
3404
3519
1172
4131
141
2314
4860
408
4704
4061
2416
826
2653
1710
829
4572
674
3927
2348
3123
3786
164
2429
3323
516
4259
442
3508
3799
1210
392
1900
923
1005
3660
3807
4991
1824
4363
460
3937
3742
2692
4492
754
4407
3607
2260
2896
3983
3294
2131
2008
3183
4257
1567
2473
1836
3268
921
52
3536
1450
3319
1913
2542
2564
2272
3441
996
398
1663
3866
2721
2224
4213
1139
3429
1907
1437
3586
4951
3971
4054
358
4165
1396
1348
1805
2996
3190
4068
4480
3037
1701
3548
4206
4140
1789
4611
3475
4664
3555
370
4413
4217
4151
1081
4478
3073
4805
4295
2635
1705
667
2637
2008
1174
3748
4639
4565
2488
3608
1597
2894
423
2496
636
4400
2043
3330
1134
4197
923
3604
4672
1042
2667
4009
2592
1371
4810
3148
4451
3726
4515
4652
1314
2008
4770
663
324
1478
2242
2602
4324
4941
325
3871
3556
1660
3867
4247
3875
3489
1705
3546
3131
501
1327
1199
3005
3120
2602
2980
1903
2417
1050
2825
4558
4058
3266
2159
2302
4686
1835
621
274
4713
3294
804
17
4489
2357
992
4908
4723
2544
172
4871
3292
3298
1006
2386
2944
4842
2946
3848
1616
892
1203
3084
3466
1891
3329
4271
661
4989
548
1795
2507
2477
2941
3111
4093
3450
705
2350
3262
3967
2871
3497
1709
1322
1103
1587
4402
2160
88
3867
2920
2977
507
2856
3405
1451
2595
3270
2915
3034
4135
1001
2349
4860
2976
2135
3238
2114
188
4060
2154
1547
577
4956
375
4004
2291
3092
3160
2508
65
4144
2082
3533
2928
3495
761
1351
3284
4866
3256
1207
4083
4204
2554
2457
755
789
2608
2364
2130
29
1659
3580
4167
3161
1959
4124
1693
4064
3125
4846
4520
4710
442
3024
3884
3537
3547
2374
4853
4013
1997
1576
1263
718
1661
3361
3140
4770
4718
549
4908
4825
2692
4478
2636
593
363
4712
2521
3022
1072
2260
3014
1411
2052
553
3636
5001
281
4816
389
144
3903
413
1300
4211
2311
4290
2023
1081
1332
1398
3741
4796
2240
1320
2566
656
4309
4893
483
1816
116
2474
2797
816
1944
176
275
4732
3601
2536
1307
2628
4099
3694
2505
909
1475
1382
1089
2204
4032
1655
1426
3770
237
2644
2916
4769
2678
1127
1803
1692
1006
1826
750
2707
3971
2132
472
3291
2656
1011
1235
3505
2206
1443
4718
1574
1474
2427
3606
3241
1051
2736
1686
2112
1855
1966
4838
4134
4428
143
3316
2604
2673
4540
4199
1498
2266
4639
4359
1886
3644
3949
4387
869
758
702
1227
4854
365
1892
429
3438
3126
740
3153
1342
858
2409
3492
3249
632
2978
1690
1807
4843
1205
4423
2452
2481
2479
2140
3365
483
4815
3263
4855
1085
1640
2049
925
768
111
3638
4447
1921
4330
3548
978
3270
1238
1613
1378
3573
4549
2051
4128
506
3362
2792
3752
872
870
4811
284
192
2211
2512
2590
3379
3094
19
307
3170
46
1393
1638
1372
4330
494
3494
4517
584
3235
735
1530
2502
1856
3354
2834
1824
2934
642
2216
3739
289
611
146
220
1328
4491
851
1525
2234
2097
4636
3806
1508
1885
3983
4235
3985
1723
1920
2433
4586
3634
3237
3659
1815
193
806
1997
4080
3490
1563
239
4392
4126
2485
4693
3862
2735
2435
2185
972
3565
991
2703
293
321
4758
4839
2232
3789
180
3970
3557
3850
885
1624
1390
2065
2030
102
3493
4127
2265
4601
1358
4325
4358
4435
3015
2005
1604
2639
3544
3033
749
4454
709
11
2853
3173
1991
2955
1994
1107
3236
4306
2864
1154
533
3769
1773
866
4279
4248
4897
149
4081
2869
1973
930
390
3250
517
781
3889
3734
3056
0
1967
627
1215
4374
4348
588
1237
1289
1428
1098
311
552
4774
79
4390
4257
4254
200
805
3282
752
1460
3051
3035
1155
3595
2080
3923
174
3108
2511
996
2046
3250
738
1798
427
1587
4556
1274
4413
4491
2402
2444
1097
2884
1363
1135
4415
1407
3097
1532
514
2698
1553
3837
2715
535
1747
4412
2770
3492
2105
1380
3097
3119
79
2804
1234
77
648
4830
3163
2923
4636
3836
3901
1857
1067
2819
3471
4416
671
2508
1945
3189
714
3054
4683
3056
885
4607
2297
3496
1212
624
1287
1651
2699
1027
2547
707
1830
4685
1709
1339
318
3353
2349
4375
3823
3468
613
1601
3409
1872
3920
4326
1156
3938
2801
4218
4392
282
1204
2486
4956
2686
1224
1059
2487
871
780
2763
81
2199
1097
904
3442
820
864
4458
4126
2757
1448
3717
3045
2768
1589
2879
133
1888
3011
625
1538
168
3552
4934
2077
1581
4704
4398
2115
3259
3212
3654
1954
3777
3582
1444
4861
280
4881
2141
40
3857
3317
1753
3241
3915
2211
2667
2541
757
4442
101
854
4366
2298
2259
1335
4749
3336
499
2798
1107
3065
4819
3491
2091
2698
862
208
2743
1180
382
4053
4725
3139
4968
8
1353
4402
4929
3491
871
3519
2043
3964
2135
3173
1135
1477
3756
293
1725
1270
4966
2083
3952
3663
820
314
3216
4878
757
2974
4848
3618
972
407
2599
3805
2995
4846
1956
440
1016
4011
2839
377
2217
3668
2829
1873
1289
1035
4550
4500
179
4214
4228
1130
935
4490
3081
3989
651
3531
2545
435
186
2774
3539
1652
4182
1417
3231
4166
2234
1955
1683
2221
707
4813
1569
3690
1706
391
1761
3095
4550
93
4586
4695
3707
384
3125
1977
4569
4333
1034
571
168
113
3613
2820
3506
3007
3414
2908
2747
1519
1647
2182
3757
3292
2315
3626
1684
1917
722
1175
4877
4577
2186
1917
2929
4977
1373
2278
3722
659
972
4312
3331
3057
2591
4454
2524
2267
3633
4583
3449
4502
4744
1900
388
4640
2929
3603
1763
4621
4885
4802
812
2904
4534
4906
680
1774
2917
1881
3524
2050
3650
4842
4423
253
4185
875
2490
1152
299
1259
3350
4629
3278
4625
3454
772
186
703
2998
4197
4661
1933
311
4966
1880
4770
4326
390
170
1826
3681
140
2568
967
1872
4187
3870
257
897
1692
4138
60
3945
4374
3790
1853
1094
1126
4408
1408
3964
2512
1646
3921
3642
4116
4981
2213
1346
2707
331
1973
2417
271
1392
1846
3571
2223
4307
269
4274
628
459
1449
810
3594
1489
3350
4191
1520
3539
268
3037
365
4796
2933
3450
1931
3963
3747
1318
2201
1994
3239
1804
2777
3451
1701
3371
2484
4519
3048
824
2239
3802
571
2840
3280
1084
2718
601
3961
2223
4136
855
1020
25
4596
4362
2851
2966
2602
2662
1394
1278
1622
3221
3664
4158
2397
2184
4730
198
4086
2764
541
932
4383
819
3203
2350
1490
4096
3538
23
4564
1196
1812
3776
1974
4667
2240
3261
4044
2066
1254
1620
3100
4221
4957
219
3979
2802
2978
535
3625
2689
2614
4587
1641
4854
4293
3075
17
3324
4829
4905
2173
3637
297
1115
4271
3767
1868
1313
4902
1174
4479
2300
4311
705
4706
237
4118
3057
4822
2022
2977
2551
3534
810
4128
4681
1686
3665
799
3315
3306
3195
923
2314
1813
4561
3491
3842
2414
3475
485
4467
1811
1023
1764
4759
1558
2692
4640
4240
660
647
2022
1380
2690
2290
4131
3723
4812
1465
3137
208
1469
3869
352
3763
3815
2783
3021
4167
2441
448
3308
4924
4866
3292
3053
3958
935
4335
2710
2813
4428
4341
1950
2029
2186
3406
1371
3840
2526
2331
4996
4924
1075
4675
4706
4914
1792
871
1635
591
294
3671
1937
4663
3521
160
3674
2452
2948
1489
2712
1804
1045
4279
966
30
863
3074
1642
696
922
1799
978
2453
1104
3440
3580
2350
3273
791
3264
3999
2987
1028
3227
2236
30
2798
3038
4945
1065
630
548
361
1694
1939
156
167
301
2025
4472
744
4135
1560
2033
2998
4611
2949
4526
1498
3260
2453
1597
3083
2980
4260
1469
2536
3678
2755
3267
3360
3395
3867
3903
2905
192
4661
1124
4084
854
1739
2837
717
352
4991
1468
4853
3940
4249
2655
3382
3008
2766
75
754
1250
3939
714
1668
1606
3654
3022
4881
1939
4067
2252
3896
2341
255
142
368
383
854
1340
3173
3120
4211
3217
4118
2428
1880
4101
1316
2797
3454
2760
4650
2887
3308
3110
1689
1342
467
3005
3940
2958
243
2571
2570
2226
1585
3054
1632
4965
1255
428
1113
2370
4346
3331
2283
1
189
4559
1099
4152
3141
871
189
4671
494
1159
1939
3141
2149
3994
4485
529
628
4568
1861
574
156
4150
3062
2515
1312
1044
3938
2062
2479
1301
3137
2335
401
182
2371
470
316
3465
3098
4374
4606
2688
803
958
2673
3395
1897
1389
2643
2022
1439
2671
2933
2030
3521
2748
73
4912
1447
2615
2034
4861
4058
1274
1226
2613
2102
311
2656
1911
3231
1382
1502
2771
2064
2137
2150
1739
1495
2777
2719
327
2030
1905
4980
3296
4845
578
2678
2437
4233
540
2629
3087
4819
2257
923
2205
2365
3940
