60.2961
80.5546
60.2138
72.585
84.7241
72.3706
84.5939
80.6753
80.824
60.3649
80.7294
72.6636
80.4194
72.4007
80.4659
80.4642
72.4851
80.2911
72.8111
84.7802
72.5146
72.2652
80.7941
60.4045
72.6849
60.4599
72.7773
80.7549
80.9002
84.5152
72.7526
60.687
80.837
80.7421
72.3306
72.5415
72.4438
72.489
72.5959
72.7968
80.3246
80.6659
60.54
72.5871
72.2453
72.6126
72.4377
80.5432
80.7104
92.9558
80.4255
80.3891
60.6629
72.2996
60.4635
60.4612
80.5502
72.231
80.6152
72.4332
60.393
72.5594
72.7286
72.222
72.5965
72.4975
80.3814
80.5884
72.4437
72.5415
60.4218
80.4175
72.738
60.1633
72.1196
72.3109
72.6513
72.4377
80.7121
80.5252
80.5665
72.8235
80.6635
80.7416
72.4203
80.5298
72.3405
72.4181
72.7034
80.8191
72.6291
80.4508
72.7396
80.4905
80.4627
80.5613
60.579
80.5931
80.8625
72.3065
72.2505
84.5011
80.4187
72.4622
80.4974
72.8805
72.2982
80.3563
60.4295
72.6669
72.273
80.6009
60.4045
72.2742
80.6959
92.5508
80.7606
72.5642
72.5478
80.503
80.5527
72.7042
72.7009
60.5544
80.8028
72.2312
72.6925
72.5474
80.9162
72.5854
80.3851
72.2284
72.4834
80.6516
80.3859
60.4968
72.7917
80.5897
80.5693
72.5769
81.066
80.6891
80.8367
72.6438
80.7271
80.1341
72.5769
72.4338
60.5884
72.4322
72.6395
72.7455
72.6918
72.7127
80.5935
72.6475
80.3312
80.7783
72.7245
80.6854
80.3839
60.5449
72.5765
72.611
72.441
60.2518
72.6986
72.6024
72.6633
72.5036
72.5598
72.2647
72.7895
80.8859
80.5391
80.5927
80.9463
72.7135
72.4359
80.6007
72.5084
48.3937
72.7332
80.9516
80.2425
81.0019
60.3456
60.524
80.7821
72.8026
80.2894
80.4276
72.4759
60.3159
80.6091
72.4197
72.617
80.7575
60.4033
80.5104
80.4005
80.3855
72.6449
80.4905
80.3095
72.9325
80.5077
80.4687
72.3881
72.3212
72.6286
80.204
60.7119
72.6261
60.5612
60.3632
80.7379
80.3497
72.6026
80.6394
72.5737
80.4055
72.5087
84.6441
72.7576
72.7011
81.0016
80.5387
80.703
72.5497
80.5705
80.8345
72.6151
72.6145
72.4775
72.7405
72.6517
92.7111
80.4308
80.4324
72.7058
72.5057
60.3002
72.5656
72.6895
81.0948
72.5941
84.2879
72.2944
72.4134
72.5119
72.5762
60.6986
80.7871
72.3043
72.2528
60.4439
72.7994
80.0995
60.5215
72.4575
60.4163
72.7217
72.3577
80.6315
80.4413
72.4189
60.4004
60.5584
72.7143
72.4486
80.2695
72.8319
72.6004
72.4344
80.8693
80.1961
60.6295
80.4983
80.7478
92.9716
72.4904
80.7952
72.2714
72.7187
80.453
72.5991
72.7928
72.4918
80.3956
80.5488
72.4506
72.4752
48.3273
80.6966
80.5621
80.7803
80.3985
72.6882
60.4478
60.4705
81.0496
80.3072
72.2983
72.2877
72.416
72.6405
60.2976
80.8208
92.8604
60.502
72.3799
72.8273
81.1124
80.4941
80.7211
80.7224
60.4374
72.2869
72.3156
80.2766
80.9165
72.6832
72.4842
72.8639
72.2906
80.4641
72.3078
60.4167
48.2854
80.6965
72.5756
72.2026
80.4028
80.5581
80.7601
72.5376
84.6268
80.16
80.8268
72.3858
80.7258
80.2711
72.7627
72.8446
60.5489
72.5223
72.6397
72.3588
72.2157
60.3831
80.4751
72.6208
80.4984
72.5586
60.5941
72.8572
80.7187
80.4856
80.7843
48.2241
72.4876
80.4038
80.7331
72.5617
72.4998
72.4249
80.6434
80.4726
72.5852
80.7241
80.8209
80.5428
60.3885
72.4211
72.4962
80.4246
80.6995
72.5977
80.7177
60.5939
72.5623
72.5411
72.7468
72.4347
80.6504
72.4422
84.5569
48.4379
84.5405
72.6651
72.553
72.8938
72.4188
80.3412
72.5659
80.8087
48.3595
80.5037
72.291
72.8273
72.5738
80.8132
72.5126
80.4915
72.5323
72.9567
72.4139
60.5318
72.6477
84.4448
60.506
72.3644
72.8724
80.6308
60.5026
60.3342
80.2979
80.4773
72.9496
60.367
80.6649
72.1781
80.4701
72.1251
72.4726
60.4957
80.5509
72.6603
72.3757
72.6755
72.747
80.731
72.8624
80.9204
72.5322
48.487
80.8194
72.5982
80.3829
72.6766
80.5101
72.7321
72.9476
72.6492
60.5092
72.7118
72.6479
72.6281
72.7425
72.8296
72.6268
80.8341
80.3696
80.4992
80.5487
80.2979
80.3162
80.3834
72.5501
80.6115
60.4162
72.8986
80.4729
60.3586
60.3885
80.5815
80.2316
72.567
72.9061
72.4041
72.5865
60.543
72.814
72.5099
72.607
72.6517
80.6196
72.529
72.4298
72.2307
80.8564
80.6711
72.7853
60.5835
72.5181
72.321
80.5887
80.4456
72.6282
72.5875
72.5821
60.3632
72.51
73.0534
72.6283
72.5113
72.6807
60.3587
80.8679
60.1857
72.5363
72.6089
80.6735
80.4717
80.5171
72.228
72.7716
72.3693
80.4185
72.7656
92.7397
80.7255
48.5996
60.379
72.5358
72.7611
72.5486
72.587
80.5141
80.3407
60.4276
72.6692
80.7507
72.9499
72.4305
80.5221
80.4126
72.6102
72.7665
60.3002
80.6471
72.2792
72.4282
72.5619
80.5617
92.9084
72.6643
72.6311
72.5364
48.2163
80.5923
72.3262
72.5043
80.4161
72.7651
80.3277
60.2625
80.8974
72.5922
80.2967
80.3508
60.5329
72.9733
72.648
80.4205
80.6472
72.8378
72.7486
72.5934
60.6241
72.2979
60.5156
72.5922
72.6078
72.4913
80.573
72.5341
80.2262
72.5026
72.676
80.6777
60.4755
72.667
48.4267
60.3689
72.6292
72.6921
80.7053
60.2016
72.466
72.7188
80.6092
92.6748
72.9107
72.8293
72.6724
60.1792
72.8988
60.5074
60.755
72.8324
84.57
72.3046
80.582
60.6323
72.4516
72.455
72.4604
72.6836
80.5333
72.5382
80.7098
72.2892
80.5696
80.4392
72.6829
80.509
72.1134
72.548
80.5366
72.7506
72.6996
80.6166
72.5312
72.5796
72.3888
72.4751
72.4516
80.5991
72.43
72.1365
80.5855
80.4655
80.3689
72.7564
80.6857
81.0396
60.3468
80.5926
81.0613
72.6579
80.2732
80.1427
60.3651
80.4258
72.7905
80.7792
72.4745
72.7725
72.4158
80.393
72.4944
72.5513
80.7671
80.8892
80.7999
72.6457
72.6237
72.5561
80.8027
72.3705
80.333
60.3858
72.3577
80.7965
80.4035
72.6978
72.5015
80.4369
60.8385
60.6308
72.2443
80.4443
80.5113
80.8691
80.5831
72.4437
80.6057
72.7643
72.4831
72.7598
72.6447
72.6767
80.753
80.8554
80.9081
80.7484
72.5191
72.6175
84.5113
72.7081
72.7497
80.2822
80.2314
72.5491
72.1945
72.7889
72.45
72.5384
80.73
72.2425
72.3504
72.6697
72.6068
80.6437
60.7116
60.628
80.5835
72.4236
80.6766
72.4205
80.3419
72.3958
72.6411
60.4193
80.4545
84.3241
80.8394
80.3241
80.4322
80.4035
60.4098
72.8131
60.4354
72.3562
72.8447
72.6911
72.4094
80.6484
80.6072
72.5597
80.3785
60.4703
80.6699
80.6365
60.6901
72.5783
72.1536
72.4527
72.4509
72.8464
80.3634
72.3591
84.7886
84.2796
72.2339
72.3922
80.5831
80.9409
80.5375
72.838
72.5298
80.6303
72.5678
72.8701
72.6821
80.5207
80.5743
72.7271
80.7069
72.4258
72.5837
80.4683
72.4471
80.337
80.4671
72.5143
48.3981
60.3999
80.6705
72.6706
80.5437
72.3505
80.1276
80.4398
72.5254
72.5744
80.8311
60.3836
72.5524
80.7098
72.6213
60.6306
72.5419
72.6161
80.5783
60.5886
72.5948
80.5752
80.769
80.642
72.3888
80.7802
72.4825
80.4998
72.7118
72.4917
85.0226
80.8477
84.7903
72.5859
84.5056
81.0333
60.2939
80.5294
80.5703
72.3286
72.417
92.6956
80.5734
80.5465
80.5792
80.2839
80.4836
60.5254
72.7322
72.4843
72.5062
60.6999
80.4521
80.1804
72.3711
72.6654
80.5511
80.4152
72.71
80.552
80.239
72.537
72.6799
72.9278
80.863
80.2076
80.5777
72.6964
72.6341
80.7989
60.4873
93.189
72.7352
72.5714
72.4035
72.4844
80.4546
80.6477
60.5646
80.5545
80.5903
60.6143
80.8687
80.8351
72.7491
72.4131
72.6908
72.6506
80.7008
80.6401
80.6087
72.3204
72.2052
72.5833
80.5786
72.7509
72.7289
72.6343
72.5943
72.6307
80.6551
72.8822
72.367
72.4139
80.5627
72.22
80.8082
72.7567
80.699
80.5645
80.6352
72.5823
72.9488
80.5337
72.4916
72.3445
80.6894
80.392
80.6712
60.5454
72.6346
80.5558
60.3741
72.3646
60.3722
60.548
72.6493
72.2895
80.6865
72.3546
80.6021
72.6723
72.64
72.3312
72.3858
72.6506
72.3822
60.364
80.8469
72.6134
80.7218
60.4884
80.762
60.7063
80.776
72.873
80.2905
72.3684
72.712
80.4611
72.6495
72.6155
80.5296
72.3722
80.9074
80.661
72.7609
72.5916
80.848
60.4977
72.9463
72.5445
72.3639
81.0001
72.5419
60.3974
80.4496
80.6517
72.6779
72.4624
80.9467
72.3495
84.9702
72.6336
80.9282
72.5796
60.3067
92.6675
72.4964
72.5689
80.4426
72.5003
72.9024
80.6179
72.1445
80.3935
72.6783
72.6511
80.5386
72.6911
72.5356
72.4764
72.6109
72.4321
72.5623
72.5192
72.724
72.6076
72.4152
80.7032
72.6809
80.3848
80.5139
80.5544
72.5335
72.6169
72.1514
72.6859
80.6276
60.3778
60.5114
48.4275
80.7093
80.7888
48.2864
80.6559
80.677
72.4965
60.4833
80.5787
80.5996
72.278
80.7652
72.554
72.7019
80.1948
81.0639
80.2186
80.5859
72.3367
80.5003
60.4763
60.4884
72.5159
72.4861
60.5272
60.1554
81.0154
60.4075
80.8605
60.6378
72.8015
72.4082
80.7991
80.4645
72.4466
72.452
72.5075
72.2134
60.4796
80.6096
72.48
80.589
72.4912
80.67
72.4208
72.6707
72.4812
80.4494
72.5836
72.5309
72.5993
80.4503
72.8199
72.673
72.7155
72.673
72.5839
80.7154
72.2702
72.5903
80.4586
80.3975
80.5676
80.166
80.4975
80.8356
72.4906
80.3992
72.6214
80.6354
80.9196
60.3182
80.5245
80.7554
72.8477
72.5775
60.6309
72.2446
72.6523
80.5106
80.6125
80.5725
72.5767
60.6237
80.7618
72.1975
60.629
72.4995
72.9126
72.3983
72.3075
60.3435
80.9634
72.7345
72.6685
72.7999
80.5933
80.6476
72.721
80.5587
60.5099
72.7909
80.9066
60.5276
80.3093
80.565
72.6385
72.4718
80.1202
72.6393
60.7322
80.5386
48.2329
72.515
80.5773
80.4545
72.633
60.286
80.7049
80.5459
72.5341
80.8133
72.7789
80.4793
60.3866
80.5715
72.3057
80.8763
72.5734
80.5281
80.513
80.5839
72.7836
72.4931
80.7253
60.4537
72.7237
60.3583
60.2993
72.5445
72.7047
72.6644
72.8409
80.8075
72.5267
80.6929
72.865
80.6232
72.661
72.7873
72.259
80.4407
80.411
72.4837
72.7103
80.9132
80.5166
80.6874
72.6174
80.4969
80.6473
80.3678
60.6968
60.5727
80.9829
60.5227
80.7246
80.7361
80.4483
72.6106
80.8972
60.6993
60.6284
72.104
80.4859
80.9935
72.7236
72.4806
80.7947
80.5703
80.651
72.1276
72.6043
72.7891
72.375
80.3673
72.4087
84.8893
80.5621
72.6045
80.3236
80.8163
80.6792
92.47
80.347
60.3943
72.5342
72.8353
72.5655
80.7191
80.5485
80.8043
80.8716
72.4922
80.6454
80.5038
48.3496
72.6873
80.6694
80.3169
72.3583
72.6582
72.6843
80.3285
80.1465
80.4271
60.4373
80.5101
72.6086
80.6648
60.1963
60.2368
60.6214
72.5644
72.9501
72.3961
60.2949
60.7242
72.8153
80.5359
72.4924
72.3604
72.654
80.4365
72.5495
72.5953
72.5773
80.5173
80.2545
72.7607
80.573
80.8847
72.3463
72.7039
72.7614
80.708
80.1925
72.598
60.4939
80.7226
60.2969
72.855
72.1762
60.2568
80.6017
72.5878
80.5589
80.9229
60.2761
72.5466
72.5909
80.8388
80.5123
72.8234
80.6468
80.7326
80.4957
80.6549
72.6024
80.7396
72.0862
72.4765
72.732
60.6369
80.3799
72.6734
60.4469
60.3607
80.2144
72.7036
80.3141
72.4117
72.5862
60.6004
80.5752
72.6357
80.8077
80.1688
84.3361
72.5068
80.7999
72.7873
80.5239
60.4544
80.7754
72.5666
80.4178
92.5451
80.8034
80.7132
72.5995
80.4288
72.3611
72.9008
72.4287
80.6026
72.4075
80.5743
80.6858
72.7161
72.7449
72.6492
72.3603
72.4144
72.5435
80.2461
72.4092
72.5811
72.2877
92.6052
80.9002
72.5541
72.6396
72.4775
80.8788
72.8883
80.591
72.5497
72.2136
93.0716
80.8181
80.46
80.8441
72.6221
60.3635
60.3663
72.5643
72.7482
72.6993
80.767
60.5607
60.5728
72.2447
80.5621
72.5736
72.7995
80.5216
72.5824
92.5815
72.3863
72.6277
80.535
80.3045
60.794
72.6951
72.6131
60.5231
80.7562
72.3053
80.2492
72.3442
80.8397
80.3268
80.7151
72.4797
80.6179
72.6005
72.2862
60.6015
72.523
80.6751
72.2364
80.6183
60.4816
60.5761
72.5751
60.6533
72.5163
72.6343
80.4191
60.4779
80.2454
72.5278
80.6135
80.5116
72.7405
72.5325
72.5322
72.8279
81.0094
60.4191
80.6814
72.5569
72.7105
72.5071
72.5937
72.8959
80.5014
72.8289
80.3367
72.3892
84.3343
72.4478
72.4836
80.837
80.7368
81.0889
72.5891
60.1857
60.5711
80.4796
81.1153
80.3975
80.5324
60.4919
81.2513
60.4294
72.5887
80.4911
80.7535
60.5758
72.4968
60.1126
72.4687
80.4443
72.3813
60.5937
60.5481
72.7081
72.693
72.6085
72.4878
72.6397
72.8191
72.291
72.2969
60.4875
72.7287
72.3942
60.5647
92.7048
72.7694
72.6734
72.6192
72.92
72.263
60.7515
72.4838
72.5994
72.4352
72.7785
80.55
80.7923
72.4795
80.3176
80.4527
60.6294
80.1324
72.5129
60.7291
72.7651
80.3074
80.3512
72.2511
60.3731
80.3104
80.1482
72.5362
72.7156
72.8102
60.8432
72.5488
72.4638
72.6974
80.7428
92.9921
72.7248
72.5757
80.6126
60.5695
72.4337
72.3763
72.4056
60.1614
72.654
72.411
60.6275
80.2886
72.9082
80.4551
72.7344
72.6402
72.7057
72.2029
72.6067
72.5927
72.4197
48.2831
72.6091
60.7038
80.729
80.686
60.5215
72.3129
72.3737
72.991
60.304
80.5364
80.7141
84.6779
72.6667
72.5309
80.4252
72.4609
72.5962
72.8151
72.4142
80.3201
80.7984
60.1989
80.728
72.5214
80.7414
60.4937
80.5157
72.6473
72.6354
80.6404
80.5091
80.3543
80.6469
60.4298
72.6083
60.5992
72.588
80.4751
72.5339
72.4766
72.1921
48.5085
72.4154
80.5844
84.8383
72.1305
72.5079
72.9462
72.4705
60.826
60.4757
80.4436
60.3772
72.7834
72.6523
72.5596
80.6571
72.5368
72.7902
60.2656
80.5383
92.5172
72.289
80.1996
72.801
72.5197
72.7224
72.2655
80.5888
60.7384
80.4488
60.4702
72.7124
80.7004
80.7544
72.4459
80.3879
72.6599
72.863
72.6764
72.5142
80.477
60.3453
48.1269
72.4304
60.4853
80.8235
72.6214
80.5366
80.9287
72.2174
72.5222
72.8432
80.8027
72.3627
72.2975
80.6906
72.3475
80.6197
60.5271
80.5653
72.564
72.6057
80.8314
72.5557
80.8229
72.4419
48.303
80.5946
80.6168
80.7514
80.6572
72.9071
72.7546
80.6973
72.58
80.7718
60.5296
72.7201
72.5008
72.657
80.3157
60.3662
80.9572
80.4983
80.6182
80.5189
72.9145
84.4779
72.6575
80.6533
80.2101
84.9332
80.7728
72.5925
60.4634
72.5248
72.6082
80.4594
80.6224
80.4523
80.837
80.7656
72.3076
80.5831
72.6801
80.4035
80.5281
72.2325
80.7053
60.5991
72.8955
72.7363
72.6348
80.5412
92.7339
72.5587
60.4238
72.5818
72.5369
72.5314
72.4681
60.5718
72.7993
72.336
84.7793
80.6192
72.6713
80.7039
72.3997
60.2364
80.7997
72.6072
72.266
72.6775
80.5843
72.3416
60.4535
80.7289
80.527
80.478
72.8154
72.7371
84.9476
80.5279
80.733
72.494
80.2726
72.6001
80.4286
72.7117
80.2491
72.7326
72.1621
60.6869
92.9663
72.5177
72.5673
80.6035
60.1307
72.3052
80.3849
72.6203
92.5341
80.632
72.2953
72.6011
80.6421
72.771
60.4734
80.5139
80.4619
48.3148
72.5425
72.7802
80.6674
72.6249
72.7013
92.8299
72.4945
80.5754
80.308
80.4883
60.2751
72.51
80.8846
80.4407
60.6156
72.6208
80.7942
80.6478
72.512
72.521
72.5553
60.7255
80.3386
60.5244
80.3229
72.5942
80.7705
80.353
72.2959
80.494
72.622
72.4276
80.4362
60.2611
72.9218
72.4472
80.6527
80.5136
80.8298
80.6859
72.5941
72.3949
72.3983
72.425
80.5705
80.9866
72.7097
60.5755
72.4391
80.8357
60.3953
72.6249
72.7262
72.4476
80.1898
81.0116
72.4235
80.3253
80.7885
80.8406
73.0476
72.3556
72.3197
72.3759
80.6083
72.6112
80.7895
80.3577
60.5972
80.9809
80.4143
80.2414
72.7177
80.5681
72.3911
72.3057
92.6279
72.7804
72.336
60.7696
80.8204
80.5327
72.3274
80.795
72.5357
72.4159
72.6584
72.6424
80.8738
80.726
80.3412
80.7404
72.19
72.6543
60.4543
80.1212
80.5509
80.9233
80.6949
60.1986
72.3186
60.3371
80.5819
80.423
80.6376
72.6676
60.3185
80.6887
72.4508
60.3344
80.8596
72.6693
60.6902
60.5796
72.211
72.733
80.3135
60.3369
80.4374
60.5614
80.2305
80.6544
72.5788
80.7005
80.962
80.749
72.7951
80.3639
72.2572
72.2084
72.8252
80.4925
72.5641
60.5073
60.592
93.1731
80.5218
72.926
72.5959
80.6429
60.6411
80.7673
80.5708
80.3646
60.5781
80.6802
72.2448
80.6435
80.4652
72.6988
80.386
80.2477
92.7342
80.2563
72.811
72.1907
72.641
72.7987
72.3995
60.4866
72.7359
80.3836
72.6669
80.6243
72.5349
72.4063
72.695
48.254
60.6184
80.8215
48.4463
60.5142
72.6185
80.7195
80.5929
72.4401
72.6478
72.2436
80.2709
72.2749
72.6873
80.4044
72.7622
80.7549
60.7364
60.4472
80.9002
80.4295
60.4949
72.1606
80.7027
80.6007
72.6093
72.33
80.5467
80.4416
72.4672
81.0396
80.6615
60.5775
80.2862
80.493
60.8235
80.6927
72.4059
80.6714
72.5302
80.5227
80.4957
72.5442
72.2398
60.3084
80.6835
72.5316
72.7101
60.3795
72.97
72.508
80.4816
72.4479
80.8952
72.7127
80.2545
80.6916
80.5831
80.5632
72.5094
80.6797
80.8561
72.3663
80.7088
72.248
60.5514
80.794
80.6199
72.5311
72.5469
72.6901
60.1949
80.3957
72.5466
80.3835
60.184
48.3735
80.5686
72.6767
72.5453
72.4218
80.588
80.3192
72.2834
80.5162
80.9528
72.7279
72.6451
80.2457
60.5543
81.0414
60.448
80.9181
40.2619
92.6899
72.6493
72.4644
60.4894
72.8457
80.8095
60.5821
72.6911
72.4312
80.779
72.5345
80.7925
80.6156
80.4888
80.364
60.314
72.6126
80.7759
60.605
72.7436
80.8255
72.4288
72.6238
80.2633
72.3924
80.3677
80.5524
60.6127
80.5488
72.757
60.1579
80.4246
80.7569
80.9323
60.3477
72.9204
72.0416
72.4773
72.4408
80.9576
92.6968
72.7033
72.7336
80.9628
80.6393
80.5197
60.4528
80.5154
80.4638
80.4174
72.7463
92.2719
80.2576
84.8851
81.0699
72.6163
80.3745
72.4904
72.9115
60.3993
93.0283
72.7247
72.8142
72.5283
72.4892
80.0404
72.7267
72.4038
72.4543
80.5088
72.6321
80.6131
72.7331
72.4805
72.7185
72.3533
60.5407
60.4602
72.6087
80.4454
80.5094
72.5952
72.6435
80.3568
72.7216
72.6243
72.659
80.7347
72.1988
72.6415
60.3366
80.5676
80.4479
84.7217
72.4303
72.5994
80.6567
72.4281
80.623
81.0237
72.2543
72.641
80.6645
72.4428
60.4117
72.5014
72.6557
72.3073
72.7554
60.5038
60.7017
93.0858
72.318
72.3601
80.8275
72.8559
80.9016
80.8352
80.594
80.7175
72.8088
60.508
81.0123
72.7299
72.5831
80.5101
80.7816
72.5082
72.5828
80.8714
72.4826
48.3101
60.4265
72.6624
60.4143
80.8224
80.5387
60.5275
72.7202
80.7553
81.0462
72.6832
72.2871
72.7194
80.6411
80.7911
72.203
72.6613
72.4395
72.5598
72.6347
80.5031
92.8356
84.7262
72.6871
80.8429
80.4959
80.389
72.7127
80.7511
72.3806
92.8911
81.057
72.4822
60.4898
72.4983
60.4015
72.6312
72.8673
72.4781
60.6179
72.8166
72.254
72.5318
80.6673
80.5326
80.9339
72.8591
72.9897
80.7441
72.4879
60.5005
72.5365
60.3853
80.5764
80.6167
72.6304
72.4945
80.437
80.7578
80.7962
72.6209
80.7216
80.6139
72.7076
80.4781
60.3602
60.454
80.4815
72.6583
60.4087
80.9032
80.5311
72.5021
80.752
72.4786
81.0398
60.3491
72.728
72.3933
72.6167
72.7357
80.7036
72.6682
80.6556
60.3299
80.4962
80.7522
72.4372
80.1444
72.7647
72.344
72.6136
80.6151
60.4286
80.4517
72.6488
60.4966
60.3003
72.7662
72.5518
72.5239
72.6456
80.502
80.2585
80.6725
60.6157
80.2515
60.4398
80.6911
80.633
60.2238
60.2322
80.5807
60.5908
72.7175
72.6112
80.8153
72.7488
72.4147
72.6638
72.4848
60.708
72.3672
72.38
80.5349
72.9481
72.6613
80.4514
72.507
80.4819
72.5331
80.3975
72.6956
80.4573
60.3501
80.5655
60.3664
80.721
72.5545
72.4894
80.4439
72.4467
72.5841
80.6461
80.6148
72.2116
72.4159
60.2617
72.332
60.1679
72.6016
80.6924
80.173
72.3978
72.4459
72.7063
80.8127
80.3134
60.4513
72.5496
84.774
84.3288
80.4642
84.8656
48.5266
72.4746
80.4245
80.6953
60.5837
60.398
72.5498
72.3534
72.4593
72.6684
80.6208
72.7247
72.8632
60.6124
72.6824
80.6883
72.2168
60.2711
72.3849
72.3765
72.4054
72.614
80.6674
80.3649
72.664
72.7418
60.4912
80.524
72.1076
72.6823
80.3901
80.591
80.7555
80.4347
72.1948
72.575
72.6681
84.6125
72.5297
72.3988
72.8056
72.4972
80.6528
80.5051
72.6158
72.834
60.6614
72.6172
72.4617
72.5872
80.8606
60.1736
80.5646
60.4346
72.4221
80.2926
80.655
72.4267
80.6647
80.4089
80.3547
72.4322
60.3464
72.318
72.2466
72.0971
72.6653
80.7118
72.8258
72.375
72.5815
80.7084
80.277
72.4677
72.7043
92.6793
80.3762
72.5051
80.6219
72.5931
60.3571
60.3993
48.3977
72.6266
60.2994
80.8291
72.2838
72.742
60.3803
80.695
60.5346
72.4158
80.5029
72.5025
80.4484
72.6988
72.6376
72.4202
80.6114
72.6306
80.2621
72.2981
72.5682
48.3598
72.598
60.4335
72.5968
72.2354
80.4543
84.7678
72.4279
80.6997
80.8395
72.556
72.5236
80.8544
80.5781
72.2464
72.9062
80.0731
72.6224
60.4158
72.6648
72.7629
80.91
72.446
80.3337
80.6029
72.8014
72.3944
72.9164
72.4254
72.9274
72.434
72.4264
80.8783
72.5689
72.2287
72.4439
48.3051
72.3444
80.4841
72.3723
72.485
60.7239
72.6262
80.4025
72.6172
80.5014
80.3323
72.5714
72.3461
80.7112
80.8453
72.404
60.8069
72.5438
72.405
80.5958
72.6262
80.5627
84.5836
80.7079
80.4732
72.6681
80.6526
80.3882
80.6954
80.5929
80.8279
60.5708
80.5523
72.4649
80.6008
80.5657
92.6956
72.3568
80.5838
80.8079
72.8392
80.7469
84.7802
72.6777
72.7248
60.3646
80.4328
72.5177
80.8382
60.3663
80.5064
72.5429
72.5771
72.5893
60.2697
73.0185
72.5951
80.3568
72.7183
80.761
72.5713
72.4481
80.4032
80.6894
80.272
72.6111
72.509
80.4568
80.7767
80.5863
72.5527
84.8876
80.3466
72.3764
80.4205
80.7801
72.2641
72.5327
60.1865
80.312
72.2398
80.3864
72.5786
60.2708
80.556
72.4367
72.7174
72.4387
60.4748
80.0611
72.8314
80.5086
72.6615
80.3666
80.5654
72.326
80.5569
60.2268
80.6315
60.3376
48.4312
80.7159
72.7459
80.7392
80.6707
72.5117
80.4494
72.4758
80.5735
72.5618
80.8158
72.5223
60.6111
80.9198
80.6716
80.5037
72.4617
72.3801
80.4608
72.5274
80.335
72.3423
72.5241
72.5082
80.6136
80.4736
80.8043
72.6295
80.4477
72.3888
72.4816
72.7613
72.9165
72.4582
80.494
80.813
72.95
72.6081
72.5242
72.7293
60.5699
60.5128
48.2947
72.9127
72.4747
80.5997
80.6201
72.6272
80.5621
80.4514
60.7117
80.6159
48.3859
80.2236
72.7187
80.3866
80.4022
80.978
80.5666
72.5257
72.5729
72.4791
80.6808
81.0355
60.2674
80.5466
72.5272
72.9394
80.311
72.8054
80.6492
72.8398
72.5121
80.4514
72.4132
72.4813
72.9778
60.6456
60.4388
80.8809
80.4428
92.5007
60.6158
72.4486
80.4557
72.5123
60.3388
72.8438
72.5608
80.6549
80.6934
72.3728
60.4855
72.4093
72.1752
48.384
72.3917
72.4769
72.7975
80.4535
80.4764
72.3408
80.3603
80.4326
72.7919
60.2836
80.7506
60.5213
72.6091
72.73
60.5137
84.3659
60.3442
72.5212
72.3724
72.5477
80.8349
80.7956
72.5462
72.4839
72.6721
60.1917
80.4492
60.567
80.5408
80.5191
73.0051
72.5759
60.4685
72.5127
80.7165
72.5519
80.8459
72.6368
60.5242
72.4001
72.2904
72.6084
72.4592
72.5641
60.1355
80.6385
72.4785
80.1233
60.461
80.7101
72.4237
60.616
72.1441
72.5633
72.6983
80.5159
72.6255
72.3434
72.4502
72.5856
60.3455
72.2953
60.2649
80.2881
80.7274
84.4936
72.5008
72.8033
80.8225
72.7006
72.7508
72.347
80.4341
72.6957
72.7633
80.7176
72.5887
72.4989
80.5507
60.5196
80.6763
72.5357
80.9845
80.6428
80.6234
72.4292
80.527
72.7039
81.0066
80.7289
60.4272
92.7566
72.3832
72.4539
72.5274
80.7566
72.4168
80.6312
80.3315
72.6247
80.7436
60.5707
80.8893
80.9064
80.6272
80.7267
80.4408
80.6818
60.4625
72.7676
80.2583
72.608
72.5426
60.2184
80.4562
72.49
60.3394
80.8462
80.5693
72.3882
80.4658
80.8319
60.3761
72.5593
80.7179
72.5355
72.4136
72.5318
72.7811
72.3849
48.3692
72.4388
80.3329
60.4205
80.8021
72.2931
80.5535
80.6625
60.669
72.6239
72.5424
72.4197
72.5093
72.8959
72.6061
72.6099
80.9726
72.6382
60.4613
72.58
72.6971
72.7621
72.6937
72.4015
60.4987
80.6038
72.6319
80.5353
72.5001
80.1993
80.679
80.5915
72.5661
80.3241
80.5601
72.4292
72.3159
80.563
60.3679
80.4152
60.7095
80.6532
72.3761
72.6422
81.1811
72.361
80.4203
84.7286
80.8946
84.7235
60.3949
60.5625
60.4201
72.6424
72.559
60.6097
72.5816
80.428
80.5269
72.9058
80.4741
60.1386
92.7086
72.6446
80.5981
80.3534
60.4975
72.5908
60.2818
72.1211
80.7045
84.7283
72.7027
60.2938
80.4538
80.4831
72.7472
80.6728
80.618
80.8782
72.666
72.841
60.6275
72.5
72.3683
80.3645
80.5985
81.0315
72.3995
72.2506
72.4708
80.0702
72.5195
80.3054
80.4981
72.8534
72.3606
72.9328
80.692
84.5142
80.6689
72.525
72.1102
60.6674
80.4995
80.6509
72.2882
72.4371
72.5522
60.291
72.2592
80.8377
80.3817
80.8354
72.424
80.9074
72.6432
72.6298
80.2755
80.2533
80.3669
72.7365
80.4778
80.473
72.5758
72.9884
80.4901
72.5296
80.6324
81.0537
72.4185
81.0656
80.6743
60.5832
72.4939
80.8182
60.4626
80.7461
72.8963
72.6842
72.8295
60.3439
80.3301
72.8307
60.6503
80.8205
80.9266
72.7005
80.1479
72.322
80.8533
72.4743
72.6951
80.5939
72.3645
80.6661
80.3683
72.5239
72.5069
80.5437
72.696
80.5444
60.1735
80.3172
72.1568
80.3756
80.5827
72.5152
72.775
48.2455
80.7516
84.77
72.6113
80.7556
80.7409
60.3031
48.3549
72.7094
60.1293
72.3864
72.3454
72.4069
84.9475
72.9935
60.7234
80.5924
80.483
72.261
80.8951
60.3579
80.9205
72.3252
60.4998
72.3246
72.3562
72.6187
72.231
72.5821
72.5223
60.7903
60.2919
80.3564
60.4409
80.7451
80.5442
60.482
80.6018
72.7358
72.4897
80.9721
72.1602
72.4007
72.3775
72.4563
72.3534
72.2134
60.3807
92.8187
72.7554
72.7386
72.6782
80.5954
80.4376
72.2754
80.6213
72.4289
72.6066
72.34
72.7491
80.402
72.3499
72.6759
80.6133
72.6334
72.7379
72.766
72.2272
72.2453
72.63
72.6006
80.7315
80.914
72.7219
48.2717
60.6904
72.4593
80.9985
72.6276
81.0656
80.878
72.5915
72.5753
80.7082
81.0669
72.0953
72.4062
80.5539
80.1581
72.3677
72.6989
80.8155
72.3474
72.7321
72.6221
72.355
72.4191
60.4236
72.1812
72.6299
80.4785
80.4601
84.5081
80.5098
72.2822
72.4857
72.8187
60.5844
72.438
80.5044
60.6353
72.5332
72.4811
93.0879
72.3583
60.6113
72.4936
80.7717
80.7493
60.41
80.4223
60.2961
72.3518
72.5612
60.3827
80.562
60.3066
72.8711
72.4272
80.3631
72.4074
72.2497
80.4733
72.6323
80.1285
80.8167
72.4643
80.1269
80.5132
80.597
60.5291
72.5827
72.6068
72.5807
80.6548
60.5048
80.5942
80.3905
72.5446
60.6648
72.4982
72.4902
60.734
72.2877
80.8312
80.7223
72.92
72.645
72.6704
80.6256
72.414
72.2693
72.6416
72.4574
72.5911
80.2258
72.8282
72.5638
80.6808
72.5955
72.8075
80.4248
80.6721
80.5864
72.6082
80.7666
72.5076
72.7091
72.5094
80.9186
72.4914
72.812
80.9494
80.6264
72.6412
72.5535
72.502
72.517
81.028
80.4315
72.5378
72.9886
80.4635
60.2483
72.6678
72.6909
72.6858
72.7395
72.7378
80.7548
48.3614
72.8036
72.3105
80.6275
80.5334
80.7796
80.4801
60.5107
72.6791
72.309
72.8679
80.8987
80.7321
72.704
72.4026
72.4815
72.676
60.6901
80.6881
60.3431
60.5453
72.6459
72.689
60.4504
72.4341
72.848
80.5107
72.4466
72.3889
80.8444
72.8708
72.5032
60.4618
72.5264
72.3525
72.2993
60.1652
72.6271
72.1843
72.7354
72.5408
72.4756
80.5294
80.9782
72.6873
80.6376
72.5294
60.7701
80.326
72.5072
80.3373
72.2825
72.628
80.6085
72.8309
80.6829
72.3135
80.4743
80.5947
80.7823
60.5264
80.6632
60.5187
80.6726
80.8911
60.5274
80.5615
72.4008
80.3989
72.197
80.6857
80.7248
60.6087
60.7325
72.5946
72.4827
72.6208
80.706
80.5955
72.761
72.6714
72.5857
72.6696
80.8252
60.8003
80.4544
73.0515
72.744
80.8904
80.6997
72.8815
80.8152
72.6143
72.4048
72.5407
72.6659
72.5094
72.4012
80.8451
80.8453
72.6025
80.2856
60.4552
72.5023
72.8177
72.8576
80.1285
72.6411
80.4583
80.3284
80.5621
72.6806
80.8012
72.6058
72.6128
72.4845
72.7897
72.3912
72.1472
60.7532
72.226
72.4715
80.5022
80.6914
80.4656
72.5683
72.4929
80.8896
80.5855
80.8169
92.4853
72.3139
60.5383
80.4883
80.5783
72.4994
72.3985
72.654
72.469
80.3344
72.6046
80.4644
81.1687
80.5764
72.4366
80.7279
72.2996
72.7535
72.6005
80.5467
60.3902
72.2624
72.8483
72.553
72.5577
60.5259
72.3756
72.6266
72.9289
80.4318
72.4352
80.6547
72.4154
72.6977
72.5034
80.2632
72.1239
72.6088
72.7299
80.9276
72.3269
80.6778
72.2429
80.2639
72.4546
72.2187
81.0098
60.5596
80.5746
72.5649
72.9029
72.6561
80.8267
80.4485
80.5573
72.3238
60.4254
80.8546
80.2635
72.4388
72.6602
72.878
72.7328
72.2848
60.4227
80.6864
72.4027
80.6489
80.5324
81.0067
80.7685
72.22
72.6662
80.7099
80.5177
60.6416
92.8455
60.4477
80.453
80.7412
80.6173
72.4326
80.9679
72.3973
72.6933
72.4899
80.8943
72.5456
72.5706
80.7704
72.4497
72.6556
80.7948
72.2272
72.4729
80.4974
72.7645
80.9639
72.7869
80.7285
72.453
72.8137
80.5966
92.8749
72.3007
72.7007
72.8091
72.4533
92.1948
72.338
72.6501
72.6385
80.499
92.701
72.1779
80.8111
48.2364
80.7537
80.8471
72.7233
72.846
80.5975
80.5875
72.6541
60.2005
80.5728
81.0275
72.5007
72.5195
80.8848
72.4598
80.9221
80.959
80.9986
80.3618
72.3736
72.5576
80.674
80.5917
80.3994
72.5367
72.1875
80.8086
72.6087
72.5191
92.7863
72.6272
72.3014
72.5477
72.5481
60.422
72.4498
80.3967
72.63
60.2917
80.9914
60.5893
72.5039
80.454
72.5844
60.5611
80.7052
72.2148
80.8238
72.4019
72.7078
60.6253
60.4641
72.7843
80.5981
72.8871
72.5482
80.503
72.5574
72.5406
72.2734
80.5084
84.6197
72.3929
80.3176
72.6634
72.6088
60.2625
72.6679
72.6978
72.2776
72.3497
80.5051
60.7385
80.7422
80.6195
72.4911
80.6156
80.4424
72.7369
92.5304
72.4649
72.2938
72.4836
80.582
72.5288
72.6387
72.7979
80.3705
60.3245
72.6775
80.5575
80.1845
80.4105
72.5155
72.6407
72.736
80.8146
72.4351
80.731
60.6789
72.7017
72.5898
72.3456
72.2877
84.5636
80.6528
80.5222
72.9844
60.6498
72.4303
72.2825
72.7181
72.4397
92.4959
72.3845
72.6124
72.6258
72.5607
80.7082
72.7072
72.6367
72.5534
80.5334
84.7247
60.3551
60.4996
72.7023
72.6272
80.4552
80.4008
60.5687
80.6257
72.5463
72.6503
72.2662
72.8731
80.7451
80.4397
72.4054
80.7679
80.8519
80.4798
72.8743
72.6607
80.4584
72.5218
72.4323
72.6392
72.3717
80.7511
80.5441
80.5067
60.5138
80.4914
72.4867
80.7062
60.8052
72.2659
80.5955
72.5495
80.7209
48.2367
80.4203
80.4296
80.8029
72.5084
72.6137
80.5274
72.2366
80.7514
72.6282
72.9397
72.6622
72.5535
80.5544
72.4629
72.4816
72.5988
80.4199
80.6378
80.8456
72.6005
80.4816
80.5761
80.6512
72.3347
72.6163
80.5716
72.4608
80.5977
60.5415
60.6693
72.5047
72.0156
60.4033
80.7966
80.6133
72.3621
72.1991
80.6174
84.4433
80.834
81.0408
60.2142
80.6245
60.3823
72.6207
72.3851
80.5231
60.7512
72.4849
80.6828
80.5819
72.4308
60.3478
80.3856
72.8969
60.3512
72.5419
80.4887
80.381
72.7592
80.8171
72.3598
80.7205
72.855
72.4674
80.639
72.8373
80.495
80.7697
80.5118
84.327
72.8352
80.9415
60.5561
80.6138
72.2759
72.5693
60.2788
72.5263
80.2981
72.6283
72.6343
80.5724
80.6503
72.4905
72.4395
72.7046
72.5001
80.5836
72.4852
72.4104
72.4963
72.485
60.3549
72.1827
72.6145
48.1486
80.6749
72.6801
72.4739
80.512
72.4645
60.3835
80.4514
72.7183
60.4645
72.5682
72.5583
80.3879
72.6843
72.3897
80.7615
72.5577
60.6193
80.4984
80.8609
72.6843
48.3978
72.5898
72.5867
72.471
80.5889
72.6606
80.7869
80.5167
72.6311
80.7591
80.8548
80.699
80.5195
72.4619
72.7085
72.455
72.4826
72.5525
72.3701
72.788
80.6234
81.0481
72.6148
80.5511
72.3264
60.4645
60.362
80.5334
60.5258
60.6754
80.439
80.5887
80.5133
72.4721
80.5189
72.7937
80.8044
72.2644
84.8575
80.4967
92.5861
72.6274
80.6441
72.939
72.4885
72.5832
72.6001
72.5326
80.465
72.7315
72.2985
80.7181
72.456
80.8426
80.6734
80.8347
80.4423
72.5266
72.5308
80.681
80.5945
80.7364
60.6078
72.6053
72.7032
72.2776
72.2451
80.7904
80.1566
72.5911
80.4953
80.7716
72.3429
80.458
80.3806
72.6768
72.444
72.3484
84.5037
72.3711
72.5945
80.7777
72.4738
72.5459
92.636
80.5974
80.7981
60.7401
60.7671
80.7276
72.142
60.4906
60.3671
80.5864
80.6313
80.4523
72.5722
72.482
80.6455
60.1559
80.4624
72.5913
80.5422
72.421
72.5805
60.236
84.7113
80.6395
72.6148
60.7082
80.2958
72.3162
80.9935
60.41
72.6389
72.5199
60.2618
80.6445
72.5786
80.8214
72.558
72.7421
80.7792
72.7681
72.6859
80.3017
80.4992
80.5013
80.7207
72.8212
80.6242
72.3856
80.9355
80.7398
80.6142
80.454
72.8173
80.2582
80.9379
72.5127
72.5739
60.4643
60.2357
80.3259
72.6779
60.4565
72.4254
81.047
60.5277
40.3893
72.5321
84.568
60.4136
72.548
80.5595
80.2784
72.586
80.565
80.658
60.6
72.8774
72.4179
72.3779
72.3609
60.3795
80.7593
80.7974
80.6873
80.5882
80.7017
80.4837
80.7907
72.5662
72.7836
72.5424
72.3608
48.483
72.4344
72.328
80.4869
72.5475
72.4951
72.9218
80.4676
80.5676
60.684
80.5099
72.3645
72.356
92.6718
72.6248
60.5368
80.5263
80.3914
80.5983
80.5407
72.761
80.8987
72.4912
72.7596
80.6877
72.4844
72.2507
80.2209
72.3097
72.0774
72.7457
80.5734
60.3261
80.707
72.5782
60.2738
80.6556
72.3935
60.5597
72.5245
80.4635
60.8264
81.0122
72.5134
72.6674
92.6359
80.5186
72.6312
72.597
60.5893
72.6152
92.9301
80.9772
80.3177
60.0828
72.2112
80.4588
60.3749
72.6661
80.4608
73.068
80.5847
72.5812
72.4078
80.4963
72.4779
80.3373
72.442
60.456
48.3363
72.6939
60.6314
72.5238
60.4752
72.6852
72.5592
72.3968
80.8134
80.4176
84.414
72.6625
80.7817
72.6318
60.6192
80.7893
80.2576
72.4137
60.4226
72.2888
80.4282
72.1822
72.5437
72.3807
80.792
72.3978
80.6327
80.3066
60.4435
80.4494
80.2031
80.3982
60.5991
72.4837
72.5525
48.35
80.5895
72.581
60.2087
80.4812
72.5962
60.4516
72.7415
72.3267
72.645
80.5668
92.404
72.7269
80.7174
72.6999
80.7961
72.4957
80.4485
80.6815
80.7487
60.378
80.5234
72.3956
80.4038
72.8535
80.3647
72.5314
80.3009
80.7351
72.713
60.6678
60.5346
72.8228
72.5972
80.4675
72.6019
72.5822
80.6532
80.7196
60.6464
80.782
80.3695
72.3556
80.4976
80.4666
60.5734
80.2651
80.7484
80.59
80.4395
72.5312
72.2731
80.7053
72.4672
72.5393
72.4081
72.4187
72.5148
72.3969
72.5971
72.8499
80.467
72.7288
80.2577
80.851
72.4618
72.3468
72.3852
60.1007
72.5714
60.566
72.403
80.3203
72.6296
72.3191
80.9356
72.7428
60.4538
72.7366
60.5033
80.7411
72.4313
72.3021
72.7049
81.0765
80.5421
72.6552
72.4977
80.5519
72.3111
72.833
72.6012
80.7086
81.0341
80.4428
72.8366
72.4216
72.5875
80.2975
80.5091
81.0067
80.3798
72.3922
72.3074
80.8486
72.2092
80.57
72.681
80.6224
80.8221
80.5469
60.2908
80.5788
80.5814
72.4481
72.7454
72.799
80.7871
72.6344
80.5006
72.7129
60.7093
80.5359
72.5994
72.4239
80.7428
80.5261
72.9123
72.5761
80.7709
60.2074
72.5796
72.4962
80.5515
72.1569
72.9699
72.6207
80.5849
80.7741
48.3258
72.7791
72.1921
80.6546
80.5664
72.7659
72.6217
60.4457
72.6734
72.6211
72.5742
72.9743
80.6144
72.983
72.6549
80.8967
72.496
72.4707
60.4845
72.6932
80.5117
80.3857
80.3811
72.6943
80.3321
72.6824
80.6786
72.4986
72.3859
80.5513
80.3175
60.4675
72.1068
72.7249
72.2243
60.5435
72.2654
80.7452
72.7216
72.6735
80.4845
80.9743
60.237
80.8427
80.4577
72.3384
80.461
80.6953
60.2862
72.4055
72.4146
72.818
80.8037
72.3212
72.4845
80.6391
80.8978
72.813
60.5737
72.3706
80.794
80.6363
72.3593
60.3228
60.2248
72.3939
80.9274
72.1014
80.7303
72.489
72.5356
80.6734
80.5162
60.5599
80.8397
80.8993
72.8249
80.7417
80.3781
80.5099
60.6368
80.3285
72.5675
72.2687
80.6105
80.8494
72.7216
80.9333
72.7417
72.3749
60.4914
80.6985
72.333
48.3853
72.7093
72.7506
72.6372
80.5607
72.5457
80.711
80.7363
72.7855
72.646
80.7555
72.5924
72.7801
80.658
80.2424
80.6112
92.5413
80.3427
60.3312
80.9124
80.4068
80.7698
80.7103
72.419
80.6061
72.6333
80.3964
60.4433
72.3642
72.5213
80.9054
72.6464
72.4424
80.7029
80.6678
60.4277
80.6299
72.3036
80.7798
72.4356
72.3606
80.6195
72.6647
80.5724
60.4797
80.7697
60.5212
60.5427
72.183
72.9645
80.1546
72.7056
60.3633
60.5656
72.4395
72.7663
72.3039
72.346
72.3492
80.6327
72.4314
72.6092
80.4398
80.7285
72.7401
48.5251
72.9294
80.5417
72.4347
72.6746
72.6715
72.5374
72.4929
80.5679
80.5445
80.4017
60.5423
80.3042
80.9173
72.6564
72.5078
72.7662
81.0419
72.5444
72.1863
80.2624
81.1734
72.4213
92.9122
72.6355
80.4779
72.7872
72.7153
84.2496
72.4388
72.8135
72.3847
72.6517
60.7233
80.2927
72.7053
60.4541
72.4676
72.3044
72.518
80.8292
72.7515
80.3703
72.5445
80.7026
80.6308
80.7307
60.5872
72.407
72.8575
48.2944
80.3835
80.5525
72.9296
80.6672
72.4324
80.5235
72.7688
72.4099
72.4825
72.5975
80.7173
72.3243
80.5517
60.4086
72.5171
72.5924
80.6243
80.4593
72.3997
80.611
60.4916
60.6042
72.7171
72.6681
60.459
80.9869
80.7063
80.5041
80.4408
72.6081
80.7037
80.3778
72.7169
72.5965
80.5621
80.7145
72.3815
72.3601
80.4074
80.4049
72.3545
80.6711
80.7684
80.5171
72.5735
80.7221
72.4471
80.8108
80.9825
72.6577
80.4988
80.5892
72.4653
72.5112
60.5689
72.3777
80.3622
60.511
80.4816
84.772
80.441
80.6323
72.3587
72.6233
81.0606
80.7886
60.8147
80.4577
72.6691
48.3373
72.5769
72.425
72.5588
72.3709
72.6543
72.5952
72.565
72.4178
80.6087
80.5433
48.3765
80.3092
80.6307
72.7943
80.6948
72.5109
80.4549
80.2213
80.6792
80.6751
72.5569
60.3543
80.5413
80.6618
72.4448
72.4815
80.7946
48.5349
72.6356
72.6352
72.3596
72.289
72.6648
72.7202
60.6976
81.1644
92.3494
72.5219
80.5341
60.3616
80.2577
80.5538
60.5308
72.5958
60.5695
72.5065
72.6356
80.5005
72.6434
72.4685
80.8493
72.3032
80.817
80.601
60.2705
72.2545
84.576
80.3591
72.274
72.4422
80.4443
80.4768
72.9058
80.8639
81.0362
72.3673
80.571
72.6284
72.5711
72.8143
72.3189
80.5325
72.5587
72.4587
72.7057
80.463
72.7616
80.5786
80.6455
60.4743
72.8672
80.5257
80.5768
81.0495
72.5202
80.88
60.5509
72.4916
72.7452
60.5929
72.299
80.5144
72.9185
60.4647
80.3073
72.3962
72.3002
72.709
60.1738
60.2576
72.5818
72.7686
72.6042
72.9132
60.473
60.1849
72.618
80.8656
80.7955
72.6652
72.8023
72.3131
72.3043
80.817
80.8571
72.7327
72.3998
72.4029
80.7034
72.6447
80.6084
72.2369
60.195
80.803
84.7707
80.6051
72.7742
72.2427
60.5776
72.4031
60.3908
72.4388
72.3005
72.4318
60.3932
72.7187
60.2914
80.7476
80.3445
60.4587
72.4831
72.6158
72.4464
72.4556
60.5437
72.4367
80.6259
60.3452
80.6802
80.5953
72.7244
72.595
60.3085
60.8841
72.4334
72.4956
80.0788
80.8264
72.498
60.6187
72.2292
80.2174
80.4778
80.6211
72.6234
72.3988
80.266
72.7681
60.6755
72.7051
80.4613
48.545
72.2976
72.5956
72.3495
72.6735
80.6349
80.7877
80.8074
80.4353
72.4473
80.719
72.6231
80.8164
84.7461
72.6274
80.8605
72.5459
80.6672
60.6612
80.666
80.3192
72.4709
80.7397
80.7284
72.5532
72.5077
84.5072
80.5007
80.661
60.3592
72.5428
60.3591
72.3477
60.4364
80.6099
72.4099
80.4478
72.6806
80.409
60.5697
80.7588
72.9559
80.8542
72.6099
80.4855
72.2246
80.8382
60.5102
60.6558
72.363
72.5392
72.8124
92.7548
72.4338
80.4887
60.387
72.2911
80.9963
72.6118
80.5617
72.449
80.3336
80.827
72.557
72.3342
80.8401
72.5138
72.5011
80.7254
72.501
80.9182
72.2968
80.4781
80.7533
72.1806
72.4894
80.3647
72.5404
80.8402
72.6197
72.4469
92.6472
80.5132
84.7943
72.5383
80.4375
80.4092
72.6077
80.3425
80.7716
80.6087
60.7342
80.3803
72.4901
72.4688
72.5384
72.5589
72.7458
72.3342
72.5149
80.7966
80.7309
84.5177
72.5528
72.4163
80.6627
60.4099
80.4664
80.8298
80.5606
72.5063
72.7625
72.6686
80.4971
72.6074
72.3374
60.56
72.4679
72.2078
72.9781
60.4419
72.545
48.4179
72.6074
80.3139
72.558
72.6244
72.5392
80.3335
72.8343
72.5626
60.295
72.3205
72.631
80.5834
80.8785
80.7322
81.0768
72.2348
80.4624
80.7475
60.4967
72.265
80.7983
80.3044
60.5424
80.2735
48.4416
60.3702
72.5146
72.4225
72.3055
72.2035
92.8449
80.5261
80.5168
80.3235
80.7348
72.7329
80.3136
60.3529
72.4364
60.5655
72.3588
72.6883
72.8482
80.8297
80.4657
72.4084
72.5623
72.5355
72.5443
72.6417
60.6228
60.4539
60.5982
72.2396
72.6371
72.6267
80.5213
60.3465
72.6028
72.3104
72.2873
80.2017
72.5544
72.612
72.6405
80.5493
80.8594
80.4
80.652
72.5418
72.3242
80.604
72.294
72.7372
48.2613
80.9735
72.4128
80.8407
72.6091
80.4494
80.6601
72.6522
72.4742
72.6507
72.3216
80.6613
80.2815
80.384
72.5641
80.6273
80.6883
72.6035
60.6281
72.7428
80.933
72.7292
60.41
72.2173
72.3562
80.7237
81.0872
80.7255
92.8213
72.8349
80.6314
72.5065
72.669
80.3907
72.7067
80.2082
84.381
72.149
80.5468
72.3239
80.4222
80.7299
72.3705
72.6762
80.8605
72.7997
72.405
72.7428
60.7582
72.5293
72.8195
80.564
80.5904
72.4935
72.5078
72.4552
72.7333
80.7447
80.2329
72.8351
72.7704
72.3077
80.5406
72.6625
72.0497
80.5466
72.5728
72.9337
72.7187
80.7783
72.5495
80.348
60.5478
80.8669
72.7794
72.5427
72.5232
60.7202
72.2344
80.7844
80.8278
60.6925
60.3513
60.7193
60.2907
72.8612
72.5506
80.6733
72.2782
72.5873
80.9719
80.3328
60.3732
72.7042
80.7426
80.5379
72.2276
60.4469
60.555
72.2451
80.5249
80.6758
80.4761
72.7995
80.1881
80.5664
80.5836
72.7116
80.5663
72.3747
72.7976
72.4466
80.6049
72.6372
72.8217
60.1909
72.679
72.7233
60.3807
72.6312
72.2412
80.4667
60.4102
80.4582
72.1266
48.4363
60.3758
60.6089
60.5007
72.6556
80.5353
72.422
60.524
72.52
72.4489
72.4927
72.8652
60.4518
72.345
80.6545
72.5641
80.6252
80.5022
72.5756
72.5709
72.2134
80.2904
72.376
80.7085
72.8757
72.487
80.5881
72.4959
72.6486
80.3611
72.4594
72.5047
60.5176
72.8811
72.8925
72.6516
72.4208
80.6455
72.3919
72.4549
80.1735
72.5958
80.7032
72.6662
80.4925
72.6854
80.5927
60.032
60.3895
80.5955
72.4015
80.7685
60.4715
80.4235
80.8651
72.6088
72.6102
60.4596
80.933
72.3798
80.541
72.5809
80.534
72.3849
72.3601
72.6387
80.969
80.785
72.6465
60.2457
72.5255
80.5479
72.8223
72.4181
60.3933
80.4488
81.1336
72.49
72.4785
80.5324
72.2466
80.7156
80.5195
72.6812
80.6279
80.3566
72.4865
72.6007
80.4465
80.4455
92.6814
72.7373
80.7372
72.8755
72.5287
80.5537
72.933
72.2942
72.7443
60.2467
80.3118
60.3231
72.5469
72.5783
72.6823
80.8045
80.6265
72.7414
72.4645
80.5959
72.4997
72.9341
80.5647
80.5609
80.3301
72.5445
72.692
72.6892
72.4761
72.4598
60.6878
80.128
72.0632
72.7381
81.0321
80.8404
80.2719
80.9214
60.1685
72.4057
60.4206
72.6303
72.4453
72.6871
80.2809
72.208
72.8837
60.629
72.6908
72.6063
80.4459
72.9828
80.267
80.5396
72.3772
72.5659
80.7058
72.4929
80.6325
72.6788
72.6789
80.5137
80.6597
72.4706
60.4876
80.7584
72.5004
72.6062
72.4088
72.4498
72.2636
48.1858
80.6736
72.4383
60.6237
72.3456
80.6482
72.4916
72.759
72.4023
72.3621
80.4258
72.564
72.6807
60.4865
80.7259
72.2775
80.7101
72.8835
60.3963
80.8358
72.8999
72.3199
72.85
72.4346
72.6312
72.5842
60.3364
80.7355
60.5163
72.5893
80.9329
72.5673
72.5634
72.2076
72.7944
72.5481
80.6152
81.0981
72.4836
80.6232
80.3545
80.5978
72.8596
72.3889
80.6633
72.9877
72.273
60.6846
80.3842
80.6571
72.4657
72.2905
72.4283
72.4996
72.3451
72.4445
80.9121
72.3951
80.2921
72.2153
72.4073
80.8932
72.2918
80.6054
80.6237
80.664
60.3941
72.2623
72.8498
72.4443
80.6991
80.7822
72.8088
60.6095
80.762
72.3068
72.6028
72.3776
72.6474
72.6574
80.6077
72.6833
60.4571
80.7984
80.4992
72.5469
80.6638
72.439
72.3301
48.5052
81.0643
60.4733
60.4745
80.7375
80.3142
80.4368
60.5223
80.3607
80.679
72.5034
72.7174
60.6874
72.7177
84.3221
80.8069
72.3915
72.4721
80.7128
72.6695
80.8125
72.6049
72.8454
72.7521
72.5898
72.7649
60.5883
80.5513
80.846
72.4126
80.8098
72.6889
80.7773
72.4181
80.9074
72.6272
72.6551
80.6791
72.8069
60.3294
72.8918
80.9795
72.5802
80.7002
72.3557
80.5511
80.6268
80.6931
80.9681
72.507
72.6389
72.7876
72.7527
80.8114
72.5379
80.6923
81.1947
72.521
72.7155
80.4457
72.4783
80.6393
72.7378
72.3712
80.3363
72.5208
80.3463
72.8058
60.4152
72.7604
80.8795
60.4626
80.4748
80.5969
85.0453
72.5621
72.2221
60.5296
72.5012
60.7472
80.7006
80.5047
80.5754
72.6334
80.6084
80.5012
80.4773
80.6662
80.7518
80.8608
80.6002
60.4553
80.4238
80.9357
72.5497
81.206
48.2954
72.8314
72.5322
60.733
80.8059
80.6108
72.6582
72.2556
80.4349
72.5146
72.4773
72.6193
72.4531
72.4381
72.6034
72.4051
72.7285
80.4075
80.8313
80.7712
80.2107
60.5128
72.5452
80.6464
60.4811
72.7457
72.5844
72.6761
80.5395
80.7971
72.2984
72.5032
80.5556
48.3998
72.5177
72.4455
80.7604
72.6607
72.2066
72.2459
72.6879
80.6194
72.6712
80.6149
72.5095
72.5387
72.4066
60.6197
80.2144
72.3783
72.6025
72.7086
80.9337
72.4456
72.8045
72.8149
80.3977
72.2687
80.7216
80.6322
60.4895
80.4601
80.7096
80.583
80.4229
72.289
81.1581
72.8011
72.6421
72.3085
80.9288
80.5221
92.8926
80.368
72.5594
72.667
80.6519
80.4281
72.3583
80.8162
80.3454
60.2767
72.5292
60.6195
60.7827
72.8199
80.4279
72.3906
80.3127
72.3234
81.0717
72.3472
81.0306
72.4502
80.5033
72.3957
72.4804
60.5115
80.3527
72.6849
72.5572
80.4636
72.554
72.3503
72.8775
72.6404
80.4099
72.8434
72.4111
72.438
72.2846
72.5015
72.379
72.7098
80.7382
80.5783
80.7166
72.4203
72.5166
80.6224
80.3296
72.5138
73.0154
72.8438
80.4723
80.9363
81.0939
72.9218
72.3689
81.1944
80.6468
72.5227
80.3452
80.3972
72.4434
72.8689
80.3208
60.4307
72.5804
72.4202
72.6534
81.0444
60.6114
80.8829
72.7565
60.4679
80.9175
60.7232
72.7427
72.5003
72.6768
72.4899
72.8347
80.6464
72.4244
72.8194
72.7359
72.4479
72.4722
80.7272
60.3256
80.5683
80.4701
92.9387
80.7438
72.6874
48.3826
80.5111
72.3662
80.6497
81.0604
72.356
72.3062
80.6122
80.7595
80.9654
72.6939
80.7197
60.3245
80.5459
72.6703
80.6921
60.5953
72.0816
72.741
72.4296
80.1485
72.6561
93.1044
72.4016
72.6149
72.4679
72.671
81.099
72.728
60.4152
80.6052
60.6495
48.3039
72.6681
60.3729
60.4252
72.7604
80.5703
72.4368
80.7171
72.5694
80.7037
72.3938
72.5288
80.5886
80.409
60.6281
72.3572
60.5495
60.4215
80.7413
72.6346
72.5369
72.6623
80.4748
80.4858
80.3324
80.5184
72.2235
60.4263
72.5907
72.3178
60.6187
80.6561
72.477
80.808
72.9673
72.284
60.4665
80.8409
84.3028
60.3143
60.292
72.6329
72.635
60.5238
80.7841
72.4765
80.469
72.9514
80.6235
80.5867
80.5394
72.8619
92.7978
60.1943
84.4619
80.5832
72.4536
80.6143
72.9695
72.3671
80.5925
80.516
80.4088
80.7682
72.2084
72.3439
72.4806
80.4561
60.5473
80.5602
72.3562
80.7841
80.7489
72.5913
48.4455
60.6355
72.4566
72.5306
72.9832
72.7001
80.4333
80.8895
60.4335
72.341
80.6883
72.6417
72.3373
80.854
72.7142
72.305
72.6895
72.3303
80.8249
72.8631
80.6308
72.2794
80.7906
72.4194
80.4163
80.8139
80.6235
60.4179
80.7757
80.4503
60.4147
80.6289
80.7178
80.5954
72.7525
60.5181
80.736
72.4596
72.886
72.5234
72.5098
80.4636
72.621
80.3836
60.3976
72.5896
72.397
72.3231
80.8683
72.1749
72.7135
80.0822
72.3507
80.425
60.2157
60.7662
80.3636
60.408
72.5413
72.4747
80.6864
72.7501
72.6498
72.3208
80.4611
80.5547
72.7004
81.1699
72.2714
72.5321
81.1475
72.6294
72.3616
72.4751
72.4648
60.5943
84.3473
72.4579
60.4413
60.2031
60.3012
80.2833
72.5354
72.5674
72.5928
60.4446
60.4448
48.3591
72.4789
80.5507
80.3757
72.4188
72.5431
72.6283
72.7542
80.4574
72.8623
72.1234
80.455
72.6419
80.5514
60.7493
80.7645
72.4014
80.5343
72.2997
72.6542
80.6658
72.3338
80.8207
80.5394
80.4111
80.7432
72.2115
72.8291
72.5941
72.6641
72.6356
80.761
72.5317
72.5855
72.5068
72.6675
80.5922
72.5171
84.4209
80.8609
72.1553
80.9857
80.5726
72.7249
72.0525
80.44
80.7205
72.5808
72.5219
80.9148
48.3666
72.4171
72.8253
80.465
72.6483
80.3936
80.2593
72.4264
80.524
72.3656
72.6255
80.7139
80.4496
72.5267
80.6208
80.2259
72.5154
80.62
72.5497
72.7927
60.5196
48.5007
80.9976
80.6078
72.53
72.3492
60.2011
81.1247
72.766
72.4872
72.4876
60.5864
72.3385
72.5153
80.5915
72.6467
72.5745
60.3852
80.3896
72.1227
80.4843
80.5045
80.4687
80.4982
60.6328
72.3386
72.8127
72.7597
80.7873
80.4762
72.6274
80.644
80.5983
72.3223
80.4653
80.1788
72.5256
72.2753
72.4141
80.6075
72.6555
80.743
72.4235
80.5396
80.5027
72.7629
80.4222
72.8519
60.5741
72.3117
72.7348
80.4798
72.4568
72.454
72.573
80.7155
80.4355
80.532
72.3638
72.5611
72.2808
80.8731
80.3694
60.4208
60.3265
92.7866
72.8527
72.7563
80.719
72.6449
72.612
48.363
72.7989
80.1809
72.4139
72.5335
80.2577
84.5642
80.5527
80.7768
72.3354
72.618
72.9695
72.688
72.1856
72.5829
80.5699
80.717
60.4066
72.5763
72.7036
72.5874
72.6983
60.6316
72.6298
80.4636
80.8353
80.6844
72.3857
72.3363
72.4767
80.295
72.7631
80.5937
72.4053
72.6163
80.4643
84.7033
72.572
72.4209
60.1997
80.6638
80.4685
48.3055
80.9512
72.7588
72.386
80.6694
72.5567
80.7678
80.778
72.6116
60.6632
80.3595
72.636
60.6485
60.4381
60.6039
80.6446
60.7103
72.4272
72.5923
72.575
72.3195
72.5551
72.4723
80.6191
72.4537
81.1189
72.3515
72.4497
80.2703
80.4668
72.7183
80.7334
72.5575
80.5241
72.3547
92.7029
72.4541
72.6142
72.8361
60.3559
72.4256
72.4195
60.3156
72.6981
72.7549
60.3406
72.253
72.3462
80.4712
72.6202
72.5839
72.4982
72.4154
72.8651
72.7409
72.6624
80.3817
80.8515
72.8637
80.854
80.6887
80.3923
80.7017
72.5568
60.4822
72.5081
80.4466
80.3739
60.3161
72.512
72.8582
60.4784
72.4291
72.588
80.2625
80.4979
72.9483
72.8359
84.7902
80.3286
72.7504
80.6858
72.6638
72.5497
84.6977
84.7258
72.2781
60.5236
80.7621
72.6477
72.6694
73.024
72.7198
72.5835
80.5537
72.7288
72.2738
60.4993
80.4661
72.7097
72.2667
72.2677
72.8472
60.2466
72.8363
60.5125
72.5335
80.5714
80.8628
80.374
72.586
72.8225
72.4963
84.4306
92.7287
80.552
72.3307
72.6913
72.544
80.4954
80.3917
80.6956
72.6932
80.7728
72.2897
80.4575
80.2997
72.4509
72.5691
80.4677
80.7743
72.6195
60.1774
80.6979
84.8332
60.2446
72.2563
80.4946
80.4712
80.4548
80.912
60.4832
80.6923
72.3815
72.5628
72.7648
80.2413
80.7959
72.5291
72.8873
80.5079
72.4011
72.3505
80.4989
80.9843
72.1572
80.7047
80.598
80.0871
72.7662
72.5587
80.9217
80.5541
72.4458
80.8176
60.618
72.8078
72.6406
72.6354
72.3513
72.6945
72.3901
72.6126
80.7873
72.3854
72.6323
72.5725
80.4952
60.5242
80.8038
80.8948
72.5115
72.3723
72.5194
84.4856
72.6553
80.5758
80.4543
80.4647
92.4369
80.3517
80.5194
80.7438
80.4998
72.0581
72.2393
72.3722
80.6705
72.6768
72.3631
60.6122
80.5702
80.5102
80.2619
72.6171
80.6716
72.6286
72.5455
80.7315
72.7377
80.5706
60.453
72.5948
72.5168
72.753
72.3516
80.6664
80.7087
80.0779
72.5733
80.5812
72.9587
80.4244
80.4731
72.7283
60.1165
72.5218
72.3712
80.4984
80.7446
60.3357
72.4598
72.6689
60.3464
72.4083
72.6569
60.5676
72.597
80.6501
80.3292
72.5921
80.9628
80.6718
60.4393
72.521
72.5364
80.6476
80.7114
72.6624
72.3897
72.8036
80.8026
72.8081
80.5776
80.4718
80.3883
60.4736
72.5049
80.7853
80.9301
72.7709
80.4123
48.4434
80.6105
60.1659
60.5142
80.591
80.739
81.0961
72.285
80.667
72.3401
72.6093
80.2389
80.9685
80.7899
72.8252
80.5512
80.179
80.2388
72.3623
80.4135
72.1839
72.6844
80.699
80.9641
72.6204
72.4029
60.2137
72.6875
72.7977
80.4188
80.7139
80.4626
60.3681
92.8558
60.4354
72.5661
80.5212
80.5926
80.4226
72.5311
80.8159
60.473
80.734
60.3238
80.6654
80.7552
80.4176
84.6276
80.4622
60.6349
72.7587
80.5276
72.6072
80.5345
80.6487
80.6329
60.6559
80.2398
80.6493
72.87
72.7618
72.4747
80.8797
80.6141
72.1389
72.4018
72.5066
72.5344
72.3519
72.4633
72.494
60.6381
80.7619
80.4559
72.5793
60.2485
80.9458
72.5402
72.4009
72.9149
60.457
92.5423
72.4068
80.3056
80.6675
60.6125
72.9061
60.5119
60.6539
92.6703
72.6527
80.793
60.4563
48.4634
72.5024
72.2402
80.6276
60.6282
72.7429
72.6311
72.868
80.7536
80.6259
60.3283
80.36
80.6131
72.1732
72.4224
72.5067
80.6906
72.6737
72.2694
80.635
84.8247
60.371
80.6247
72.6496
72.5241
60.6728
72.6949
80.8939
72.5293
80.6385
72.6551
80.7065
72.7357
80.474
80.8584
72.5487
80.248
60.653
72.6862
80.3948
92.6992
72.2738
80.4098
72.9036
60.3412
72.6762
80.7179
80.6869
80.8825
72.3562
72.6096
72.8049
72.7098
72.7619
72.7546
72.4312
80.2105
72.3187
72.4656
72.6197
72.6184
72.8171
72.3498
72.6511
72.7378
80.7091
72.5445
60.5391
72.6984
80.57
72.6742
72.5103
60.4005
60.5885
72.5151
80.5638
72.4651
80.6116
72.3062
80.7464
60.628
80.6692
72.8009
80.7152
72.4644
72.2707
72.2761
72.3203
80.5437
60.3011
60.5591
72.3975
72.198
72.5433
72.5237
60.2818
72.4177
80.3237
72.5364
72.3931
80.6848
72.8029
72.8776
60.4587
72.7491
72.7362
72.647
60.5021
48.2392
80.6966
72.6393
80.5501
72.6663
72.614
72.6006
80.8393
80.7447
80.2839
60.1141
80.7868
80.6198
80.5031
80.4538
72.6991
72.6423
72.4019
72.6862
80.4976
80.5747
72.6887
72.7733
72.3959
80.8589
80.7081
84.4221
60.4121
60.1898
80.4889
80.9351
80.8902
72.4924
60.1554
80.6144
72.4287
60.5922
72.232
72.3374
72.8067
72.4906
60.579
72.5966
72.5102
60.4372
84.7467
80.4422
80.8575
72.7291
80.7296
80.6181
60.7801
92.652
80.3906
72.6336
72.2888
72.1623
80.5242
84.6276
80.353
72.683
72.2224
72.7042
80.3432
80.6107
80.7259
60.2306
80.467
80.798
72.4617
80.4571
72.5201
72.5477
72.5863
72.8961
72.5331
72.6819
72.2699
80.778
60.6327
72.4653
60.5095
80.8207
72.6368
60.3917
72.6333
80.3303
60.3531
72.4258
72.7711
72.1834
72.6132
72.3888
80.9299
80.5071
72.7489
72.3966
80.3323
72.2903
80.9228
72.8001
72.8085
80.5699
80.6039
72.4327
80.7175
72.5671
80.8185
72.5719
60.4297
60.6269
72.3808
72.4327
72.3767
60.2938
72.4042
72.3313
80.5001
72.7958
72.4007
80.8227
60.6753
80.4254
72.6351
72.6655
72.425
72.4435
80.6657
72.4948
80.7902
80.2995
60.3321
72.4676
80.5888
72.3633
60.4661
72.2725
72.0371
60.4063
80.4339
72.561
73.0352
72.6288
80.3792
80.8063
72.6616
72.1694
72.6795
80.7275
72.6781
72.6687
72.7664
80.5001
72.5372
60.6105
81.0429
80.4215
80.393
72.573
80.822
80.7267
72.1517
80.5779
72.1573
72.609
80.8079
81.0354
72.3368
72.9742
72.1569
80.4505
60.3504
60.155
80.9045
60.4946
72.3466
72.5066
80.5331
80.7161
72.3279
60.5335
72.1558
60.5469
72.713
80.5008
72.5011
72.7553
72.3511
72.4947
72.5709
80.7775
80.8406
72.6577
72.8174
72.6457
72.6056
72.7625
60.3629
72.4358
92.7062
92.2522
80.9997
60.4121
72.494
80.8022
80.3024
60.2859
60.5633
72.3338
80.6307
72.4764
60.3469
80.5276
72.3938
72.5608
80.4281
80.9593
80.9034
80.1961
72.4692
72.3624
72.5812
80.6548
72.7919
80.8357
48.5195
72.4011
80.7138
48.4212
80.8143
72.9314
72.4688
81.1255
72.4461
80.7796
72.3047
72.776
60.204
72.6299
80.7917
80.8283
72.4062
72.3772
60.4401
72.5536
80.4389
72.4171
72.5893
72.6213
72.5402
80.5267
72.609
60.4118
72.6372
80.5362
80.838
80.4793
80.1716
81.053
80.9619
80.6622
80.694
60.1938
80.8356
72.319
72.5421
80.7328
84.7212
80.5961
72.6941
72.8369
84.6923
72.5314
72.3215
80.6733
72.5672
72.6304
60.3038
72.9126
80.2398
72.7064
60.5766
72.5206
84.5748
60.3902
80.4692
80.6414
72.1982
80.6566
60.5296
72.4726
72.7491
72.3243
80.797
80.554
80.8325
84.3947
60.6578
80.5607
80.7577
80.71
72.4783
72.6971
72.4073
72.7036
72.5913
80.8055
72.7953
72.3658
72.3026
80.4315
72.9196
72.6636
72.6462
72.681
80.3273
85.0517
60.5304
72.6638
72.4651
72.5426
80.3169
80.8565
72.8257
80.4753
72.3621
72.7515
80.5457
80.2159
72.5092
80.6125
72.3968
72.6948
72.3932
72.6489
80.7663
81.1531
80.8036
72.5787
80.699
60.4141
72.7535
72.5088
72.3294
72.5083
80.7628
80.7363
80.8054
72.5085
80.452
72.4804
72.4152
80.6086
72.5209
80.8124
72.3393
80.1503
73.0035
72.659
72.515
72.4401
72.6452
60.6251
80.4513
72.6368
80.6511
80.98
80.8951
60.2504
80.145
72.6454
80.955
72.4104
80.309
80.6656
72.492
80.1983
72.401
72.4222
80.4247
72.4266
80.7352
72.694
72.4723
80.5361
72.3842
80.2591
80.4652
60.3512
72.4694
72.453
72.6571
80.4139
72.5469
80.334
72.2062
60.2606
80.5132
72.6662
72.5882
72.3682
80.6501
80.4722
72.6304
72.5484
72.5096
72.4841
80.7356
72.4693
80.6503
80.7156
60.6797
80.4668
72.1733
60.4227
72.3964
72.3703
72.7437
60.4924
80.4418
80.6371
80.9348
60.3464
72.7944
72.8202
80.7244
72.3987
72.5261
60.2984
48.5734
60.5464
80.3895
72.713
72.5213
80.5653
72.5095
72.7241
72.8251
72.5442
80.6161
72.616
80.7371
72.5143
60.3755
60.3172
60.2552
72.563
72.7534
80.9913
72.3611
80.7075
80.7148
40.3515
60.3549
72.5067
60.5779
72.6854
72.4592
48.558
84.1803
72.7439
80.2934
72.7916
72.8306
80.7101
60.4108
72.4757
72.6661
80.4045
72.6981
72.581
72.541
80.6562
80.8623
80.3567
72.8266
72.885
60.4131
80.6547
72.642
80.4712
80.2116
80.5732
84.4047
80.7924
84.6254
72.5519
80.9533
60.5006
60.2836
72.2489
60.344
72.6763
80.5028
72.7744
72.7885
80.5988
80.5432
72.7613
60.2866
72.5694
81.1248
80.4925
81.0119
60.6827
72.4999
80.2916
80.5305
72.7472
72.5876
80.3713
80.2532
80.2512
80.5435
80.8112
72.3892
72.5653
72.481
72.622
72.2467
60.5885
72.4547
60.7415
48.3182
80.6508
72.6312
72.3072
80.6928
72.5969
72.481
72.7451
72.5337
72.4438
72.6427
60.4332
80.6609
80.8311
60.5164
48.2892
72.7175
80.5536
80.4647
80.6535
72.3267
80.7166
80.6833
72.4439
72.4923
60.4253
72.5454
72.9126
72.9211
72.646
80.9373
80.2001
60.5275
60.4716
72.5895
72.3274
72.7386
72.5574
80.5578
72.5309
80.3502
84.1591
48.3657
80.6104
80.8111
93.0182
72.5845
72.9791
72.5231
72.7934
72.6993
72.4666
60.2654
80.6335
80.3145
72.15
60.2872
80.9458
80.3535
72.8246
80.5147
72.5232
72.6264
72.4217
72.6373
72.4356
80.6731
60.6738
60.4504
48.5831
80.5985
72.6237
72.4485
73.0037
80.6659
72.5858
80.8307
80.9219
80.361
60.2492
72.5063
72.5164
72.2977
80.8553
72.5484
72.3916
60.5333
92.9545
72.1143
72.3858
72.6801
60.5553
48.3975
72.6288
72.5463
80.4684
72.2853
72.5197
72.8716
80.6172
80.5996
60.48
60.4534
72.4825
72.2994
72.589
72.5731
80.6918
72.42
72.43
80.6889
72.4168
60.6117
72.5486
92.8264
80.2275
60.6853
72.6258
80.8419
81.0408
80.2587
72.7279
72.4917
80.7776
72.5382
80.5648
80.4763
81.0045
80.5579
80.5723
72.5748
80.5187
60.4239
72.4739
80.3804
80.7682
72.3858
72.6809
72.4632
48.2639
72.3502
72.5189
80.6348
72.5051
84.6519
80.4504
80.4342
80.3118
72.2922
72.5583
72.5278
72.3747
72.3885
80.8768
80.759
72.5759
60.2718
72.6149
72.5548
60.4465
80.6607
80.8195
72.0837
72.4651
80.8355
73.0652
60.3368
80.6221
72.6557
60.4903
72.5553
80.4801
81.0387
80.5445
72.3377
72.4466
80.7886
80.3353
72.3521
72.7716
80.7794
80.6529
72.7699
72.6494
81.0269
80.4626
72.7476
72.6232
72.7345
72.5054
72.4591
72.6459
80.3847
60.5707
72.9032
80.8277
80.0714
72.8121
72.6412
80.5887
60.2767
72.4883
81.0021
81.0579
80.8995
72.5835
60.2632
60.6842
80.3936
80.371
80.3526
80.397
80.4218
72.5471
60.2389
80.7502
72.6761
80.9609
72.4973
72.7061
72.3602
72.11
80.3392
80.4025
80.6924
72.687
60.4548
60.8368
80.4577
81.0089
72.3891
72.9141
60.4715
80.7878
72.5081
80.694
72.722
72.3931
72.6091
72.5245
60.3591
72.5378
72.4171
72.3741
80.5795
60.2008
80.8859
60.5261
60.5133
72.6349
80.7324
72.4803
72.6393
80.9166
80.5792
60.5363
72.7057
72.5431
80.943
84.5169
80.436
80.4884
72.7714
80.795
72.2039
48.2592
72.6005
60.4829
72.4761
72.5067
72.3906
80.1631
72.4108
80.8815
60.3889
80.6474
80.4057
72.4595
80.449
80.4732
80.4651
72.765
72.6925
60.4887
60.5335
80.1932
60.5927
60.4087
80.6191
72.213
60.3028
60.054
72.2228
80.4222
72.5235
80.5763
80.502
80.4553
72.3458
72.5794
72.6464
72.7827
72.4647
72.3208
72.7158
72.5928
80.4034
80.2852
72.5653
80.7145
72.4909
60.5668
72.8656
60.6236
80.9029
72.2275
80.8085
72.2894
80.4076
72.3645
72.6463
72.8744
72.4449
72.6011
60.2973
80.7611
80.6418
80.7536
84.8511
72.2397
72.5585
72.284
92.8134
72.4353
81.1396
72.6546
72.5491
80.8033
72.456
72.6197
80.6034
60.3589
72.555
48.1635
72.5892
72.2355
80.9243
72.5339
80.4498
72.6713
80.7065
72.8182
60.5788
72.6691
72.1399
80.761
72.4824
72.4208
72.6167
72.534
80.4679
72.6105
60.557
80.4628
80.6418
80.5249
80.2121
80.5614
72.8589
72.4818
72.2526
72.9146
60.5336
80.5718
60.514
60.2745
60.632
80.3679
72.7265
80.2072
80.7288
72.3808
72.4452
60.457
60.5987
72.5151
72.6056
60.6392
80.3676
72.9326
80.7073
72.8781
72.6504
72.6386
80.4235
72.4734
80.5887
72.3352
72.3077
92.2725
48.1424
60.5458
72.6327
72.432
72.1476
80.6151
85.0606
80.6911
72.5037
80.5118
60.5208
72.1643
84.8078
60.5249
80.3681
72.5953
80.7483
72.4135
72.58
72.5651
72.476
72.7401
72.0614
72.6392
60.7196
72.7678
80.7093
80.5869
72.32
72.7549
72.3949
72.6772
60.4054
72.5162
80.338
80.8563
72.7574
72.4217
60.4147
84.61
72.2467
72.6023
80.6839
60.2367
92.9582
72.5455
72.5606
72.4619
72.5342
80.3088
80.655
80.8863
72.5454
60.3748
72.3379
80.7131
80.6793
72.5175
72.4959
80.6364
72.5642
72.3995
72.8279
72.6261
73.0603
80.4009
92.9416
80.4648
72.5659
60.2043
72.4844
72.4618
73.0546
72.4776
80.5887
80.7763
72.7032
80.4386
72.6136
72.628
72.6598
80.8132
72.3622
60.6016
80.8506
72.2676
73.0062
72.4292
72.5681
72.5973
80.3024
80.6275
60.6152
60.1573
80.5861
72.7131
81.1051
60.422
72.6554
60.5853
80.6616
60.5675
80.6463
80.369
72.5782
72.6552
80.4816
80.8273
80.7437
72.5775
80.6693
72.6743
80.6283
72.7876
60.6097
60.5415
72.6397
80.6307
80.8477
72.3733
80.4226
60.5313
72.4842
48.3367
80.6253
80.8805
80.3527
80.7929
80.8576
72.4903
80.8635
72.5631
80.2665
72.6754
80.7515
80.3557
80.5159
72.4419
80.4111
72.2751
84.7044
72.145
72.5669
72.5284
72.6802
72.7797
80.326
80.7487
72.2944
80.4569
72.614
60.1329
72.4915
72.6359
80.7163
60.7014
72.471
72.3035
92.4796
72.7343
72.2532
80.5123
72.5043
72.5609
60.5754
72.6702
80.5834
72.5539
72.4119
80.8772
80.4655
72.5933
80.7545
72.9152
80.5971
84.9636
80.2844
92.466
72.2492
80.9139
72.2853
80.4113
80.8352
80.551
80.4708
72.4569
72.3778
72.8103
72.445
80.3794
72.7908
80.6803
80.4956
72.8065
72.5176
80.9346
80.6688
80.8428
72.5905
72.3636
48.4939
80.7548
80.6792
72.6761
72.6016
60.4444
60.6008
72.6108
80.5291
80.5324
60.5158
80.4767
80.5863
72.4093
84.823
72.3658
84.3537
80.7623
60.4331
80.6627
80.7819
72.5722
72.692
81.0617
80.843
80.7501
80.3757
80.8738
80.5187
80.7793
72.8556
72.154
72.7939
80.5804
72.5311
72.471
60.3395
60.3318
92.8522
60.3954
80.301
80.5611
72.9683
72.9164
80.768
80.3372
80.5314
72.6933
80.6262
80.8243
72.6242
80.6317
80.584
60.6916
72.5962
72.8194
80.6497
80.6822
60.4732
80.3637
80.699
80.7836
72.4752
72.6638
80.6916
72.695
60.5341
72.8591
60.5264
72.6103
80.509
80.8618
72.7653
60.3545
72.3487
72.2856
72.5465
60.3749
80.6974
72.6134
80.5316
60.6425
72.2327
92.7017
72.4498
72.601
72.8069
72.5381
92.5159
84.4875
72.7464
80.1401
72.7745
80.5942
72.6062
72.8639
60.5017
80.8024
72.5301
72.6679
92.782
72.4099
80.8052
60.4599
72.6236
72.7179
81.1061
72.6341
72.6816
60.703
80.4747
72.6237
93.0857
72.2924
72.683
72.7607
72.5362
80.51
80.5926
72.5859
80.7292
80.6327
81.1342
72.3436
80.7045
72.243
84.6577
72.5497
60.6741
80.4103
72.3629
72.638
72.799
60.385
60.1626
80.7193
72.6258
72.6535
73.1118
72.3072
80.4965
92.7666
80.8419
72.3605
72.6475
72.5529
72.4447
72.3689
80.4113
72.6969
72.5652
60.4477
92.8607
80.2509
80.6227
72.4997
72.4253
60.3091
80.714
72.6713
72.6061
72.8105
72.3976
72.5151
60.5621
72.2115
72.6273
80.6281
80.5584
72.3209
72.6351
92.5679
72.7905
72.6356
72.4407
60.4593
72.7053
80.4316
80.3076
72.5585
72.2492
80.5183
72.5828
72.5334
72.7621
60.4637
84.7224
72.2567
48.3313
72.4086
80.5795
72.4813
80.7346
60.5149
60.4724
72.6215
72.5593
80.7944
80.8779
72.8026
80.3861
80.5331
80.9651
80.3496
72.4912
60.5273
72.6628
60.4815
72.6052
72.4463
60.4222
80.7132
60.5821
80.6054
60.3793
72.5466
72.3129
80.7915
72.8225
72.3714
81.0424
72.6433
72.5672
72.7564
72.6196
80.7538
72.5658
72.587
80.7521
72.3841
80.878
72.755
80.4303
80.7084
80.5382
72.5337
80.5816
72.3086
80.4574
60.483
80.4221
72.2791
80.5788
80.6173
60.3242
72.5841
80.5586
72.7411
72.1773
80.4458
80.8741
72.5711
80.6405
60.5585
80.4931
72.649
72.6605
72.769
72.7112
84.1982
80.7182
80.6339
72.6943
80.6004
72.6352
92.5026
72.3842
72.6783
72.5414
72.7594
72.2361
60.5249
60.439
80.6629
60.5053
80.6015
72.1811
72.5067
72.6676
72.5433
80.3663
72.4545
80.6566
72.5849
72.641
72.3243
80.8181
80.2118
80.6932
80.6456
60.6234
80.3609
92.7202
80.773
72.3687
72.414
72.8238
72.4251
72.6072
72.3726
72.9964
80.5259
60.6412
80.6134
72.4175
72.6725
72.6894
72.5551
80.6084
80.4219
72.8232
80.6282
72.7159
72.7256
72.3149
72.2705
72.6481
72.4508
84.5816
60.5885
80.3305
72.6092
72.2867
80.6146
72.5129
72.3187
72.84
80.965
85.0566
80.7083
72.5925
80.3396
60.8373
84.796
80.388
60.4426
72.4251
80.4389
80.536
72.3697
60.4651
72.5986
72.7329
80.4355
72.6576
72.7715
72.5294
72.3967
72.6193
72.391
80.508
60.5107
72.5908
72.5518
80.815
60.578
80.4852
80.7213
72.5764
80.5145
72.476
72.6474
72.3237
72.79
72.6311
60.3657
81.2547
72.5804
80.5458
80.6684
72.462
72.1609
72.5367
80.7145
80.2871
72.3022
72.6002
60.3688
80.2774
80.4658
72.4873
80.3634
72.1913
60.3853
72.5271
80.9109
80.5481
80.5356
80.9059
72.4415
72.3284
72.4125
72.2573
60.2121
72.6502
80.9576
80.5705
72.0287
72.6457
84.733
80.6444
80.8681
72.657
80.7619
72.5879
80.2611
72.1284
60.1895
80.7214
80.5949
72.4493
72.4964
60.4151
60.2971
80.4885
48.3634
60.5883
72.5481
81.0031
80.3068
72.6093
60.5759
80.4749
72.613
60.5943
72.537
72.5993
72.6998
60.5982
60.5378
72.6471
72.5328
72.6897
80.5446
80.7231
72.4538
72.5687
72.5939
80.534
72.8091
72.3173
72.4515
80.3802
80.8288
72.5359
80.6321
84.5504
60.3358
72.6728
72.6282
72.6144
72.5682
80.4816
80.8264
60.1579
72.3855
72.4678
60.3179
60.2503
72.5215
80.7454
80.7489
80.7703
80.4862
72.334
48.3797
72.7986
72.7763
72.5818
72.5165
72.6458
80.7607
72.7132
72.6454
72.6005
72.5381
80.7225
72.3903
72.6264
60.4442
72.4631
72.7877
80.813
72.6886
92.5685
84.435
80.7767
72.1607
72.7281
80.248
72.8517
80.3802
80.8789
72.062
60.3808
80.3143
80.3539
80.5067
60.7744
80.6835
80.5984
80.4886
72.4466
72.9995
60.144
72.3709
80.8057
80.7556
80.6434
80.8868
80.4871
72.2328
72.5162
60.7486
72.3188
80.6985
60.4406
80.2725
80.6014
72.4086
80.7195
60.7006
80.6248
72.2959
60.4812
72.5677
80.6559
80.5048
80.7402
80.4181
72.8774
72.1732
72.5926
72.4916
72.3277
72.8264
60.5036
72.4967
80.9564
72.2368
72.6321
72.7673
72.5174
72.5958
72.4038
72.7872
80.7899
80.2441
72.3113
80.9798
60.3495
72.7619
60.3437
92.9457
72.4249
80.3625
72.5233
80.5466
60.4523
72.7758
80.3119
80.9082
72.6643
72.2581
80.4897
80.4932
60.3882
72.4889
72.6971
72.7493
72.6864
80.5306
80.6059
80.8324
72.5104
80.4357
60.6242
72.8222
80.3753
80.5795
72.622
80.1693
72.4922
80.6274
72.8067
80.7469
72.3753
80.3757
72.4283
80.4673
60.5725
72.2794
72.7209
72.5812
92.7832
72.5343
72.5695
60.6101
72.5194
60.3409
60.5059
72.5636
80.8272
72.7144
60.2862
80.7694
72.3921
60.5768
72.2821
72.6207
80.8231
60.539
80.6402
80.9155
80.9214
72.8179
72.6787
72.3273
72.4319
60.3586
80.6998
72.4447
80.7348
80.4581
72.7411
72.638
72.8107
72.4585
72.909
60.5813
80.3723
72.4152
72.2295
72.4377
72.5492
60.419
60.3309
72.6429
80.1679
80.6239
72.6093
72.6239
72.6601
72.958
72.5092
72.7541
80.5525
80.798
81.0857
72.4755
72.6948
80.8931
80.779
72.4012
72.7559
72.5142
60.4567
80.6759
72.7634
72.8722
72.6915
60.3768
80.1841
72.687
80.6107
80.5452
80.7009
80.919
80.7873
72.8398
72.8244
72.392
80.7061
81.2652
72.3005
72.5333
80.0904
80.8655
80.9585
72.4917
80.6656
72.8732
72.4075
80.7855
81.0148
80.5991
60.4273
72.4592
60.6495
73.028
60.5676
60.2912
72.4061
60.1679
72.4079
72.3193
80.4721
72.4422
80.4482
72.1824
48.5632
72.1535
60.4063
72.5412
92.7723
80.3193
72.7704
80.414
73.0493
72.6577
80.6005
60.5754
80.5298
72.6072
80.6829
72.7677
72.6297
72.3001
80.6907
72.2199
72.3358
80.5731
80.5777
80.6792
60.3812
72.544
72.683
80.7223
72.4846
72.5664
80.5123
80.6941
72.4079
80.7387
60.4487
72.2904
72.408
48.4214
60.3772
80.4849
72.3932
72.2674
80.2946
81.0049
60.5154
48.2821
72.582
80.3224
72.6945
84.8618
72.4919
72.2246
80.7441
72.7743
80.1725
72.615
72.5153
72.4029
72.5844
72.1637
80.5522
72.368
72.5573
92.7326
81.0308
72.4858
72.491
72.4751
80.5536
72.5585
80.691
72.7481
80.6931
72.2432
72.5556
80.5922
80.6687
72.172
72.6609
80.3909
72.5191
80.6969
72.6814
80.5945
72.3798
84.3378
72.4421
80.3519
72.7645
60.3797
72.3294
80.6826
72.7751
60.602
80.2833
80.5724
60.6132
72.5897
72.7144
72.4393
80.2125
80.8159
72.78
72.4152
72.5949
80.0928
80.6953
72.2335
72.4804
60.275
80.8275
80.6063
92.7488
72.7247
72.386
60.4487
60.4881
60.6565
72.9595
72.3735
80.7068
72.6835
72.5654
72.6941
72.6556
72.6273
72.216
72.7885
80.7129
72.7285
60.3197
80.3267
72.8229
72.6298
72.7415
80.7849
72.3086
72.7831
80.4712
72.6531
80.7218
80.3895
80.8718
72.807
80.9178
72.3501
72.3442
80.2895
72.5351
60.5883
72.4508
80.7666
84.5675
80.1986
84.7079
60.601
72.4387
72.6757
80.493
72.4526
80.6719
72.4597
72.6345
80.8382
72.6681
72.3965
84.8119
72.5906
60.1731
72.3211
80.4153
73.0628
72.7629
72.5656
60.5673
72.6752
72.3119
72.5926
72.7087
72.6447
72.8155
84.5113
80.3761
80.8133
72.5392
80.7141
60.625
72.816
72.7489
72.3572
72.632
72.3625
60.3937
80.7718
72.4253
72.3492
72.6432
72.6701
72.5723
72.7784
72.5807
80.6973
72.9108
80.4362
72.8064
72.8143
92.4976
72.589
72.552
60.4467
80.8811
72.29
80.5352
80.3083
72.721
60.3032
92.7988
60.6193
80.6129
72.4373
72.5261
72.6155
72.527
60.531
72.6675
80.809
72.5651
72.4557
72.604
72.5878
72.4497
80.6548
72.4297
72.3237
72.5218
84.5986
80.5723
80.4694
60.5155
72.7794
72.5828
60.518
72.743
80.862
80.6584
72.3696
72.675
60.5371
72.4138
80.5593
80.9017
60.3067
72.6518
72.4929
80.6108
60.4402
80.8081
72.5469
72.6756
72.565
72.8846
72.3645
72.4578
72.5019
72.6604
84.4898
80.2342
80.3746
72.5605
80.4529
72.5908
80.4865
72.6028
80.4716
72.6062
72.4339
60.3726
72.8541
72.7669
80.2948
72.5533
72.5281
60.4914
72.4967
72.5216
80.706
80.6528
72.7457
72.7511
80.4593
80.7536
80.5782
80.5481
80.8232
80.9977
72.5584
72.8951
72.4499
60.2038
73.0436
60.4993
80.8148
72.7993
80.3698
72.4104
80.3195
80.4244
72.913
80.7102
80.4004
72.8876
60.6718
72.5751
48.1769
72.3171
80.3435
80.459
72.5819
72.6353
72.336
80.6674
60.4012
80.8911
92.6536
80.2966
60.5193
72.639
72.1112
80.4516
72.33
72.5807
72.679
80.3788
60.6456
72.6736
80.3715
60.1043
80.9345
72.5625
72.55
72.507
80.6991
72.38
72.3543
80.4584
72.301
80.7054
72.4519
72.9474
80.9681
72.8381
72.82
80.5973
80.9286
72.4245
72.4045
72.9356
80.9506
60.3372
72.5604
80.4837
80.2494
80.5097
60.4504
80.8973
72.6411
60.4111
80.5435
80.4458
72.6068
80.994
72.3611
80.7345
80.3116
72.6459
80.5412
72.5543
72.216
80.8265
84.2319
60.2239
72.5012
72.5789
60.3345
72.8099
72.2915
72.7658
80.3761
72.566
80.7148
80.5423
80.6333
72.4101
72.6735
60.2984
72.6868
80.6985
80.6022
72.4632
80.8521
72.2758
60.3039
72.2758
72.3682
72.6879
72.5276
80.5852
72.4454
72.7336
60.2841
80.4026
72.6251
72.6584
60.2237
72.4204
72.3479
72.5596
72.432
72.4851
72.3546
72.3546
72.4212
80.2723
72.6017
72.7551
72.4253
72.5171
60.4354
80.6491
80.39
80.3362
80.2339
80.4281
72.5501
72.7362
80.4641
72.6728
72.7387
80.6495
80.459
72.6321
72.5887
80.367
72.4152
80.621
80.1977
80.6483
72.5405
80.7029
72.2888
72.7429
80.791
72.4621
60.5674
80.2778
80.3253
84.7544
80.5169
72.5201
80.3867
80.6277
80.4656
60.4574
72.7823
80.3369
84.5914
72.4496
72.3917
80.602
93.0271
72.6489
80.7997
80.5233
60.2622
80.442
72.6855
80.6674
72.5394
72.4241
72.549
72.6029
60.4202
80.9166
72.1268
48.6245
80.2686
80.5351
60.5336
72.2039
80.7719
80.5273
60.3915
80.3726
72.5134
80.7127
60.5361
80.6958
72.2938
72.5578
60.6634
72.7373
72.4876
80.7381
80.4878
72.6473
60.2097
72.3996
72.8678
72.4942
72.6558
72.2328
80.6378
48.3618
72.5611
72.6283
72.4957
80.4129
72.2465
72.7392
72.636
72.5481
80.7453
72.6087
72.5677
72.6551
80.5574
60.3179
80.3113
72.4498
80.5699
72.4281
60.4877
72.5378
80.4375
72.4643
60.294
72.5664
72.7661
72.1659
92.6605
80.6295
60.4707
72.5745
72.6323
72.6295
72.446
80.4664
80.4512
81.1037
72.7173
80.3168
72.4724
80.5197
80.4183
80.6478
80.434
80.4724
72.492
72.5
80.7986
84.7864
72.6781
72.4799
92.5018
80.8619
60.6016
72.7537
80.8499
72.5122
72.6968
80.632
72.6375
72.9931
72.356
60.5301
80.9101
80.7384
72.7012
72.3948
80.7576
72.3323
80.3737
80.5578
80.5594
72.83
80.6167
80.8264
80.9526
72.7622
60.5037
80.4174
80.831
72.8184
84.5308
80.6425
80.3997
80.6133
80.6905
72.75
80.8434
72.8508
72.727
80.5672
48.3472
81.0895
80.8087
72.6854
72.6633
72.347
72.6538
72.5621
80.6276
80.1436
80.5293
72.74
80.4673
80.5932
80.5099
72.5231
72.6368
80.9213
72.8127
80.2941
60.5606
72.3163
72.4986
80.9558
60.2488
72.6964
80.8273
80.7362
80.6623
80.8329
72.2623
60.4415
60.6508
80.463
80.5291
72.5818
80.7807
80.9514
80.6982
80.5732
80.8385
80.6467
72.5348
72.7912
80.7652
72.7205
80.6715
72.5814
80.6266
80.4801
84.6467
72.3901
84.6185
48.401
72.3404
80.5776
84.4026
80.3019
80.4417
60.2596
80.3717
60.5063
72.7091
60.3917
80.5321
80.4521
72.8357
72.782
72.5246
92.4304
72.3391
60.4136
72.6581
81.0645
72.6793
72.6386
72.6379
80.5402
72.6549
72.3709
80.8249
72.0597
72.4622
80.3714
72.4025
92.7492
80.4838
72.5041
80.7836
60.155
72.7061
80.5154
60.3366
72.7667
72.7097
81.1546
72.5074
72.1991
72.4972
80.7413
80.4763
72.2273
60.3565
80.6223
60.3769
72.5128
60.6703
72.8212
72.6995
72.6588
72.455
72.5249
72.5903
72.4551
80.9131
72.7611
72.7488
72.6594
72.6674
72.4492
72.3536
72.4908
80.7659
72.6283
72.4882
72.9538
80.6889
72.6516
80.7945
60.3811
60.4588
60.5839
80.4323
72.2209
80.5261
72.6552
72.7526
80.5404
72.5035
72.6234
72.6285
72.3834
72.6168
80.6237
84.4852
72.6422
72.6152
80.842
72.5079
60.6961
80.6266
80.4616
72.4011
72.5628
72.8181
80.4796
72.8203
92.3849
80.876
72.4386
72.5221
80.7368
72.8847
72.8769
72.6941
72.9276
80.6566
80.7352
80.5601
72.3186
80.135
72.5063
60.2467
72.5835
72.4872
80.3934
72.6226
72.8171
80.3268
72.4659
72.3637
72.7331
72.4734
72.8285
80.3722
80.4083
80.8181
72.6985
80.878
60.7017
72.5248
80.4698
72.89
60.529
80.6927
80.7238
60.5951
72.5127
80.3969
92.4245
80.7659
60.356
80.4554
72.1874
72.5119
72.9183
60.5307
72.3866
80.4305
60.474
80.1005
72.2132
80.3368
80.4827
72.843
80.5093
80.5269
72.6195
72.473
72.5163
72.6457
72.5497
60.4295
72.2683
72.4904
80.5976
80.8212
80.2865
72.5319
80.6918
72.761
72.2544
72.5296
80.4217
72.4692
80.4822
72.3228
80.564
72.5661
72.7749
72.2738
80.6135
60.4694
72.5553
80.487
72.6747
72.4177
60.5232
72.6983
72.7787
80.7857
72.0804
72.7649
80.2728
72.3761
80.874
72.7792
80.5885
72.3431
80.4468
72.3571
80.7322
80.3878
72.441
72.5157
72.5317
72.3338
80.4133
72.1513
72.3337
72.4457
72.4689
72.3878
80.5357
72.2856
72.6286
72.9688
72.7638
80.8639
80.5949
80.8306
72.6281
80.407
72.7864
72.4676
72.6162
80.6889
60.3692
80.6053
72.424
72.5893
72.5537
72.5318
80.569
72.384
72.5761
72.506
80.7172
60.4315
80.9774
72.6826
72.6498
81.1518
72.789
72.4876
72.225
80.5801
72.6411
72.4451
80.8983
72.6827
80.9109
72.7594
80.5792
80.4422
80.753
80.6677
72.2841
80.3771
80.6083
80.7294
80.4562
72.6884
80.8989
80.2767
80.6388
72.4182
60.5819
72.2433
72.5472
72.6268
72.626
72.3932
72.6762
80.5258
84.7982
72.4677
80.5569
80.8242
80.9269
80.5826
72.5057
72.5622
80.4618
80.5162
81.0337
84.5846
80.9753
48.4697
60.395
72.3973
60.7179
72.271
72.6427
92.4854
60.4021
80.5298
72.491
80.591
80.7024
80.7593
72.3786
80.3074
72.5227
80.4108
72.8975
80.9239
72.9515
72.6368
60.2298
72.3639
80.4278
72.5946
72.5356
80.3
81.0393
60.3286
84.5045
80.5267
80.6723
72.872
72.3236
72.5773
80.7519
72.9152
81.1351
60.422
80.6737
72.3659
72.5425
72.7363
84.4508
60.4632
80.2152
80.7689
72.4628
60.4051
73.0882
72.4725
72.3743
80.5668
48.3779
72.2919
80.6014
80.7828
80.5266
72.5023
72.4882
72.5565
72.5572
72.8208
60.4656
72.3609
72.2732
80.6383
80.8566
72.7423
80.7648
72.7541
80.4292
72.616
72.6739
72.4753
72.7985
80.751
60.4763
80.2572
72.7503
72.7857
72.7128
92.4539
72.4476
60.3705
80.7244
72.4766
60.5128
72.3657
80.2624
72.6822
80.4709
72.5703
84.7367
72.7837
72.6287
72.8294
72.3134
80.4827
60.4523
80.8013
72.8189
80.5167
80.7085
80.2711
72.457
72.7004
80.6285
80.4534
80.5284
60.5341
72.7029
72.5264
80.726
72.3824
72.5201
72.5579
80.2297
80.9408
72.3335
80.8347
72.0566
80.4413
72.6615
80.6059
72.9766
80.6243
80.6595
60.672
60.2702
72.8288
72.8538
72.5462
72.7235
72.5318
60.4906
72.5082
80.6506
80.5821
72.6377
80.4996
72.8546
80.568
72.4603
84.7806
72.432
72.6957
72.3305
72.4389
80.4727
80.3853
72.62
72.3272
60.2934
80.5215
80.4475
72.9522
72.7291
72.6194
80.6133
80.5164
72.4923
80.1733
80.5055
72.698
72.5071
60.2306
80.2367
80.2929
72.4946
80.8458
80.3367
60.6726
80.3987
72.8174
72.6046
72.3729
72.616
80.551
80.4266
72.8536
72.7373
72.6651
60.3262
80.2626
80.3728
80.6026
72.7018
72.6654
60.439
72.5026
72.616
80.4193
72.2917
80.7931
80.7987
72.5711
72.8033
72.4408
72.6374
80.9216
80.6391
72.2812
72.7243
72.5568
60.7455
72.5221
80.7341
80.3327
60.6499
48.5687
72.4728
72.8367
80.4468
80.9045
72.7912
80.5802
72.5224
80.6549
72.5174
72.4239
80.7493
72.5427
60.3099
72.629
80.6899
60.3491
60.6085
48.4305
80.5052
72.4014
60.4701
72.4939
80.32
80.5761
72.6891
72.6212
60.4372
60.3767
72.5519
80.545
80.4328
72.8754
80.7515
80.5811
80.6458
72.4348
80.4683
84.2908
48.2824
80.7394
72.3412
72.5676
80.2917
72.6849
80.6634
72.5676
60.6075
60.595
80.4008
60.3733
60.3668
72.7258
72.3998
80.9763
81.0362
72.6053
72.5238
72.4413
72.3643
60.7336
72.5362
80.4558
81.088
72.4111
72.6415
72.6737
72.4221
60.683
72.7719
72.8122
72.7994
80.7779
80.6884
72.5128
92.4624
72.6854
80.9255
72.4116
80.33
80.3746
80.7571
72.4536
72.416
60.4376
93.0219
80.6293
80.5473
80.4061
60.2635
72.8413
72.6959
72.3987
72.5807
80.6808
72.6275
72.4646
72.5882
80.4132
80.5449
84.5788
60.5694
72.2704
72.263
72.4047
48.2066
60.5296
72.3588
72.7987
80.439
72.4089
72.224
72.7305
80.788
80.397
80.7327
80.564
80.5454
72.4746
72.9338
60.4384
60.6696
72.531
60.5626
80.1848
80.8764
72.5256
72.4416
80.3315
84.6717
80.3375
72.8675
72.4003
80.3622
72.7184
72.7839
80.4139
60.3514
72.2571
80.3148
72.5912
80.6176
72.5415
72.5171
60.3108
72.4375
72.5107
72.7358
72.7021
72.6278
80.1546
72.4703
80.6339
60.4347
72.7847
80.7742
60.2982
72.6486
80.8932
72.8457
72.3503
72.6709
80.4571
80.646
80.5618
80.6856
80.0993
80.4441
80.501
80.2749
72.6919
72.7553
72.5379
80.8748
60.299
72.5299
72.7002
80.5566
72.5994
72.5749
72.8379
60.5107
80.5012
72.6873
72.7515
60.4868
72.2263
72.366
80.5237
72.619
80.6187
80.2965
72.8603
80.4543
72.5344
80.3933
72.6139
80.6516
72.3762
60.4201
72.7193
80.393
80.3086
72.5937
60.5107
80.9702
60.6559
60.4699
60.3825
72.4667
72.599
72.2383
80.5579
60.5103
60.8049
72.7859
72.527
80.8617
80.6255
72.227
72.7263
80.6609
60.5078
60.671
80.9111
72.759
72.0878
80.6579
72.468
72.2856
80.5404
80.6428
80.5641
72.6564
80.7215
80.9408
80.5312
72.8019
72.1694
72.5346
84.5472
80.6248
80.6974
72.4709
80.8115
72.3122
72.7106
60.4164
80.6131
80.4583
72.5802
72.4294
60.4035
72.6517
72.3535
80.7661
72.8148
72.7102
80.2469
72.5753
72.4046
72.6513
80.6834
72.5938
72.5747
72.5377
80.3449
72.6847
72.5914
73.0451
72.6649
72.4879
72.1736
72.4449
60.3894
80.4043
80.613
72.4547
72.6316
80.4261
80.4976
72.8297
72.7105
80.9218
80.2019
60.3766
80.6369
80.5363
72.1486
72.4706
84.8596
72.871
72.7864
72.7094
80.7038
80.3816
80.5604
80.7209
60.5229
80.5575
72.6607
80.4281
72.5682
72.374
80.3645
72.3827
72.7322
80.2895
72.3833
60.4998
72.5104
60.538
72.8365
80.4283
72.2848
80.5965
84.3633
72.3639
80.9428
72.5751
80.8377
72.3505
80.3625
60.5814
72.5294
72.6273
60.4147
92.9307
84.7398
72.5472
80.772
60.5412
72.66
72.4053
80.63
72.5097
60.3132
60.4063
80.6628
80.5386
72.4016
72.602
72.5081
80.7521
72.7986
80.2733
72.5272
85.0591
72.8073
80.5816
60.296
80.4954
80.7648
73.0281
72.3758
60.565
60.636
48.2293
80.8178
72.7023
80.6105
60.5507
60.3726
72.6975
80.7049
72.5156
80.7981
72.4476
60.5019
72.4258
72.5602
80.9591
72.3519
80.1786
80.4322
60.2808
80.6101
80.8041
60.3612
72.5302
72.7345
72.7193
80.9742
72.6283
60.2504
60.4787
80.8636
80.5975
80.7761
80.4906
80.773
72.6487
72.7781
80.68
80.4667
81.1305
72.7977
72.6742
80.6286
72.7859
80.4997
72.7745
80.6391
80.8561
80.4493
80.7305
72.4704
60.3901
72.58
72.6368
60.5681
80.3936
80.7349
72.4661
72.3902
60.2518
48.5347
80.6882
80.066
60.7024
80.4325
60.3464
80.5539
84.6745
48.3394
80.9347
72.5399
80.5919
60.2952
72.6759
72.7009
80.7357
60.6338
84.4582
80.8996
60.4987
72.3156
80.5057
80.6089
60.2291
72.7127
80.9424
60.4105
80.3531
80.5973
80.4198
80.6284
80.539
72.2541
60.6449
80.7588
72.484
80.3796
72.4337
72.455
80.5486
72.4524
72.3841
80.8273
72.2294
80.5842
72.6294
72.6773
72.4785
80.4055
60.5176
80.431
81.0711
72.3926
80.5527
80.4126
60.452
72.8977
72.5182
72.6187
80.7005
72.3758
80.5138
60.359
60.2022
80.7226
72.8292
72.4615
72.5303
60.4747
72.394
80.4622
60.4792
80.3235
72.5174
72.6578
72.9338
72.4409
60.4699
72.5229
72.4444
72.751
72.406
72.4543
72.4108
80.3575
60.5378
72.2495
72.3785
80.4877
72.6047
60.2368
48.3899
80.2955
80.6289
80.808
48.2307
72.1705
72.5467
72.7474
72.4864
80.6493
80.7723
72.4009
60.2092
72.4756
80.3636
72.5722
80.3497
72.6243
60.4449
60.5678
80.5925
72.4077
80.536
72.491
72.4258
72.5258
80.3709
72.8108
72.4901
80.5183
80.5982
72.4471
72.3855
80.277
80.8664
72.6905
80.4658
80.827
72.7358
72.5296
60.3734
80.4636
72.3156
80.5318
72.7559
60.4261
60.4382
80.3602
72.427
72.6758
72.3616
80.9092
60.4165
72.6777
72.3423
72.2962
80.5414
80.5855
72.7945
80.6289
80.4261
80.6643
80.7577
72.5187
80.5799
80.6176
80.7545
60.6634
80.5205
80.477
80.6397
80.6966
72.3018
72.6636
80.7552
72.5701
72.4124
80.481
72.4939
72.4535
80.6514
72.7315
80.4151
72.6292
72.3167
72.7329
60.8555
72.8071
80.4709
80.5866
80.2719
72.4054
60.2951
80.6305
72.3862
72.5328
72.7513
80.8993
72.377
72.4463
72.2907
72.7362
72.6616
80.5379
60.5128
72.4877
72.5023
72.3693
72.2023
72.6398
80.5056
80.5908
72.6477
72.3916
92.2061
60.7771
80.7291
80.419
72.8669
48.3224
80.923
60.5416
72.5404
72.6492
60.3181
80.6152
72.7355
72.5351
72.5434
72.3663
80.8102
72.2859
72.249
80.6246
72.4266
60.6851
60.6521
72.2779
72.3441
80.7363
72.4886
80.6438
72.533
72.5754
60.3295
80.8803
60.6197
60.1482
60.3876
80.688
72.6164
80.7237
84.2657
72.5626
72.3999
72.6938
72.6763
81.0644
72.1905
72.4254
80.3636
60.3524
72.5262
72.2696
80.6999
60.5332
72.4577
60.3005
72.3945
80.8271
72.5762
72.7254
72.592
72.7848
72.5005
80.7634
72.2845
72.4575
72.5328
72.4411
72.3976
72.7179
60.3565
73.0256
72.3344
72.3933
72.5163
72.3314
80.5852
72.5522
72.3347
80.3428
60.4673
72.3785
72.7833
72.2866
72.706
80.265
72.8068
80.4494
80.5344
80.785
60.5121
60.4444
60.5183
80.6393
80.3662
72.6347
80.6782
72.7696
72.4234
80.7755
80.5651
60.2354
72.5247
72.8105
72.6639
60.593
72.5127
81.0865
72.6217
80.4636
72.5336
80.661
72.4659
80.6038
80.5431
72.5946
60.3927
72.5096
80.324
80.6305
80.4454
72.3097
80.5797
72.5806
72.5175
80.7193
80.4623
72.4654
80.9634
80.4089
80.4835
72.1365
60.3915
72.7303
80.3584
60.6165
80.5444
80.9144
80.5284
72.7454
80.6413
81.0236
72.5063
80.6638
72.2866
80.5935
72.3927
80.6329
72.6631
72.9167
72.6383
80.7005
60.2135
60.5227
80.4795
80.4594
72.2886
72.1781
80.4703
60.4061
80.8248
60.4626
72.6766
72.5487
80.4081
80.4665
80.6157
72.6107
72.2951
80.5342
80.933
80.3572
80.5032
72.6218
80.7562
80.3296
80.3486
72.5417
80.8663
60.6155
60.4073
72.4505
60.4726
84.8511
92.5756
72.5049
60.3106
60.4383
72.7227
72.639
80.6939
72.5868
72.5953
72.6773
72.3864
72.4692
60.3412
72.139
80.676
80.8012
72.9961
72.4719
72.6411
72.6546
72.4926
80.7261
80.6977
72.6127
80.7469
80.224
72.4664
72.2217
60.3097
80.4404
72.7166
72.8496
60.4655
72.4632
80.9792
80.3502
80.6396
80.7798
84.7241
60.5386
72.0919
80.5199
80.4301
72.2473
80.838
72.5577
72.2797
72.6227
72.3301
72.8673
60.343
92.6277
72.4515
80.6665
80.6116
60.3823
72.5773
60.4019
80.7011
80.3626
80.9164
80.4632
80.4408
60.4835
72.3597
72.513
72.4211
60.4182
80.6826
60.4636
72.6961
72.5773
72.7219
80.5467
72.6512
72.2594
