80.3947
80.5546
72.2566
80.65
80.6897
72.3706
80.5657
72.6078
80.824
72.4379
80.7294
72.6636
80.4194
72.4007
60.3494
80.4642
92.6199
60.2184
60.6759
72.6687
72.5146
72.2652
60.5956
80.5393
72.6849
80.6132
72.7773
72.6794
72.8102
60.368
72.7526
80.916
72.7533
72.6679
72.3306
72.5415
72.4438
72.489
80.6621
60.664
72.2921
72.5993
80.7199
80.6524
72.2453
72.6126
60.3648
60.4074
72.6393
48.4987
80.4255
84.4085
80.8839
72.2996
80.618
72.5535
72.4952
72.231
72.5537
72.4332
80.524
80.6216
80.8095
72.222
80.6628
80.5528
80.3814
72.5296
72.4437
80.6017
72.5061
72.3757
60.615
72.196
80.1329
72.3109
72.6513
72.4377
80.7121
80.5252
80.5665
72.8235
80.6635
80.7416
72.4203
72.4768
72.3405
80.4646
80.7816
72.7372
72.6291
80.4508
80.8218
72.4414
72.4164
72.5052
80.772
72.5338
80.8625
72.3065
80.2783
72.4295
72.3768
72.4622
72.4477
72.8805
72.2982
72.3207
60.4295
48.4446
72.273
72.5408
72.4855
80.3047
72.6263
72.4311
72.6846
72.5642
72.5478
80.503
72.4975
72.7042
72.7009
80.7392
60.6021
72.2312
72.6925
80.6082
72.8246
72.5854
60.2888
60.1903
72.4834
72.5864
80.3859
72.5962
72.7917
72.5307
72.5124
72.5769
81.066
72.6202
80.8367
72.6438
72.6544
72.1207
72.5769
72.4338
80.7845
72.4322
72.6395
60.6212
72.6918
72.7127
72.5342
80.7195
80.3312
80.7783
72.7245
72.6169
80.3839
60.5449
60.4804
80.6788
80.49
80.3357
72.6986
80.6693
80.737
60.4197
80.622
80.2941
80.8773
80.8859
72.4852
72.5334
72.8517
60.5946
60.3632
72.5406
72.5084
80.6562
72.7332
72.8564
72.2182
81.0019
72.4147
80.6986
72.7039
80.8918
60.2171
72.3848
72.4759
72.3791
72.5482
72.4197
60.5142
72.6817
72.484
80.5104
72.3604
80.3855
72.6449
72.4414
72.2785
72.9325
72.4569
80.4687
72.3881
72.3212
72.6286
72.1836
72.8542
72.6261
80.7483
60.3632
72.6641
84.3671
60.5022
80.6394
72.5737
72.3649
72.5087
80.6135
72.7576
72.7011
72.9014
72.4848
60.5273
60.4581
60.4279
80.8345
72.6151
60.5121
72.4775
72.7405
80.7242
72.5565
72.3877
80.4324
80.7843
80.5619
72.3602
60.4713
72.6895
72.9853
80.6601
80.2742
72.2944
60.3445
92.6541
72.5762
72.8383
60.5903
72.3043
60.2107
72.5327
48.5329
80.0995
80.6954
72.4575
72.4995
72.7217
72.3577
72.5683
72.3972
72.4189
80.5339
72.6701
72.7143
80.4985
80.2695
80.9243
80.6671
72.4344
72.7823
60.1471
80.8393
60.3737
84.7852
80.8449
72.4904
72.7157
60.2261
72.7187
92.5209
80.6656
60.6607
80.5464
72.356
72.4939
80.5006
80.528
80.5455
72.627
80.5621
80.7803
60.2988
72.6882
80.5971
80.6273
72.9447
80.3072
80.3315
72.2877
72.416
80.7117
72.3571
80.8208
72.6733
60.502
72.3799
72.8273
73.0011
72.4447
60.5408
60.5418
80.5832
80.3188
80.3506
80.2766
72.8249
72.6832
92.6187
72.8639
80.3228
80.4641
80.342
80.5556
72.4281
72.6269
80.6396
60.1688
72.3626
60.4185
80.7601
80.5973
72.5373
48.096
80.8268
72.3858
80.7258
72.244
72.7627
72.8446
72.6587
72.5223
80.7108
80.3987
72.2157
80.5108
80.4751
80.6898
52.324
72.5586
60.5941
72.8572
80.7187
84.5099
72.7059
80.3734
72.4876
80.4038
80.7331
60.4681
80.5554
72.4249
48.3861
72.4253
80.6502
80.7241
52.5336
80.5428
72.4662
72.4211
80.5513
60.3184
72.6296
80.6641
72.6459
92.9107
60.4686
72.5411
72.7468
72.4347
60.4878
60.3685
80.5304
72.6569
72.4632
80.739
72.553
80.9931
72.4188
72.307
60.4716
60.6065
72.5393
72.4534
72.291
80.9193
72.5738
72.7319
80.5695
72.4424
72.5323
81.063
72.4139
72.6381
80.7197
72.3813
80.6747
80.4049
72.8724
60.4731
92.7706
80.4456
60.2234
92.5488
81.0552
80.4893
72.5984
80.1979
80.4701
80.139
72.4726
80.661
84.5785
60.5503
72.3757
80.7506
72.747
80.731
72.8624
72.8283
72.5322
80.8117
72.7374
80.6647
72.3446
72.6766
60.3826
72.7321
81.0529
72.6492
80.679
84.8304
80.7199
72.6281
72.7425
80.9218
72.6268
72.7507
72.3326
72.4493
60.4115
60.2234
60.2372
72.345
80.6113
80.6115
80.5549
80.9985
60.3547
60.3586
72.4662
72.5234
72.2084
80.63
72.9061
80.449
60.4887
72.6516
72.814
80.5666
60.5058
80.7241
72.5576
72.529
72.4298
72.2307
80.8564
72.604
60.6544
72.7002
72.5181
80.3567
72.5298
80.4456
72.6282
60.4896
84.6792
80.4842
72.51
73.0534
72.6283
60.4261
80.7563
72.4305
60.6509
80.2477
84.6257
72.6089
80.6735
80.4717
72.4654
84.266
48.5144
72.3693
84.4395
80.8507
72.5789
72.653
80.9993
60.379
72.5358
72.7611
80.6095
72.587
60.3856
80.3407
72.5131
80.7436
80.7507
72.9499
60.3588
80.5221
60.3094
72.6102
72.7665
80.4003
72.5824
80.3102
60.3568
80.6244
72.5055
80.7899
80.7381
80.7013
80.596
80.3605
60.4443
80.3625
92.6444
80.4161
72.7651
72.295
84.3674
60.673
80.658
80.2967
72.3157
80.7105
81.0815
72.648
80.4205
60.4854
72.8378
80.8318
80.6593
72.7489
80.331
80.6875
60.4935
60.5065
72.4913
72.5157
72.5341
72.2035
80.5585
60.5634
72.6099
72.5706
72.667
80.7112
80.4919
80.6991
72.6921
72.6348
72.242
72.466
80.7987
72.5482
72.5281
60.7589
80.9215
72.6724
92.2748
60.749
72.6089
72.906
80.9249
80.5429
80.3385
80.582
80.8431
80.5018
60.3792
72.4604
80.7596
80.5333
72.5382
60.5324
80.3213
72.5127
80.4392
80.7588
80.509
72.1134
72.548
80.5366
72.7506
60.583
48.37
72.5312
92.7406
72.3888
60.3959
60.3763
72.5392
72.43
92.1744
80.5855
80.4655
72.332
80.8404
72.6171
72.9356
72.4161
72.5334
85.1144
72.6579
72.2458
80.1427
72.4381
72.3832
80.8783
72.7013
60.3954
80.8583
72.4158
80.393
72.4944
72.5513
72.6904
60.6669
72.7199
60.5381
72.6237
60.4634
80.8027
80.4117
80.333
80.5144
60.2981
60.5974
80.4035
72.6978
72.5015
80.4369
73.0062
72.7569
72.2443
72.3999
72.4602
72.7822
80.5831
60.3698
80.6057
72.7643
72.4831
72.7598
80.7164
72.6767
80.753
72.7699
60.6811
72.6735
72.5191
72.6175
60.3652
72.7081
72.7497
72.254
80.2314
80.6101
80.2162
93.008
80.5
72.5384
80.73
80.2694
60.292
80.7441
72.6068
72.5793
72.8539
72.7535
60.4376
80.4706
72.609
72.4205
52.2223
80.4397
72.6411
72.5032
72.4091
72.2778
72.7554
80.3241
92.4971
72.3631
80.5464
80.9035
60.4354
72.3562
60.7039
80.7679
72.4094
80.6484
80.6072
72.5597
72.3406
80.627
72.603
72.5728
80.9201
60.4819
72.1536
72.4527
72.4509
72.8464
80.3634
72.3591
80.7511
72.2397
80.2598
80.4358
80.5831
80.9409
80.5375
72.838
80.5887
72.5673
60.4732
72.8701
72.6821
80.5207
80.5743
72.7271
80.7069
80.4731
72.5837
80.4683
80.4967
72.3033
72.4203
80.5714
72.5972
60.3999
60.5029
92.8568
72.4893
80.3895
72.1148
72.3958
80.5838
72.5744
60.6233
72.4603
60.4603
72.6388
60.5178
72.7567
80.6021
72.6161
72.5205
72.7063
72.5948
80.5752
72.6921
80.642
72.3888
72.7022
80.5361
72.4498
80.7909
72.4917
60.7304
60.6358
72.6774
80.6509
80.4815
81.0333
72.3527
60.3971
80.5703
80.3651
80.4633
80.6048
80.5734
72.4919
72.5213
80.2839
72.4353
72.6305
72.7322
80.5381
80.5624
60.6999
72.4069
72.1623
80.4123
80.7393
72.496
72.3737
72.71
72.4968
72.2151
60.4475
60.5666
72.9278
80.863
72.1869
92.6644
72.6964
72.6341
72.719
72.5847
48.6204
72.7352
80.6349
72.4035
72.4844
80.4546
72.5829
80.7529
84.5823
80.5903
80.8191
80.8687
80.8351
80.8323
84.4819
72.6908
60.5421
80.7008
72.5761
80.6087
60.267
80.228
72.5833
60.434
60.6258
60.6074
72.6343
72.5943
72.6307
80.6551
80.9803
72.367
72.4139
80.5627
72.22
80.8082
80.8408
72.6291
72.5081
92.7305
60.4852
81.0542
80.5337
60.4097
80.3828
60.5171
72.3528
80.6712
80.7272
72.6346
72.5002
72.4489
80.4051
72.4467
72.6575
72.6493
72.2895
72.6178
80.394
80.6021
72.6723
60.5334
72.3312
60.3215
72.6506
80.4247
80.4854
72.7622
72.6134
80.7218
80.6512
80.762
72.8476
72.6984
60.7275
72.2615
80.4094
80.7911
60.3458
80.7216
72.6155
72.4766
80.4135
72.8167
80.661
72.7609
80.6574
80.848
72.5972
72.9463
72.5445
80.4043
81.0001
80.6021
60.3974
80.4496
60.4888
80.7532
60.3853
84.994
72.3495
72.8316
60.528
80.9282
80.644
72.368
80.5804
72.4964
72.5689
72.3983
80.5559
81.0027
60.4635
72.1445
72.3541
80.7536
80.7234
80.5386
80.7679
72.5356
60.397
72.6109
72.4321
80.6248
72.5192
60.6033
80.6751
60.346
60.5274
60.5674
72.3464
72.4625
80.5544
80.5928
72.6169
60.1262
72.6859
60.4707
80.5038
72.6137
80.7125
80.7093
80.7888
72.4296
80.6559
84.7108
60.4137
80.6445
72.5208
72.5396
72.278
80.7652
80.6156
72.7019
80.1948
72.9575
80.2186
80.5859
72.3367
80.5003
72.5716
72.586
72.5159
72.4861
80.7029
72.1865
72.9138
72.489
60.6454
80.8504
72.8015
60.3402
80.7991
80.4645
72.4466
80.5022
60.4229
60.1779
80.6394
72.5487
60.4
60.4418
80.5457
60.5025
84.4909
72.6707
80.5347
80.4494
72.5836
60.4424
80.6659
72.4052
72.8199
72.673
72.7155
72.673
60.4866
80.7154
92.3453
72.5903
72.4127
72.3577
80.5676
72.1494
72.4477
60.6267
72.4906
80.3992
80.6904
60.4766
80.9196
80.4242
80.5245
72.6799
72.8477
72.5775
72.7571
80.2718
80.7248
72.4595
80.6125
80.5725
72.5767
72.7484
72.6856
60.1646
72.7548
84.5827
72.9126
72.3983
80.3416
60.3435
72.867
80.8161
80.7427
80.8888
80.5933
80.6476
84.8412
80.5587
72.6119
80.8788
72.8159
72.6331
80.3093
72.5085
72.6385
72.4718
72.1082
80.7104
72.8786
72.4847
72.3493
72.515
72.5196
80.4545
80.7033
80.3814
72.6344
72.4913
72.5341
84.8539
80.8654
80.4793
60.3866
72.5144
60.2547
72.7886
84.6689
72.4753
72.4617
80.5839
72.7836
80.5479
80.7253
80.605
80.8041
80.4777
72.3592
60.4537
72.7047
80.7382
60.7007
80.8075
72.5267
72.6236
80.9611
84.6544
80.7344
72.7873
72.259
80.4407
48.2466
80.5374
80.7892
80.9132
80.5166
72.6187
80.6861
60.3727
80.6473
80.3678
80.929
72.6873
80.9829
80.6969
80.7246
72.6625
60.3362
80.6785
60.6729
80.9324
60.6284
80.1155
60.3644
80.9935
72.7236
80.534
60.596
72.5133
60.4883
72.1276
72.6043
80.8768
72.375
80.3673
80.4541
72.7622
72.5059
72.6045
72.2912
72.7347
80.6792
72.3678
72.3123
72.4732
72.5342
72.8353
92.7226
60.5393
60.4113
60.6032
80.8716
80.5469
80.6454
60.3779
72.5244
72.6873
60.502
72.2852
80.3981
60.5485
72.6843
80.3285
60.1099
72.3844
80.583
72.4591
72.6086
72.5983
72.2356
80.3158
80.8286
72.5644
81.0557
72.3961
80.3931
72.869
72.8153
60.4019
72.4924
72.3604
60.545
80.4365
80.6106
80.6614
80.6415
80.5173
60.1909
72.7607
80.573
80.8847
80.3848
72.7039
72.7614
72.6372
80.1925
72.598
72.5927
72.6504
80.3958
80.9501
72.1762
72.3082
80.6017
80.6531
72.503
72.8306
80.3681
60.4555
80.6566
72.7549
80.5123
72.8234
80.6468
80.7326
72.4461
80.6549
48.4016
72.6657
60.0719
80.5294
72.732
72.7643
60.2849
72.6734
80.5959
60.3607
72.193
72.7036
72.2826
60.3431
80.6513
60.6004
72.5177
72.6357
80.8077
80.1688
60.2401
80.5631
80.7999
60.656
80.5239
72.5452
80.7754
84.6611
80.4178
80.474
72.723
80.7132
80.6661
72.3859
72.3611
72.9008
80.4763
80.6026
72.4075
60.4308
80.6858
72.7161
80.8277
72.6492
80.4004
80.4604
60.4529
92.283
48.2728
80.6457
72.2877
80.5262
60.6752
72.5541
72.6396
60.3979
80.8788
72.8883
72.5319
72.5497
80.2373
72.8386
80.8181
72.414
72.7597
80.6912
72.4362
72.4396
72.5643
48.4988
80.777
72.6903
72.6728
72.6874
72.2447
80.5621
92.7329
60.6663
80.5216
80.6471
72.4551
72.3863
72.6277
72.4815
72.2741
81.0587
72.6951
72.6131
80.6974
60.5671
80.3392
72.2243
80.3824
72.7557
72.2941
80.7151
72.4797
72.5561
72.6005
72.2862
80.802
84.6102
80.6751
80.2627
60.4638
72.5779
72.6913
72.5751
93.0017
60.4302
72.6343
72.3772
80.6372
80.2454
60.4398
72.5521
72.4604
72.7405
72.5325
48.3548
72.8279
81.0094
72.5029
80.6814
80.6188
72.7105
72.5071
80.6596
72.8959
72.4512
72.8289
80.3367
80.4324
80.3184
72.4478
80.5373
80.837
72.6631
85.1433
72.5891
80.2477
72.6853
72.4317
73.0038
80.3975
80.5324
72.5903
81.2513
72.5153
80.6541
72.442
80.7535
72.691
72.4968
80.1502
72.4687
60.3332
80.4236
80.7915
72.6578
80.7868
72.693
72.6085
80.542
80.7108
72.8191
72.291
92.3794
72.585
72.7287
72.3942
72.6777
80.6129
60.6412
60.5612
80.688
72.92
80.2922
72.9018
80.5375
80.666
72.4352
60.6488
80.55
72.7131
72.4795
60.2382
72.4075
80.8392
72.1192
60.4274
72.875
72.7651
80.3074
60.2634
80.2789
80.4974
60.2328
72.1334
72.5362
60.5963
72.8102
73.0118
80.6098
80.5154
60.5812
72.6685
72.7764
72.7248
80.6396
84.6432
60.5695
60.3614
72.3763
72.4056
80.2152
80.7267
48.274
80.8366
80.2886
72.9082
72.4096
80.816
72.6402
72.7057
60.1691
72.6067
80.6586
80.4663
80.4719
80.6768
80.9383
72.6561
80.686
80.6953
80.3476
80.4152
81.1012
72.3648
72.4827
72.6427
72.5811
60.5556
60.4424
72.3827
72.4609
80.6624
84.951
72.4142
80.3201
72.7185
72.2386
72.6552
72.5214
72.6673
80.6582
60.3868
80.7193
72.6354
72.5764
72.4582
72.3189
72.5822
72.5158
72.6083
72.7191
72.588
72.4275
72.5339
72.4766
80.2135
72.7627
80.4615
72.526
72.7185
72.1305
60.4232
81.0514
72.4705
72.9912
72.5709
84.4657
80.5029
60.6528
72.6523
80.6217
80.6571
80.5965
72.7902
72.3188
80.5383
60.3373
80.3211
80.1996
72.801
60.4331
60.602
72.2655
72.53
72.8861
80.4488
72.5643
80.7916
60.5253
72.679
80.4955
80.3879
80.7332
80.9589
80.7516
72.5142
80.477
72.4143
80.2115
72.4304
80.6471
72.7411
72.6214
80.5366
72.8358
72.2174
80.5802
80.9369
60.6021
72.3627
80.3306
72.6215
72.3475
80.6197
80.7028
60.424
48.376
72.6057
80.8314
72.5557
80.8229
72.4419
72.4545
84.6243
80.6168
72.6762
72.5915
60.7559
80.8385
60.5229
72.58
72.6946
84.7414
60.6001
60.4173
72.657
72.2841
80.4883
60.7179
72.4484
72.5564
72.467
60.7621
80.4552
60.5479
60.49
72.1891
72.7998
80.7728
72.5925
80.6179
72.5248
72.6082
72.4135
72.5602
60.3393
72.7533
80.7656
72.3076
60.4373
80.7556
80.4035
80.5281
72.2325
80.7053
72.719
80.995
80.8181
72.6348
60.4059
60.4786
72.5587
80.565
72.5818
72.5369
72.5314
80.5201
72.6862
72.7993
80.3734
72.668
72.5573
72.6713
72.6335
72.3997
80.3152
72.7198
72.6072
72.266
60.5646
72.5259
80.3796
80.6047
60.5467
72.4743
80.478
72.8154
72.7371
80.9025
72.4751
84.7697
60.4117
72.2453
72.6001
80.4286
72.7117
80.2491
72.7326
80.1801
80.9159
72.7562
92.6615
80.6303
80.6035
60.1307
80.3391
72.3464
60.517
72.418
72.5688
80.3281
60.5009
80.6421
60.6425
80.6312
80.5139
80.4619
80.5246
72.5425
80.8669
80.6674
84.729
72.7013
60.5412
80.5494
92.6617
80.308
48.293
72.3301
80.5667
72.7961
72.3966
80.8208
72.6208
72.7148
72.583
72.512
72.521
72.5553
72.8706
80.3386
72.6292
80.3229
72.5942
60.5779
72.3177
80.3288
80.494
72.622
72.4276
72.3925
72.3134
72.9218
60.3727
48.3916
80.5136
72.7468
80.6859
72.5941
60.3291
72.3983
72.425
80.5705
72.888
72.7097
72.6906
72.4391
60.6267
80.5271
72.6249
80.8069
60.373
60.1424
72.9104
80.4706
80.3253
72.7097
80.8406
73.0476
80.3951
72.3197
72.3759
72.5475
72.6112
80.7895
80.3577
80.7962
72.8828
60.3107
80.2414
72.7177
72.5113
80.4345
92.3906
72.4914
80.8671
72.336
81.0262
80.8204
72.4794
60.2729
80.795
80.5953
72.4159
72.6584
72.6424
80.8738
80.726
72.3071
72.6664
80.2111
72.6543
72.5452
80.1212
60.4132
72.8309
80.6949
80.2649
80.354
80.4495
80.5819
72.3807
80.6376
60.5564
72.3822
60.5165
92.5761
60.3344
60.6447
72.6693
72.8282
80.7728
60.1758
72.733
60.2352
80.4492
72.3936
72.6736
72.2075
72.589
60.4824
80.7005
80.962
80.749
80.8835
80.3639
80.2858
72.2084
60.6877
80.4925
72.5641
80.6764
72.7104
81.0201
72.4696
81.0289
72.5959
80.6429
72.7693
72.6906
60.4281
80.3646
72.6937
92.7822
60.204
80.6435
72.4187
80.7765
80.386
72.2229
60.4788
80.2563
80.9011
72.1907
80.7122
80.8875
72.3995
80.6488
80.8177
72.3452
60.5557
80.6243
80.5944
72.4063
72.695
72.381
92.9482
72.7393
72.6695
80.6856
72.6185
72.6476
80.5929
80.489
72.6478
80.2706
72.2438
72.2749
72.6873
72.364
72.7622
72.6795
72.8837
80.5962
72.8102
80.4295
72.5938
72.1606
72.6324
72.5406
60.5077
80.3667
72.4921
80.4416
60.3894
72.9356
72.5953
60.5775
80.2862
80.493
81.098
72.6234
60.3383
60.5035
80.5892
72.4704
72.4461
80.6047
72.2398
72.3701
60.5126
72.5316
72.7101
80.506
72.97
80.5645
72.4334
72.4479
72.8057
80.7919
80.2545
72.6224
80.5831
80.5632
80.5661
80.6797
80.8561
60.3053
60.5316
72.248
72.6617
72.7146
80.6199
80.5901
72.5469
80.7667
80.2598
72.3561
80.6073
80.3835
80.2453
72.5602
48.3412
72.6767
80.6059
72.4218
60.441
60.2394
72.2834
80.5162
72.8576
72.7279
80.7168
84.258
72.6652
81.0414
60.448
72.8263
80.5239
72.54
72.6493
60.387
80.6525
72.8457
60.6071
80.7762
60.5759
80.4791
60.5843
60.4454
72.7133
80.6156
72.4399
60.273
72.3768
72.6126
72.6983
72.726
80.8263
72.7429
72.4288
72.6238
72.237
80.436
80.3677
80.5524
84.8577
80.5488
72.757
80.2105
72.3821
80.7569
72.8391
60.3477
81.0227
60.0347
72.4773
92.5632
60.7182
72.5453
60.5861
80.8151
72.8666
48.3836
72.4677
80.6037
60.3865
72.4174
72.3757
72.7463
72.2128
84.2705
80.843
60.8024
84.719
72.3371
72.4904
81.0127
80.5324
72.8048
72.7247
72.8142
72.5283
60.4076
80.0404
72.7267
72.4038
72.4543
72.4579
80.7024
80.6131
60.6109
72.4805
60.5988
72.3533
72.6488
72.5522
72.6087
72.4009
92.5858
72.5952
72.6435
72.3211
80.8018
80.6937
72.659
80.7347
60.1657
92.8197
80.4487
72.5108
72.4031
80.6874
72.4303
80.666
80.6567
80.4757
80.623
60.7678
72.2543
80.7122
80.6645
80.492
72.4941
60.4179
72.6557
80.3415
72.7554
80.6717
80.9356
80.9442
72.318
80.4002
72.7448
80.951
80.9016
72.7517
60.4455
72.6457
72.8088
80.6774
81.0123
72.7299
80.6479
80.5101
72.7034
80.5647
72.5828
60.6536
72.4826
80.5168
60.4265
60.552
72.4971
72.7401
80.5387
80.7033
72.7202
80.7553
81.0462
72.6832
72.2871
72.7194
92.7373
72.712
80.2256
80.7348
72.4395
72.5598
60.5289
80.5031
80.7266
72.6225
80.7635
72.7586
60.3719
80.389
72.7127
80.7511
80.4229
80.7748
81.057
80.5357
80.653
72.4983
72.4818
72.6312
72.8673
72.4781
72.7415
72.8166
60.2117
80.5909
72.6006
72.4793
84.9806
80.9546
72.9897
72.6697
48.3253
80.6674
60.4471
72.4623
60.4323
72.555
60.5254
80.5495
80.437
60.5683
60.5971
80.6899
60.5412
72.5525
80.7863
72.4303
80.4802
72.5447
60.3611
72.6583
80.5449
80.9032
72.478
80.5579
80.752
72.4786
72.9358
72.419
72.728
60.3277
80.6852
80.8175
80.7036
60.5569
80.6556
80.4399
72.4466
80.7522
80.4857
80.1444
80.8497
72.344
80.6818
72.5536
80.5715
60.3388
72.6488
80.6622
72.3604
72.7662
72.5518
60.4366
72.6456
72.4518
80.2585
72.6053
72.7389
72.2264
80.5864
80.6911
60.4748
72.2685
72.2787
72.5226
80.7877
80.7972
80.6791
80.8153
60.624
80.4608
80.7375
80.5387
72.8495
80.408
80.4222
80.5349
60.79
72.6613
80.4514
72.507
80.4819
72.5331
80.3975
80.7729
60.3429
80.4668
80.5655
80.4885
92.8292
80.6161
72.4894
80.4439
80.4964
72.5841
72.5815
60.4611
80.2351
60.3466
72.314
84.3873
72.2014
72.6016
72.6232
72.1557
72.3978
72.4459
72.7063
80.8127
72.282
80.6017
72.5496
80.7372
72.2818
80.4642
72.742
80.8776
72.4746
72.3821
72.6258
72.7004
72.4775
72.5498
72.3534
72.4593
72.6684
72.5587
80.8052
72.8632
80.8166
80.7583
72.6194
80.2409
80.3614
84.449
72.3765
80.4505
72.614
80.6674
80.3649
72.664
80.8243
72.5895
80.524
72.1076
72.6823
72.3511
80.591
72.6799
80.4347
72.1948
60.4792
80.7423
72.525
80.5886
72.3988
72.8056
60.4143
60.4896
60.3788
80.6842
80.9267
72.7937
84.72
80.513
80.6525
72.7745
80.2314
72.5081
60.4346
72.4221
72.2633
60.4912
80.4741
60.4985
72.368
84.3724
80.4802
72.4157
72.318
72.2466
60.081
60.5544
72.6406
72.8258
72.375
72.5815
80.7084
80.277
80.5196
80.7826
80.5907
80.3762
72.5051
72.5598
80.659
72.4285
84.559
80.6629
80.6963
80.3992
72.7462
72.2838
80.8244
80.5071
80.695
80.7128
80.462
60.3772
80.5584
60.3363
72.6988
60.5313
80.4669
80.6114
72.6306
72.2359
80.3312
72.5682
72.5396
80.6644
80.578
72.5968
60.1962
72.4088
80.7312
72.4279
72.6297
60.6297
80.6178
80.5818
72.769
80.5781
72.2464
60.7551
72.0658
80.6915
72.499
72.6648
72.7629
80.91
72.446
72.3003
60.4522
60.6678
60.3287
81.0182
80.4727
72.9274
72.434
80.4738
72.7905
80.6321
80.2541
80.4932
80.5085
72.3444
60.3631
72.3723
72.485
60.7239
72.6262
80.4025
80.6858
72.4512
72.2991
72.5714
72.3461
72.64
72.7608
80.4488
72.9682
72.5438
72.405
84.6255
72.6262
72.5064
80.5558
72.6371
72.4259
72.6681
72.5873
80.3882
80.6954
72.5336
80.8279
72.685
72.4971
60.3874
80.6008
80.5657
80.6049
72.3568
92.6713
80.8079
72.8392
72.6722
60.5573
72.6777
60.604
80.4862
48.2597
80.5752
80.8382
72.4396
72.4558
72.5429
80.6413
72.5893
60.2697
73.0185
72.5951
80.3568
72.7183
60.5707
72.5713
72.4481
72.3629
60.5171
72.2448
80.679
72.509
72.4111
80.7767
80.5863
80.6141
80.8453
72.3119
80.4182
80.4205
80.7801
72.2641
80.5919
84.2611
72.2808
72.2398
72.3477
72.5786
80.3611
80.556
60.3639
80.7971
72.4387
80.6331
72.055
72.8314
80.5086
80.735
72.3299
72.5089
80.3622
60.4177
72.2722
80.6315
80.4501
72.6468
72.6443
84.8703
72.6653
80.6707
80.5686
80.4494
80.5286
60.4302
72.5618
72.7342
72.5223
72.7333
80.9198
72.6044
92.5793
80.513
72.3801
60.3456
80.586
80.335
80.3803
60.4368
80.5647
72.5522
72.4263
72.7239
72.6295
72.4029
72.3888
72.4816
80.8459
72.9165
80.5091
80.494
72.7317
72.95
80.6756
60.4368
72.7293
72.6838
92.7863
80.4911
81.0141
72.4747
80.5997
80.6201
72.6272
72.5059
72.4062
80.949
72.5543
72.5789
72.2012
80.7986
80.3866
84.4223
60.7335
60.425
60.4381
72.5729
72.4791
72.6127
81.0355
72.3209
80.5466
72.5272
81.0438
80.311
72.8054
72.5842
72.8398
72.5121
80.4514
72.4132
80.5348
81.0864
80.8608
80.5851
72.7928
60.3321
72.3919
80.8211
80.4984
80.4557
80.5693
72.4065
72.8438
80.6231
72.5894
60.52
80.4142
72.5826
80.4548
80.1947
72.576
48.2612
80.5299
60.6646
60.3401
72.4288
80.3787
80.3603
72.3893
72.7919
80.3781
80.7506
72.6256
80.6768
84.8517
80.685
60.2614
80.459
72.5212
60.3103
72.5477
60.6262
80.7956
72.5462
60.4033
60.5601
80.2556
80.4492
72.6804
72.4867
72.4671
73.0051
72.5759
72.5622
72.5127
72.6448
72.5519
72.7613
72.6368
72.629
60.3334
72.2904
60.507
72.4592
80.6268
72.1626
72.5747
72.4785
80.1233
80.6147
80.7101
80.4708
80.8213
72.1441
80.6259
72.6983
72.4643
60.5212
72.3434
72.4502
72.5856
80.4607
72.2953
72.3179
60.2161
80.7274
72.4231
60.4173
80.8926
72.7402
72.7006
80.8342
80.3856
72.3907
72.6957
72.7633
48.4306
80.6541
80.5543
80.5507
72.6236
72.6087
72.5357
80.9845
72.5786
72.561
72.4292
72.4743
72.7039
81.0066
72.656
72.5126
72.5921
72.3832
72.4539
72.5274
72.6809
80.4631
52.4103
80.3315
72.6247
72.6692
80.761
80.8893
72.8158
72.5645
72.654
80.4408
52.4432
80.6167
72.7676
72.2324
72.608
72.5426
80.2912
84.479
72.49
80.4525
80.8462
80.5693
72.3882
60.3493
84.8735
72.4513
80.6215
72.6461
72.5355
80.4596
72.5318
80.8679
48.2566
80.6153
72.4388
80.3329
80.5607
60.6016
72.2931
72.4981
80.6625
80.892
72.6239
72.5424
72.4197
72.5093
72.8959
72.6061
80.6777
72.8754
72.6382
72.5535
72.58
80.7745
80.8468
60.5781
72.4015
72.5985
60.4528
72.6319
72.4818
48.3334
80.1993
72.6111
80.5915
60.4717
72.2916
80.5601
72.4292
80.351
72.5067
72.4415
80.4152
72.8514
80.6532
72.3761
60.5352
73.063
80.4011
72.3782
72.6245
80.8946
80.689
72.4738
60.5625
80.5601
60.5354
72.559
72.7316
80.6462
80.428
80.5269
72.9058
72.4267
80.1848
80.6162
80.7162
60.4485
80.3534
72.597
60.4924
72.3381
60.1009
72.6341
60.5202
72.7027
80.3917
72.4084
72.4348
72.7472
60.5046
80.618
80.8782
80.74
60.7008
80.8367
80.5556
60.3069
72.328
80.5985
81.0315
72.3995
72.2506
72.4708
72.0632
60.4329
72.2749
92.5728
60.7111
72.3606
72.9328
60.519
72.4408
72.602
72.525
72.1102
72.8008
60.3746
80.6509
72.2882
60.3643
84.6442
80.388
80.288
72.7539
60.2863
80.8354
84.4947
60.6806
60.536
72.6298
80.2755
72.228
80.3669
60.6138
60.3583
72.4257
72.5758
72.9884
72.4411
80.5885
60.4743
72.9483
80.465
72.9591
72.6069
60.5832
80.5487
72.7364
72.5551
60.5596
72.8963
72.6842
80.9216
72.4127
80.3301
72.8307
72.7803
80.8205
72.8339
80.7783
72.1331
72.322
80.8533
60.3953
72.6951
80.5939
80.405
72.5994
80.3683
72.5239
80.5633
80.5437
60.58
72.4899
80.2313
60.2379
60.1307
60.2817
80.5827
80.5724
72.775
72.3682
80.7516
80.7334
80.6792
80.7556
60.5557
72.3637
80.5915
60.5912
80.1724
80.4293
80.3838
80.4521
80.9024
72.9935
80.9646
80.5924
60.3622
80.29
60.6714
80.4772
80.9205
72.3252
72.5998
72.3246
80.3958
80.6874
80.2567
80.6468
80.5803
81.0537
72.3503
72.3208
80.5879
72.6706
72.4898
80.6427
72.5416
48.4906
80.5441
80.9721
72.1602
72.4007
80.4195
72.4563
80.3927
60.1779
72.4569
80.7119
72.7554
72.7386
60.5652
80.5954
80.4376
72.2754
72.5592
80.4765
72.6066
80.3778
80.8323
80.402
72.3499
72.6759
80.6133
48.4223
72.7379
72.766
60.1893
80.2725
72.63
80.6673
72.6584
60.6855
84.8422
72.4076
72.8285
72.4593
48.5991
80.6974
72.959
72.7902
60.4929
72.5753
80.7082
72.9603
80.1059
80.4514
80.5539
80.1581
80.4086
72.6989
72.734
60.2895
80.8134
72.6221
80.3945
84.4889
80.5648
72.1812
80.6998
80.4785
80.4601
80.4839
60.3823
80.3136
80.5397
80.9097
72.7012
80.4866
60.3783
72.7624
72.5332
80.5346
80.946
60.2986
72.7335
72.4936
80.7717
60.5619
60.41
80.4223
60.2961
72.3518
72.5612
80.5103
72.5058
80.4089
72.8711
80.4746
72.3268
80.4527
72.2497
84.4969
84.7377
72.1157
72.735
80.5159
60.0952
80.5132
72.5373
72.6349
72.5827
72.6068
80.6453
80.6548
72.6058
72.5348
80.3905
80.6051
72.7977
72.4982
72.4902
60.734
72.2877
72.7481
80.7223
72.92
80.7167
72.6704
80.6256
80.46
80.2992
80.7129
80.5082
72.5911
72.2032
80.9203
80.6264
72.6127
72.5955
60.6729
80.4248
80.6721
80.5864
72.6082
80.7666
80.564
72.7091
80.566
80.9186
80.546
72.812
80.9494
80.6264
72.6412
80.6149
72.502
48.3447
85.0794
72.3884
80.5975
72.9886
80.4635
80.3311
60.5565
72.6909
72.6858
80.8216
72.7378
72.6793
72.5421
72.8036
80.345
60.4706
72.48
72.7017
48.2881
80.681
72.6791
72.309
60.7232
80.8987
60.5491
72.704
72.4026
72.4815
60.5634
72.8281
80.6881
72.4117
60.5453
72.6459
92.8804
60.4504
80.4824
72.848
80.5107
80.4963
72.3889
72.76
72.8708
60.4193
80.6157
80.5849
80.3917
72.2993
80.2202
72.6271
72.1843
72.7354
72.5408
72.4756
72.4765
72.8803
72.6873
72.5739
80.5882
60.7701
72.2934
72.5072
72.3036
72.2825
60.5233
72.5477
80.9233
60.5122
60.2613
72.4269
80.5947
80.7823
80.7018
72.5969
80.6916
72.6054
72.802
60.5274
72.5054
60.334
80.3989
92.2518
60.5143
80.7248
80.8115
72.879
84.6937
80.5364
72.6208
72.6354
72.5359
80.8456
60.5595
72.5857
80.744
80.8252
60.8003
72.409
81.1684
80.8267
60.6678
72.6297
80.9794
72.7337
72.6143
80.4498
80.6007
80.7399
80.566
60.3343
72.7606
72.7607
72.6025
80.2856
72.5462
80.5582
60.6814
80.9529
72.1157
72.6411
72.4124
72.2956
80.5621
60.5672
72.7211
60.5049
84.715
72.4845
60.6581
80.4346
60.1227
60.7532
80.2511
72.4715
72.452
72.6222
72.4191
72.5683
80.5476
93.023
72.5269
60.6127
60.3165
60.2616
80.7177
72.4395
72.5204
72.4994
80.4428
80.7266
80.5211
72.3009
48.4031
72.418
60.8765
60.4323
72.4366
80.7279
72.2996
80.8372
80.6672
72.4921
72.4683
84.3061
80.9426
60.4608
72.5577
72.6311
72.3756
72.6266
81.0322
72.3886
80.4836
60.491
60.3461
80.7752
60.4195
72.2369
80.1376
72.6088
80.811
80.9276
80.3632
80.6778
72.2429
80.2639
72.4546
80.243
72.9088
72.6715
80.5746
72.5649
81.0032
72.6561
72.744
72.4037
80.5573
80.3598
80.5671
80.8546
80.2635
60.3657
80.7336
72.878
80.8142
80.3164
72.5073
80.6864
92.5146
72.584
72.4792
60.7551
60.5764
60.1833
60.5552
80.7099
60.3883
80.8554
72.6617
80.5969
60.3397
72.667
72.5556
72.4326
72.8711
72.3973
80.7703
72.4899
72.8048
72.5456
80.634
72.6933
72.4497
72.6556
80.7948
72.2272
80.5254
72.4476
80.8494
72.8675
72.7869
80.7285
80.5034
80.9041
72.537
60.5706
72.3007
72.7007
48.5394
72.4533
72.1525
72.338
80.7224
60.5321
72.4491
72.5486
80.1977
72.73
80.394
72.6783
72.7624
80.8037
80.94
72.5378
80.5875
80.7268
80.2673
80.5728
81.0275
80.5564
80.5772
72.7963
80.5109
72.8299
60.7193
80.9986
72.3256
72.3736
72.5576
72.6066
72.5325
72.3594
80.5963
72.1875
80.8086
60.5072
72.5191
72.6154
72.6272
72.3014
60.4564
80.609
80.5627
80.4998
72.357
72.63
80.389
80.9914
72.7071
72.5039
80.454
72.5844
72.6733
80.7052
84.2506
72.7414
80.4465
72.7078
80.8337
80.6188
72.7843
84.628
72.8871
72.5482
72.4527
72.5574
72.5406
80.3038
72.4576
80.5902
72.3929
72.2859
72.6634
60.5074
80.35
72.6679
80.7754
72.2776
72.3497
72.4546
60.7385
72.668
80.6195
72.4911
80.6156
80.4424
60.614
72.4151
72.4649
80.3265
80.5374
72.5238
72.5288
92.8162
72.7979
80.3705
80.4326
60.5646
72.5018
80.1845
72.3694
72.5155
72.6407
80.8178
80.8146
72.4351
72.6579
60.6789
80.7797
72.5898
72.3456
72.2877
72.4831
60.4896
72.47
81.0937
72.7797
60.3586
80.3139
72.7181
80.4886
80.4312
72.3845
92.7826
80.6954
72.5607
72.6374
72.7072
80.7075
80.6149
60.4001
72.6212
72.4261
80.6661
80.7803
72.6272
80.4552
72.3607
72.6825
72.5631
72.5463
80.7226
72.2662
60.7275
72.6706
60.3298
72.4054
84.8063
72.7667
80.4798
80.9715
60.5506
72.4125
80.5798
72.4323
72.6392
60.3097
80.7511
72.4897
72.456
80.6851
84.516
80.5408
80.7062
72.9663
60.2216
80.5955
72.5495
60.5407
80.3945
80.4203
80.4296
80.8029
80.5648
72.6137
48.3164
72.2366
80.7514
72.6282
85.0963
60.5519
80.615
80.5544
72.4629
80.5351
80.6653
72.3779
80.6378
72.7611
80.6672
80.4816
80.5761
72.5861
80.3718
80.6847
80.5716
80.512
80.5977
72.6498
72.8032
72.5047
72.0156
80.5378
92.9161
60.4599
80.4023
72.1991
80.6174
72.38
60.6255
72.9367
80.2856
72.5621
80.5098
72.6207
72.3851
80.5231
60.7512
60.4041
72.6146
80.5819
48.2872
80.4638
72.347
80.9966
72.4214
80.6022
60.3665
72.3429
60.6327
80.8171
80.3998
72.6485
80.95
72.4674
80.639
60.6977
72.4455
72.6927
72.4606
72.2803
72.8352
72.8473
80.7415
80.6138
72.2759
80.6326
72.3346
72.5263
72.2683
72.6283
80.7048
60.4293
80.6503
72.4905
72.4395
72.7046
60.4168
72.5252
84.566
80.456
72.4963
72.485
72.4259
72.1827
80.6827
72.2229
80.6749
84.7935
72.4739
72.4608
80.5161
72.4602
84.4739
80.7981
60.4645
60.4735
72.5583
80.3879
72.6843
80.433
72.6854
60.4648
72.7431
80.4984
80.8609
72.6843
72.5968
80.6553
60.4889
80.5233
80.5889
72.6606
80.7869
80.5167
80.7012
80.7591
72.7693
60.5243
80.5195
80.5132
72.7085
72.455
60.4022
80.6139
92.4729
80.8756
80.6234
48.6289
72.6148
80.5511
80.3627
60.4645
72.4344
80.5334
80.701
72.8105
80.439
72.5298
72.462
72.4721
80.5189
72.7937
72.7239
72.2644
60.6125
72.447
80.5097
72.6274
80.6441
72.939
72.4885
72.5832
84.7001
80.5918
72.4185
80.8128
80.3316
80.7181
72.456
80.8426
72.606
72.7512
60.3318
72.5266
72.5308
60.5107
80.5945
72.6628
72.7293
80.6726
72.7032
80.3084
72.2451
72.7113
80.1566
80.6568
60.3715
80.7716
80.3811
72.4122
72.3425
80.752
72.444
72.3484
80.4797
80.4124
80.6605
60.5833
80.5264
72.5459
72.4977
72.5377
72.7183
60.7401
93.1762
72.6549
72.142
72.5888
72.4406
80.5864
60.4734
72.4071
72.5722
72.482
60.4841
80.2078
72.4162
72.5913
80.5422
80.4678
60.4838
72.2832
72.6097
72.5756
80.6831
84.9914
72.2662
80.3514
85.0432
72.492
80.7099
80.5776
72.3142
72.5801
80.6428
80.8214
48.372
80.8246
72.7013
72.7681
60.5716
72.2716
72.4493
72.4511
80.7207
80.9125
72.5618
80.4285
72.842
60.5549
80.6142
80.454
72.8173
80.2582
72.8441
72.5127
72.5739
80.6191
80.3143
80.3259
72.6779
80.6087
80.4727
60.7853
60.5277
80.7787
72.5321
72.4868
80.5514
80.6089
80.5595
92.3202
72.586
72.5085
72.5922
80.8
72.8774
80.4643
72.3779
72.3609
72.4553
48.4556
72.7176
80.6873
72.5294
80.7017
72.4354
72.7116
72.5662
72.7836
72.5424
72.3608
72.7245
72.4344
80.3645
72.4382
72.5475
72.4951
72.9218
72.4208
80.5676
80.9119
60.3824
80.405
80.3956
80.5842
72.6248
80.7157
80.5263
60.2936
72.5384
72.4867
72.761
72.8088
80.5458
60.633
72.6189
72.4844
72.2507
80.2209
92.3957
72.0774
72.7457
72.516
84.4566
60.5303
80.6424
80.3651
72.5901
60.3279
72.6717
72.5245
80.4635
72.9917
72.911
72.5134
60.5562
72.4977
80.5186
72.6312
72.597
80.7857
60.5127
72.7279
80.9772
72.286
80.1104
72.2112
80.4588
72.4499
72.6661
72.4147
73.068
60.4386
80.6458
60.3398
80.4963
80.531
60.253
60.3683
72.5472
80.5605
72.6939
80.8418
72.5238
72.5702
72.6852
72.5592
80.4409
72.732
80.4176
72.3549
72.6625
72.7036
60.5265
72.7431
60.592
80.2576
60.3447
72.5072
72.2888
72.3854
80.2024
80.6041
72.3807
72.7128
72.3978
80.6327
72.276
72.5322
72.4044
80.2031
92.4579
72.7189
80.5375
72.5525
72.525
80.5895
80.6455
72.2505
72.4331
72.5962
80.6021
80.8239
60.2723
72.645
72.5101
72.3162
80.8077
72.6457
72.6999
72.7165
60.4131
80.4485
72.6134
80.7487
72.4536
80.5234
80.4396
72.3634
72.8535
80.3647
80.5904
80.3009
80.7351
72.713
60.6678
80.7129
72.8228
72.5972
92.5376
72.6019
72.5822
60.4899
72.6476
80.8619
72.7038
72.3326
72.3556
80.4976
60.3499
80.7646
60.1988
72.6736
72.531
48.2637
80.5902
80.3034
80.7053
72.4672
60.4494
72.4081
92.535
80.5721
60.3307
80.6635
60.7083
60.3503
60.6073
72.2319
72.7659
80.5131
72.3468
80.428
80.1342
60.4762
80.7547
72.403
72.2883
72.6296
72.3191
72.842
72.7428
80.6051
80.8184
72.6039
72.667
72.4313
72.3021
92.9007
72.9689
72.4879
72.6552
80.5531
80.5519
72.3111
72.833
92.7682
72.6377
72.9307
72.3986
60.6972
72.4216
80.6528
80.2975
80.5091
72.906
72.3418
80.4358
60.2562
72.7638
60.1743
80.57
60.5675
72.5601
72.7398
72.4922
72.349
80.5788
72.5233
72.4481
48.497
72.799
72.7084
72.6344
60.3754
60.5941
84.993
80.5359
80.666
72.4239
60.5571
72.4735
72.9123
60.4801
72.6938
72.2489
72.5796
80.5513
60.4137
80.1744
81.0777
72.6207
72.5264
80.7741
80.5431
60.6492
80.2135
48.3928
80.5664
80.851
80.6908
72.5349
72.6734
72.6211
72.5742
60.8119
80.6144
60.8192
60.5457
80.8967
80.5511
72.4707
72.5814
60.5777
80.5117
72.3471
72.343
72.6943
72.2989
72.6824
72.6107
80.554
80.4288
72.4961
60.2381
80.6233
72.1068
72.7249
80.2493
72.6522
80.2949
80.7452
60.6014
60.5612
80.4845
72.8768
72.2844
60.632
72.4119
92.4324
72.4149
80.6953
72.3435
72.4055
80.4607
72.818
60.6028
72.3212
72.4845
80.6391
72.808
72.813
60.5737
72.3706
80.794
80.6363
72.3593
72.3874
80.2998
60.3282
60.6955
80.1126
72.6573
80.5434
72.5356
80.6734
72.4646
72.6719
80.8397
80.8993
72.8249
80.7417
80.3781
72.4589
72.7642
72.2957
72.5675
72.2687
72.5495
48.5096
80.8018
93.0733
80.8241
72.3749
72.5897
72.6287
48.222
80.6421
72.7093
72.7506
80.708
60.4205
80.6063
80.711
72.6627
72.7855
60.5383
80.7555
72.5924
80.8668
80.658
72.2182
72.5501
80.4707
72.3085
80.4417
80.9124
80.4068
60.5774
72.6393
80.4656
84.6364
80.7036
72.3568
72.532
80.4047
80.5792
60.679
60.5387
72.4424
72.6326
80.6678
80.5702
72.5669
60.253
80.7798
60.363
72.3606
80.6195
80.7385
72.5152
80.6397
72.6927
60.5212
72.6512
60.1525
85.1253
80.1546
80.784
72.436
80.7541
80.4884
60.6386
80.3376
72.346
72.3492
72.5694
72.4314
72.6092
72.3959
60.5463
80.8224
72.7877
81.0327
80.5417
72.4347
48.4497
48.4477
80.5971
60.4108
80.5679
72.49
72.3616
80.7231
72.2738
72.8256
72.6564
72.5078
80.8513
72.9377
80.6049
72.1863
72.2362
73.0561
72.4213
80.7932
72.6355
60.3584
80.8746
72.7153
72.2139
80.4876
80.9038
60.3206
80.7242
72.868
80.2927
72.7053
80.6054
72.4676
80.3382
72.518
72.7463
60.6262
72.3332
72.5445
80.7026
72.5678
80.7307
80.783
80.4522
80.9527
80.4906
80.3835
60.4144
72.9296
80.6672
72.4324
72.4711
60.6407
80.4555
72.4825
72.5975
72.6456
60.2702
80.5517
72.4904
80.5745
60.4937
80.6243
72.4133
72.3997
80.611
72.59
72.725
72.7171
72.6681
80.612
72.8882
80.7063
80.5041
72.3967
80.6757
80.7037
72.34
72.7169
72.5965
72.5059
72.6431
72.3815
80.4002
72.3666
80.4049
60.2955
72.604
72.6916
80.5171
72.5735
80.7221
80.4968
72.7297
80.9825
72.6577
80.4988
60.4419
80.517
80.568
72.6827
92.4826
80.3622
80.6813
72.4334
80.7353
72.3969
80.6323
72.3587
80.6925
60.7954
80.7886
81.0863
60.3432
72.6691
72.506
72.5769
60.3541
72.5588
72.3709
72.6543
80.6613
72.565
60.3482
80.6087
80.5433
72.5647
80.3092
72.5676
72.7943
80.6948
72.5109
60.3412
60.166
80.6792
60.5064
72.5569
72.4251
72.4872
72.5956
72.4448
80.535
72.7151
84.9361
72.6356
80.7057
72.3596
60.2408
72.6648
80.8002
60.6976
73.048
80.3038
80.5799
72.4807
80.4821
72.2319
80.5538
80.7078
72.5958
80.7593
80.5628
80.7063
72.4505
72.6434
80.5206
80.8493
72.3032
72.7353
80.601
72.3246
72.2545
80.5486
72.3232
80.3045
72.4422
72.3999
72.4292
81.0065
72.7775
60.7772
72.3673
60.4282
72.6284
80.6345
80.9048
72.3189
72.4792
60.4656
72.4587
60.5881
72.4167
80.8462
60.4339
72.5809
72.5692
72.8672
80.5257
72.5192
72.9445
72.5202
80.88
72.6611
72.4916
80.8281
72.7114
80.3323
72.463
72.9185
60.4647
80.3073
72.3962
80.3335
72.709
80.2317
72.3091
80.6465
72.7686
72.6042
72.9132
72.5676
72.2219
72.618
72.7791
80.7955
72.6652
72.8023
80.3478
80.3381
80.817
80.8571
80.8141
80.4442
72.4029
80.7034
72.6447
72.5476
80.2632
60.195
80.803
80.734
60.4538
80.8603
60.2023
92.8856
80.4479
80.5211
72.4388
72.3005
72.4318
80.5243
80.7985
80.3885
84.785
80.3445
72.5505
72.4831
72.6158
80.496
72.4556
72.6525
72.4367
80.6259
80.4602
80.6802
72.5358
80.8049
72.595
84.4318
81.1787
72.4334
72.4956
72.0709
80.8264
72.498
72.7425
92.2929
84.2283
80.4778
52.4037
72.6234
72.3988
72.2394
72.7681
72.8105
60.5876
80.4613
72.8175
80.3307
80.6618
84.4078
80.7483
72.5714
72.7089
80.8074
60.3265
60.3727
72.6471
60.5193
72.7347
72.6396
72.6274
72.7745
60.4549
60.5004
80.8816
80.666
72.2873
72.4709
80.7397
80.7284
72.5532
72.5077
72.4347
60.3755
80.661
92.5508
80.6032
84.5028
80.3864
60.4364
72.5489
80.4554
80.4478
60.5671
80.409
84.7976
72.683
81.0621
72.7688
72.6099
72.437
80.2496
60.6287
80.6803
93.0056
80.4033
60.4493
60.677
80.6563
60.3615
80.4887
60.387
60.2426
60.7473
72.6118
80.5617
80.4989
72.3002
72.7443
80.6189
80.3714
60.6301
60.4282
72.5011
60.5441
60.4175
72.8264
72.2968
80.4781
72.6779
60.1505
72.4894
80.3647
72.5404
80.8402
72.6197
72.4469
72.5065
72.4618
80.7565
72.5383
80.4375
80.4092
80.6752
80.3425
80.7716
80.6087
60.7342
72.3423
60.4084
60.3907
80.5983
80.621
60.6215
60.2785
72.5149
80.7966
72.6578
72.4438
84.645
72.4163
48.3976
80.5465
72.4198
72.7468
72.5045
80.5626
80.8473
72.6686
80.4971
72.6074
80.3749
72.672
60.3899
72.2078
81.0868
80.5892
72.545
80.6965
72.6074
80.3139
72.558
80.6938
92.6889
80.3335
72.8343
80.6251
72.354
72.3205
72.631
80.5834
72.7906
72.659
72.9691
72.2348
80.4624
72.6727
72.596
72.265
72.7185
72.2739
80.7233
80.2735
80.7361
60.3702
80.5717
72.4225
72.3055
72.2035
72.6612
72.4735
80.5168
72.2911
72.6613
72.7329
80.3136
80.4706
72.4364
84.7916
80.3986
80.7648
72.8482
72.7467
72.4191
60.3404
80.6248
80.595
80.6048
72.6417
72.7474
72.5446
72.7178
72.2396
80.7079
72.6267
80.5213
72.4158
80.6698
80.3449
80.3193
84.2117
72.5544
72.612
72.6405
80.5493
80.8594
72.36
80.652
80.6021
60.2701
80.604
80.3267
72.7372
80.4355
72.8761
72.4128
72.7566
80.6768
60.337
80.6601
72.6522
72.4742
92.8314
72.3216
72.5952
80.2815
60.288
80.6268
80.6273
72.6195
80.6705
72.7537
80.8254
80.933
72.7292
80.5467
80.2415
72.3562
80.7237
72.9785
80.7255
80.7142
72.8349
80.6314
80.5628
72.669
72.3517
72.7067
80.2082
80.3629
80.1655
60.4101
72.3239
80.4222
80.7299
72.3705
72.6762
72.7745
72.7997
60.3375
80.8253
72.9098
60.4411
80.9106
48.3384
72.5314
72.4935
84.5925
72.4552
80.8148
72.6702
60.1746
72.8351
72.7704
72.3077
84.5676
80.7361
72.0497
72.4919
80.6365
72.9337
80.7986
80.7783
72.5495
80.348
80.7303
72.7802
72.7794
72.5427
80.5814
72.8643
72.2344
72.706
72.745
72.831
72.4215
80.9591
80.3876
72.8612
72.5506
72.606
72.2782
80.6526
72.8747
80.3328
60.3732
72.7042
80.7426
80.5379
80.2529
72.5363
80.74
80.2723
52.3412
80.6758
72.4285
72.7995
80.1881
80.5664
72.5253
72.7116
72.5096
72.3747
80.8862
60.3722
72.5444
72.6372
80.913
72.2291
80.7544
80.8036
72.4568
92.8065
72.2412
72.42
80.5469
72.4124
72.1266
80.7271
80.5011
60.6089
60.5007
72.6556
72.4818
72.422
80.6987
80.5777
72.4489
80.5474
72.8652
72.5422
72.345
80.6545
72.5641
60.4689
80.5022
80.6395
72.5709
60.1778
80.2904
80.4178
72.6376
72.8757
72.487
80.5881
80.551
80.7206
72.325
72.4594
84.5888
80.6901
85.028
72.8925
80.724
80.4676
72.5809
80.4355
72.4549
72.1561
72.5958
80.7032
72.6662
72.4433
80.7616
80.5927
72.0384
80.5194
80.5955
84.4684
80.7685
80.6287
72.3811
72.7786
72.6088
80.678
80.6128
60.6998
72.3798
92.6222
72.5809
72.4806
80.4277
72.3601
80.7097
80.969
72.7065
72.6465
80.3276
80.5839
72.4931
72.8223
72.4181
80.5244
72.4039
81.1336
72.49
80.5317
72.4791
80.274
72.644
80.5195
80.7569
72.5651
80.3566
72.4865
72.6007
80.4465
80.4455
80.5925
72.7373
72.6635
80.9728
60.4406
72.4983
72.933
80.3269
72.7443
72.296
80.3118
72.3877
72.5469
80.6425
80.7581
80.8045
60.4699
80.8238
72.4645
80.5959
80.5552
72.9341
72.5082
72.5048
72.2971
80.605
72.692
80.7658
80.529
80.5109
72.8253
72.1152
80.0703
80.8201
72.9289
72.7563
72.2447
72.8292
60.1685
80.4508
80.5609
80.7003
80.4947
72.6871
72.2528
60.1733
80.9819
60.629
72.6908
80.6736
80.4459
81.092
72.2403
72.4857
72.3772
72.5659
80.7058
72.4929
72.5692
72.6788
80.7543
60.3853
72.5937
72.4706
72.5851
72.6825
72.5004
92.7746
72.4088
72.4498
80.2929
72.2787
72.6062
80.487
72.7484
72.3456
72.5833
80.5462
72.759
80.447
80.4024
72.3832
80.6266
72.6807
80.6487
72.6533
72.2775
72.6391
72.8835
72.4755
60.6268
80.9999
72.3199
72.85
60.3622
48.4208
92.7465
72.4037
80.7355
60.5163
72.5893
80.9329
80.6303
80.626
72.2076
80.8826
72.5481
72.5536
72.9883
72.4836
60.4674
72.319
72.5381
72.8596
80.4321
72.597
72.9877
60.2275
80.9128
80.3842
80.6571
72.4657
80.3228
72.4283
72.4996
72.3451
80.4939
72.8209
60.3292
80.2921
72.2153
72.4073
72.8038
92.3728
80.6054
72.5614
72.5976
72.473
92.3352
80.9442
60.3703
60.5243
80.7822
72.8088
72.7314
72.6858
80.3409
72.6028
72.3776
72.6474
72.6574
84.6381
80.7592
60.4571
72.7186
72.4493
72.5469
72.5975
72.439
72.3301
72.7577
81.0643
80.631
72.5694
72.6638
72.2828
80.4368
80.6964
72.3246
80.679
72.5034
80.7971
72.8249
80.7975
72.2761
72.7262
72.3915
72.4721
80.7128
72.6695
72.7312
80.6722
72.8454
72.7521
48.3932
80.8499
72.7059
72.4962
80.846
72.4126
80.8098
80.7655
80.7773
72.4181
72.8167
80.6969
72.6551
80.6791
72.8069
60.3294
80.9909
72.8815
80.6447
80.7002
80.3952
72.496
80.6268
72.6238
72.8713
80.5633
72.6389
80.8751
72.7527
72.7303
72.5379
72.6231
81.1947
72.521
72.7155
80.4457
72.4783
72.5753
80.8198
72.3712
72.3027
72.5208
60.2597
72.8058
80.5535
60.6337
84.9234
80.6169
72.4273
72.5372
80.9955
80.6245
72.2221
72.6356
80.5569
80.9963
80.7006
60.3785
72.5178
80.7037
72.5476
80.5012
60.358
80.6662
72.6766
60.6456
80.6002
72.5464
60.3178
72.8422
80.6108
73.0854
72.443
60.6928
48.3548
80.9773
60.6045
72.5498
72.6582
72.2556
72.3914
72.5146
84.5568
80.6881
72.4531
60.3651
72.6034
80.4501
60.6071
72.3668
72.7482
80.7712
80.2107
72.6154
72.5452
72.5818
80.6414
80.8286
72.5844
60.5634
72.4855
60.5978
72.2984
72.5032
72.5
72.5997
80.5753
80.4951
60.5703
72.6607
72.2066
80.2732
72.6879
72.5574
72.6712
72.5534
72.5095
80.5985
72.4066
80.8263
80.2144
60.3152
80.6695
72.7086
72.8404
72.4456
72.8045
80.9054
80.3977
60.2239
72.6494
80.6322
92.7506
80.4601
80.7096
72.5247
80.4229
72.289
60.8686
80.8902
80.7134
60.2571
72.8359
60.3916
72.6985
80.368
72.5594
80.7411
80.6519
72.3853
72.3583
72.7345
80.3454
60.2767
80.588
80.826
72.9393
72.8199
72.3851
72.3906
80.3127
80.3593
72.9645
72.3472
72.9275
72.4502
72.4529
60.3297
72.4804
72.6138
80.3527
80.761
72.5572
80.4636
72.554
72.3503
72.8775
60.5337
80.4099
60.7028
72.4111
72.438
60.2371
80.5573
72.379
80.7887
72.6644
72.5205
72.6449
72.4203
80.574
80.6224
80.3296
72.5138
73.0154
72.8438
60.3542
72.8427
72.9845
81.0243
80.4099
60.8958
80.6468
92.6679
72.3107
80.3972
72.4434
60.7241
80.3208
80.5743
60.4837
72.4202
80.726
72.94
72.7337
80.8829
84.8826
72.5615
72.8257
60.7232
80.8252
60.4169
60.564
60.4082
80.9275
72.5817
60.3537
48.5463
72.7359
80.4977
80.5247
80.7272
72.3907
72.5115
72.4231
72.7347
72.6694
72.6874
72.5739
72.46
72.3662
80.6497
72.9543
60.2967
72.3062
80.6122
72.6836
72.8689
72.6939
72.6477
80.4327
72.4913
72.6703
80.6921
80.7937
80.0907
72.741
80.4774
80.1485
72.6561
80.9603
60.3346
80.6832
80.5199
60.5592
81.099
60.6067
80.5537
80.6052
80.866
80.5065
80.7423
80.4972
80.567
72.7604
72.5133
72.4368
72.6454
72.5694
80.7037
60.3281
60.4406
72.5297
84.4294
80.8375
72.3572
80.7326
80.5621
60.556
60.5288
60.4474
80.7359
72.4273
72.4372
72.2991
80.5184
80.2484
80.5685
72.5907
80.3531
72.7425
60.4921
80.53
72.7272
72.9673
80.3155
72.5598
84.883
80.2884
72.3772
60.292
80.7033
72.635
72.6286
72.7057
80.5295
60.3517
81.0571
80.6235
72.528
80.5394
72.8619
72.6243
72.2331
72.3959
60.4374
80.504
84.645
81.0772
80.4079
72.5333
72.4644
72.3679
80.7682
80.2316
80.3821
80.534
72.4105
60.5473
72.5042
80.3958
80.7841
72.674
72.5913
84.7796
80.8474
80.5073
80.5896
81.0924
72.7001
72.3899
80.8895
72.5202
72.341
72.6194
72.6417
72.3373
60.6405
72.7142
72.305
72.6895
72.3303
80.8249
72.8631
80.6308
72.2794
80.7906
72.4194
80.4163
72.7325
60.4676
80.5572
84.8145
72.4053
72.4977
80.6289
72.6461
72.5359
72.7525
72.6217
72.6624
72.4596
80.9845
72.5234
84.5948
72.4172
80.69
48.2302
72.4771
72.5896
72.397
80.359
72.7815
80.1944
80.7928
80.0822
72.3507
72.3825
72.2589
81.0215
80.3636
80.544
72.5413
72.4747
80.6864
72.7501
80.722
80.3564
72.415
80.5547
80.7782
60.8774
72.2714
60.4434
73.0328
72.6294
92.462
80.5279
72.4648
72.7132
60.2481
80.5088
80.5884
84.2843
72.3614
72.255
80.5948
72.5674
72.5928
80.5928
72.5337
72.5387
72.4789
72.4956
72.3381
60.349
72.5431
72.6283
60.6285
80.4574
80.9581
72.1234
80.455
80.7132
80.5514
72.8991
72.6881
72.4014
72.4809
72.2997
80.7269
72.5993
60.2782
72.7387
72.4854
80.4111
80.7432
80.235
48.5528
60.4951
80.7378
72.6356
72.6849
72.5317
72.5855
80.5631
72.6675
80.5922
72.5171
80.4009
80.8609
80.1726
72.8871
80.5726
60.6041
80.0583
72.396
80.7205
80.6454
60.435
72.8233
72.5499
60.3476
80.917
80.465
80.7204
80.3936
80.2593
80.4738
80.524
72.3656
80.695
72.6425
80.4496
72.5267
80.6208
80.2259
72.5154
72.558
60.4581
60.6606
72.6235
72.7511
93.1472
72.547
80.5889
80.388
72.2414
60.8435
60.6383
72.4872
80.5417
72.7037
72.3385
72.5153
72.5323
80.7185
72.5745
80.5136
72.3507
80.1364
80.4843
72.454
60.3515
80.4982
72.7594
72.3386
80.903
72.7597
80.7873
80.4762
72.6274
60.483
72.5385
72.3223
72.4188
72.161
80.584
72.2753
72.4141
72.5468
72.6555
80.743
80.4705
60.4047
72.4524
72.7629
72.38
72.8519
72.6889
60.2598
72.7348
80.4798
80.5076
80.5044
72.573
60.5366
72.392
72.4788
80.4042
72.5611
80.312
72.7857
80.3694
60.4208
72.3918
80.684
72.8527
72.7563
60.5393
48.43
92.782
80.605
72.7989
60.1357
72.4139
60.4446
80.2577
80.5374
80.5527
72.6992
60.2795
92.7897
60.8079
72.688
80.2062
80.6476
72.5129
80.717
72.4879
80.6403
80.7818
72.5874
72.6983
72.7579
72.6298
72.4172
72.7517
80.6844
80.4285
84.3923
92.6091
80.295
72.7631
72.5344
80.4504
80.6848
80.4643
80.6698
60.4766
80.4677
80.2663
72.5974
80.4685
80.5092
72.8561
72.7588
80.4289
72.6024
92.7113
80.7678
80.778
72.6116
80.8843
80.3595
72.636
60.6485
80.5842
60.6039
60.4834
80.9471
72.4272
72.5923
60.4791
72.3195
80.6168
72.4723
72.5572
72.4537
73.007
72.3515
72.4497
72.2433
92.5368
72.7183
80.7334
80.6194
84.5503
80.3941
80.6112
92.5802
72.6142
60.6968
60.3559
72.4256
72.4195
80.4208
80.7757
72.7549
72.4087
60.2108
80.3847
72.424
72.6202
80.6488
72.4982
72.4154
72.8651
72.7409
72.6624
80.3817
80.8515
72.8637
72.7686
80.6887
60.2942
72.6315
72.5568
80.643
80.5645
72.4019
80.3739
60.3161
80.5689
80.9536
72.574
60.3576
80.6534
72.2362
72.4481
60.7902
48.5572
80.7526
80.3286
72.7504
80.6858
80.7375
72.5497
72.598
80.6912
80.3091
80.6981
60.5716
72.6477
80.7438
73.024
72.7198
80.6484
72.4983
80.8098
72.2738
72.5992
60.3496
80.7885
72.2667
80.2974
72.8472
84.3453
72.8363
72.615
80.5927
92.6571
80.8628
80.374
72.586
60.6854
48.3309
72.3691
80.6336
72.4968
72.3307
72.6913
72.544
80.4954
80.3917
72.626
72.6932
72.6955
60.2414
72.4118
80.2997
72.4509
92.7272
72.4209
80.7743
72.6195
72.2129
80.6979
80.7935
72.2935
60.2136
80.4946
72.4241
80.4548
72.8208
80.6442
72.6231
72.3815
80.6254
60.6373
72.2172
48.4775
60.4409
72.8873
72.4571
80.4456
84.4089
80.4989
80.9843
72.1572
72.6342
72.5382
72.0784
80.8513
80.6208
72.8295
80.5541
60.3715
72.7358
72.7416
72.8078
80.7118
80.706
60.2927
72.6945
72.3901
72.6126
72.7086
72.3854
72.6323
80.6361
80.4952
80.6989
72.7235
72.8053
72.5115
80.4137
80.5771
80.4625
60.5461
72.5183
72.4089
72.4182
60.2849
80.3517
80.5194
80.7438
80.4998
72.0581
72.2393
80.4136
72.6035
80.752
72.3631
72.7346
72.5132
72.4592
72.2357
72.6171
72.6045
72.6286
72.5455
72.6584
80.8197
60.428
72.5436
60.4957
80.5742
60.6275
72.3516
72.5997
72.6378
80.0779
80.637
80.5812
81.0652
72.382
72.4258
60.6069
72.1398
80.5798
80.4125
72.4485
60.5585
60.3357
72.4598
72.6689
80.4619
72.4083
72.6569
72.6811
72.597
60.4876
60.2469
60.4934
72.8665
80.6718
80.5857
72.521
60.447
80.6476
80.7114
80.7359
80.433
72.8036
72.7223
80.8978
80.5776
60.3539
60.2912
60.4736
80.561
72.7067
60.6975
72.7709
60.3092
80.739
72.5495
72.199
72.617
72.5319
80.739
72.9865
80.3167
72.6003
60.2834
80.677
72.215
80.9685
72.7109
72.8252
72.4961
72.1611
60.1791
72.3623
80.4135
72.1839
80.7604
72.6291
48.5785
72.6204
72.4029
80.285
80.7638
80.8863
80.4188
80.7139
72.4164
72.4417
80.7442
80.5805
80.629
60.3909
80.5926
80.4226
80.5901
60.612
72.5676
80.734
72.3886
80.6654
72.6797
72.3758
72.538
60.3467
80.8465
72.7587
80.5276
60.506
80.5345
72.5838
84.6645
72.7871
60.1799
72.5843
80.9667
60.6349
72.4747
80.8797
80.6141
72.1389
80.4465
80.5628
72.5344
80.391
72.4633
80.5489
72.7657
72.6857
72.4103
80.6436
72.2982
80.9458
72.5402
80.4454
81.0165
80.6094
72.4244
80.452
80.3056
80.6675
60.6125
60.755
72.6142
80.8719
80.5828
80.7252
80.793
72.5476
80.7723
72.5024
72.2402
80.6276
72.7538
72.7429
80.7012
72.868
80.7536
80.6259
72.3939
80.36
80.6131
72.1732
80.4693
60.4223
60.5179
72.6737
72.2694
80.635
72.7069
72.4452
72.5622
72.6496
72.5241
72.8073
80.7721
80.8939
60.4411
80.6385
72.6551
72.6358
72.7357
80.474
60.6438
72.5487
72.2232
72.7836
80.7625
60.2961
72.5472
80.3042
80.4098
81.0041
80.455
80.7513
80.7179
60.5152
80.8825
80.3958
72.6096
72.8049
72.7098
80.8466
72.7546
72.4312
80.2105
60.2655
72.4656
72.6197
80.6871
80.9079
80.3887
72.6511
72.7378
72.6382
80.605
80.7188
72.6984
80.57
72.6742
72.5103
72.4806
72.7062
80.5723
72.5074
72.4651
80.6116
72.3062
72.6717
72.7535
60.5019
72.8009
72.6437
72.4644
80.3008
80.3068
72.3203
72.4893
72.3613
72.671
72.3975
60.165
72.5433
72.5237
80.3758
72.4177
80.3237
80.596
72.3931
60.5136
48.5353
80.9751
72.5505
80.8323
60.6135
80.7189
60.5021
72.3587
80.6966
92.8169
72.4951
72.6663
80.6822
72.6006
72.7553
80.7447
80.2839
60.1141
80.7868
80.6198
72.4528
72.4084
72.6991
60.5352
84.4689
60.5718
72.4478
60.431
72.6887
72.7733
72.3959
80.8589
80.7081
80.402
80.5495
80.253
80.4889
72.8416
72.8011
80.5472
80.2072
72.5529
80.4763
72.7107
72.232
80.3749
80.8963
60.4088
72.6948
80.6628
72.5102
80.583
72.64
80.4422
72.7717
72.7291
72.6567
80.6181
72.9362
72.5103
60.293
92.8096
72.2888
72.1623
72.4718
72.5379
72.3177
72.683
72.2224
80.7824
80.3432
80.6107
80.7259
72.2768
72.4203
80.798
80.513
60.3428
72.5201
72.5477
72.5863
60.7468
72.5331
72.6819
72.2699
80.778
80.8436
72.4653
60.5095
72.7386
72.6368
80.5223
72.6333
80.3303
72.4237
72.4258
72.7711
72.1834
80.6813
80.4321
80.9299
72.4564
80.8321
80.4407
80.3323
60.2419
80.9228
80.889
72.8085
80.5699
60.4529
72.4327
72.6458
72.5671
72.7366
80.6355
60.4297
72.7523
80.4231
72.4327
80.4185
80.3917
72.4042
80.3681
80.5001
72.7958
80.4452
72.7404
60.6753
80.4254
72.6351
72.6655
80.4722
72.4435
72.5991
72.4948
80.7902
72.2696
72.3985
80.5195
72.53
72.3633
80.6215
84.3179
60.031
80.5417
80.4339
60.4675
81.1502
72.6288
80.3792
60.6048
80.7351
72.1694
72.6795
72.6547
72.6781
72.6687
80.8515
80.5001
80.5969
80.814
72.9386
60.3161
72.3537
72.573
72.7398
72.654
72.1517
84.6067
72.1573
80.6767
60.6059
81.0354
72.3368
72.9742
60.1307
72.4054
72.4204
80.2066
72.8141
80.6594
72.3466
80.5629
72.4798
80.7161
80.3643
80.7113
80.1731
80.7292
72.713
80.5008
72.5011
72.7553
80.3901
72.4947
72.5709
72.6997
72.7565
72.6577
80.9083
80.7174
48.4037
48.5084
72.4355
72.4358
72.5527
72.1974
80.9997
60.4121
72.494
60.6017
80.3024
72.3431
72.6759
60.2782
72.5676
80.5294
80.4625
80.5276
72.3938
72.5608
92.4923
60.7195
72.813
72.1765
72.4692
80.4027
84.6781
60.4911
72.7919
80.8357
80.8659
92.5125
72.6424
80.702
80.8143
60.7762
80.5209
48.6753
80.4957
80.7796
80.3386
72.776
80.272
80.6998
72.7125
72.7455
72.4062
80.4191
72.5281
92.7074
80.4389
72.4171
72.5893
60.5178
72.5402
72.474
72.609
80.549
72.6372
80.5362
80.838
72.4314
80.1716
72.9477
72.8657
72.596
80.694
80.2584
80.8356
72.319
72.5421
72.6595
80.6869
72.5365
72.6941
72.8369
80.6593
80.5905
72.3215
80.6733
72.5672
72.6304
72.3646
81.0141
60.1798
72.7064
80.7688
72.5206
80.5475
72.4683
80.4692
80.6414
80.2202
60.4924
72.6356
72.4726
60.6242
72.3243
80.797
80.554
72.7492
60.2819
80.8771
60.4205
72.6819
72.639
72.4783
72.6971
60.3394
80.7818
72.5913
80.8055
72.7953
72.3658
80.3362
60.3236
60.7664
72.6636
60.5385
80.7566
80.3273
81.0017
80.7073
72.6638
72.4651
80.6029
72.2852
72.7708
80.9174
80.4753
80.4023
72.7515
72.4911
72.1943
60.4243
80.6125
72.3968
72.6948
80.4369
80.721
72.6896
73.0378
72.7233
72.5787
80.699
72.4969
60.6279
60.424
72.3294
80.5648
72.6865
72.6626
60.6041
72.5085
72.4068
80.5338
80.4613
80.6086
80.5788
72.7312
80.377
72.1353
81.115
84.7689
80.5723
60.3667
80.7168
72.7501
72.4061
84.7429
60.4883
80.98
72.8056
72.3005
60.1087
60.5379
72.8595
72.4104
72.2781
60.4992
80.5467
80.1983
80.4455
72.4222
80.4247
80.474
72.6617
60.5783
72.4723
80.5361
80.4269
80.2591
80.4652
80.4683
72.4694
60.3775
60.5476
72.3725
72.5469
80.334
60.1718
72.3127
80.5132
72.6662
72.5882
72.3682
72.5851
72.425
72.6304
80.6093
60.4247
72.4841
80.7356
80.5214
80.6503
72.644
80.9063
80.4668
80.1926
72.5073
80.4404
72.3703
72.7437
72.5909
80.4418
60.4778
80.9348
80.4619
60.662
60.6835
72.652
72.3987
72.5261
72.3581
80.9556
72.6556
80.3895
80.7922
80.5792
80.5653
72.5095
84.8448
60.6876
80.6047
72.5545
80.6844
72.6634
72.5143
72.4506
80.423
72.3062
72.563
80.8371
72.8922
72.3611
72.6367
80.7148
80.7029
80.4733
80.563
80.7705
60.5712
72.4592
80.93
60.1288
80.8265
60.2201
72.7916
60.6922
92.8167
80.5477
80.5285
80.7401
80.4045
60.5818
60.4842
72.541
72.5905
80.8623
72.321
60.6889
60.7375
80.5508
72.5892
80.7134
72.4241
80.2116
60.4299
60.2891
80.7924
80.5956
72.5519
80.9533
80.6675
72.3403
60.2074
72.4128
72.6763
60.3771
72.7744
80.8762
60.4491
80.5432
72.7613
72.344
60.4745
73.0123
72.4433
72.9107
72.8193
80.5555
80.2916
72.4775
92.9548
60.4896
80.3713
80.2532
80.2512
80.5435
72.7301
72.3892
72.5653
72.481
80.6911
80.2742
72.7062
80.5052
80.9887
72.4773
80.6508
80.7013
72.3072
48.4157
72.5969
60.4008
60.6209
72.5337
72.4438
72.6427
72.5199
80.6609
72.748
72.6197
80.482
48.4783
60.4152
72.4182
80.6535
80.363
60.5375
72.6149
72.4439
60.4102
72.5104
72.5454
81.0141
72.9211
60.5383
72.8436
60.1501
80.7033
72.5659
80.655
80.3638
80.8206
60.4645
72.502
80.5899
80.3502
72.1364
80.6095
80.6104
80.8111
72.7968
72.5845
81.0879
48.3487
72.7934
72.6993
72.4666
80.3538
60.4751
72.283
60.125
80.3829
72.8512
72.3181
72.8246
72.4632
80.5813
72.6264
72.4217
72.6373
72.4356
72.6058
80.8984
72.5404
80.9718
80.5985
72.6237
72.4485
60.8364
80.6659
80.6509
80.8307
60.6915
72.3249
80.3323
80.5626
72.5164
48.1984
72.7697
72.5484
60.3264
80.7111
72.747
80.127
60.3215
72.6801
72.6663
80.6624
72.6288
72.5463
92.5387
72.2853
80.5774
60.7264
72.5555
60.4497
80.64
80.6046
72.4825
72.2994
80.6544
72.5731
80.6918
72.42
80.4778
72.62
80.4631
80.8157
80.6096
80.7187
80.2275
72.8224
60.5215
72.7577
72.9368
72.2329
72.7279
80.5463
60.5832
72.5382
72.5083
72.4287
81.0045
72.5021
72.515
80.6387
80.5187
72.5087
72.4739
80.3804
72.6913
60.3215
72.6809
72.4632
72.3959
72.3502
72.5189
72.5713
80.5612
72.5588
80.4504
80.4342
72.2806
60.2435
80.6203
72.5278
72.3747
80.4317
80.8768
60.5692
72.5759
72.3261
72.6149
72.5548
72.5359
72.5946
72.7376
80.093
60.3876
84.8773
73.0652
72.4041
60.4665
48.4371
72.5884
72.5553
80.4801
81.0387
60.4084
72.3377
80.4962
80.7886
80.3353
72.3521
60.643
72.7014
72.5876
80.8554
80.7216
72.9242
60.347
80.8307
72.6232
80.8161
60.4212
72.4591
72.6459
80.3847
80.7609
72.9032
80.8277
80.0714
72.8121
80.7125
48.3532
72.332
72.4883
81.0021
72.9521
72.8095
60.4862
72.3158
72.8211
72.3542
60.2783
72.3174
60.2977
72.3796
80.6079
72.2867
72.6752
80.7512
72.8648
72.4973
72.7061
80.4002
80.1222
72.3053
72.3623
72.6232
72.687
72.5457
81.1157
72.4119
72.908
72.3891
81.0157
80.6286
80.7878
80.5645
72.6246
80.8022
72.3931
72.6091
72.5245
80.4789
80.5976
48.278
80.4157
72.5216
80.2677
72.7973
80.7015
80.6844
80.7055
72.6592
72.4803
72.6393
72.8249
72.5213
72.6435
72.7057
72.5431
72.8487
72.4431
84.4578
72.4396
60.6428
72.7155
60.17
72.3888
72.6005
72.5795
80.529
80.563
72.3906
80.1631
80.4564
72.7934
72.4667
80.6474
80.4057
60.3829
80.449
72.4258
80.4651
72.765
80.7694
72.5864
80.7113
72.1739
72.7112
80.5449
60.4644
72.213
60.3028
72.0648
72.2228
80.4222
72.5235
60.4322
80.502
72.4098
72.3458
72.5794
80.7183
72.7827
60.3872
80.3565
72.7158
72.5928
72.3631
80.2852
80.6282
72.6431
72.4909
80.7558
80.9618
80.8315
72.8127
60.1895
60.6063
72.2894
60.3057
72.3645
72.6463
80.9715
80.4944
80.6679
72.3567
72.685
72.5777
72.6782
72.7295
72.2397
80.6205
72.284
80.7073
72.4353
73.0256
72.6546
72.5491
72.723
80.5066
72.6197
80.6034
80.4785
80.6167
72.2453
80.6547
72.2355
72.8319
72.5339
72.4048
72.6713
60.5299
72.8182
72.6946
80.7435
80.1554
72.6849
72.4824
80.4676
80.6853
72.534
72.4211
80.6783
80.7427
80.4628
72.5776
52.3412
48.1273
60.4211
72.8589
72.4818
72.2526
72.9146
72.6404
72.5146
80.6853
72.3294
80.8426
80.3679
60.6054
72.1865
80.7288
80.4231
80.4947
72.5484
80.7982
80.5723
84.7066
80.8523
80.3676
81.0362
72.6365
60.7317
72.6504
72.6386
80.4235
72.4734
92.677
72.3352
72.3077
80.237
72.2135
72.655
72.6327
72.432
72.1476
60.4613
81.0101
80.6911
72.5037
60.3839
72.625
80.1825
72.6924
72.6299
80.3681
60.4961
80.7483
60.3446
80.6445
72.5651
72.476
72.7401
60.0511
72.6392
80.9594
72.7678
80.7093
72.5283
72.32
72.7549
80.4388
72.6772
80.5405
72.5162
80.338
80.8563
72.7574
84.4919
80.553
72.5229
80.2741
72.6023
80.6839
72.2841
72.7499
72.5455
72.5606
80.5132
72.5342
80.3088
80.655
72.7977
80.606
72.4498
72.3379
60.5348
60.5095
60.4313
80.551
80.6364
60.4702
80.4439
80.9198
80.6957
73.0603
84.4209
80.8188
84.488
80.6288
80.2724
72.4844
72.4618
73.0546
60.398
72.5298
80.7763
80.7814
72.3947
60.5113
80.6978
84.7698
80.8132
72.3622
72.7219
80.8506
80.2973
73.0062
72.4292
80.6313
72.5973
80.3024
92.7216
72.7383
72.1887
80.5861
72.7131
81.1051
72.5065
72.6554
80.7804
80.6616
72.681
72.5817
80.369
60.4818
72.6552
72.4334
72.7446
80.7437
80.6416
60.502
48.4495
80.6283
80.8751
60.6097
80.722
80.7108
72.5676
80.8477
72.3733
60.3169
72.6376
72.4842
80.5612
72.5628
80.8805
60.2645
60.5947
72.7718
80.5448
72.7772
72.5631
72.2398
80.7505
72.6764
60.2668
72.4643
60.3682
72.37
80.3057
72.6038
84.1692
80.6299
60.4403
72.6802
60.6498
80.326
72.6739
72.2944
80.4569
92.7845
72.1595
60.4096
80.7065
60.5372
72.8417
80.5234
72.3035
72.3753
60.6119
80.2813
72.4611
80.5604
80.6232
72.6904
72.6702
80.5834
80.6155
80.4577
60.6579
72.419
60.4944
80.7545
60.7627
72.5374
60.6883
72.2559
80.4052
80.2769
72.8225
80.317
72.3702
60.6264
80.551
72.4237
80.5077
80.4198
80.9003
72.445
72.3415
60.659
84.7143
80.4956
72.8065
80.5751
72.8412
72.602
80.8428
80.6561
80.404
80.8231
60.5661
72.6113
72.6761
84.7019
72.5333
80.801
72.6108
80.5291
72.4792
80.6877
72.429
80.5863
80.4547
80.7838
72.3658
72.3032
72.686
72.5197
92.7621
80.7819
80.6357
72.692
72.9555
72.7587
72.6751
72.3381
60.6554
72.4668
80.7793
72.8556
72.154
72.7939
80.5804
72.5311
72.471
72.4074
72.3982
80.7411
72.4744
80.301
72.505
72.9683
81.0182
72.6912
80.3372
72.4783
72.6933
72.5636
48.4946
72.6242
60.4738
72.5256
72.8299
72.5962
72.8194
72.5847
80.6822
92.7256
92.4183
80.699
72.7053
72.4752
72.6638
72.6224
80.7722
72.6409
72.8591
80.7019
80.6781
80.509
72.7757
80.8503
80.4727
80.3875
80.3174
60.4554
80.4999
80.6974
72.6134
60.3987
80.8567
80.2586
72.5491
72.4498
72.601
72.8069
60.4484
80.4486
72.4178
80.8294
80.1401
72.7745
60.4456
60.5052
80.9599
72.602
72.7222
80.589
60.5565
72.612
72.4099
72.7247
80.6132
60.5197
72.7179
72.9955
72.6341
72.6816
72.8436
84.4984
80.6931
80.9441
60.2436
80.7589
72.7607
72.5362
72.459
80.5926
72.5859
80.7292
72.5694
81.1342
80.3818
72.634
72.243
80.6264
72.5497
80.8988
80.4103
72.3629
60.5317
72.799
72.462
80.2168
80.7193
72.6258
72.6535
73.1118
80.3413
80.4965
80.6666
60.6314
80.4005
80.7195
72.5529
60.3706
72.3689
72.3702
80.7743
80.628
72.5372
72.6736
80.2509
72.5604
72.4997
80.4726
60.3091
72.6426
72.6713
72.6061
60.6754
60.3314
80.5724
72.6745
80.235
80.697
72.5653
48.335
72.3209
72.6351
80.4938
80.8783
72.6356
92.5631
72.5512
72.7053
72.3884
72.2769
60.4654
72.2492
80.5183
72.5828
80.5926
72.7621
72.5564
48.4128
60.2139
72.497
80.454
92.6665
72.4813
72.6611
72.6179
80.6299
72.6215
80.6215
72.715
72.7901
72.8026
72.3475
80.5331
60.7238
72.3146
72.4912
72.6328
92.847
80.642
80.6724
80.4959
92.6474
80.7132
80.7762
80.6054
72.4552
60.4555
80.3477
72.7124
60.6855
72.3714
72.9382
60.536
72.5672
72.7564
84.7229
80.7538
80.6286
72.587
60.5641
80.4268
72.7902
60.6292
80.4303
72.6376
72.4844
80.593
72.5235
80.3428
80.4574
80.644
80.4221
72.2791
80.5788
80.6173
80.4323
80.649
72.5027
80.8235
72.1773
72.4012
80.8741
72.5711
72.5765
60.5585
72.4438
92.8293
72.6605
60.6408
60.5926
72.1699
72.6464
72.5705
72.6943
72.5403
72.6352
72.3933
80.4269
60.5652
72.5414
92.9704
72.2361
72.6299
72.5268
72.5966
72.6063
80.6015
72.1811
72.5067
72.6676
72.5433
72.3297
72.4545
72.591
72.5849
80.7122
80.3603
80.8181
72.1906
48.4159
60.4842
72.748
80.3609
80.6262
72.6957
80.4097
72.414
72.8238
92.5432
80.6746
72.3726
72.9964
80.5259
72.7695
72.552
72.4175
72.6725
72.6894
80.6167
72.5475
80.4219
72.8232
80.6282
80.7954
72.7256
72.3149
80.3005
72.6481
72.4508
80.5539
72.7062
72.2975
72.6092
80.3186
60.4609
72.5129
72.3187
48.56
72.8685
60.7547
72.6375
72.5925
72.3056
81.1164
80.7581
72.3492
80.5901
72.4251
80.4389
80.536
80.4108
80.6201
80.6652
72.7329
72.3919
72.6576
72.7715
72.5294
80.4408
72.6193
80.4344
60.381
72.6128
80.6564
80.6131
80.815
72.6936
72.4366
72.6491
72.5764
80.5145
80.5289
80.7193
72.3237
80.8777
60.5259
80.4876
73.1292
80.6449
72.4913
72.6015
72.462
72.1609
72.5367
80.7145
80.2871
72.3022
80.6669
80.4917
92.3191
80.4658
80.5414
72.327
72.1913
72.4624
80.5857
72.8198
80.5481
72.4821
72.8153
80.4906
72.3284
80.4583
72.2573
80.2829
80.7225
80.9576
80.5705
80.0318
80.7174
72.6283
72.5799
60.6511
72.657
60.5714
72.5879
60.1958
72.1284
72.2274
72.6493
80.5949
72.4493
60.4136
80.5534
60.2971
80.4885
80.6056
60.5883
72.5481
60.7523
72.2762
60.5078
80.7679
72.4275
60.5108
72.7131
72.537
72.5993
80.7775
60.5982
72.6454
72.6471
72.5328
72.6897
80.5446
72.6508
80.5042
60.474
72.5939
92.6141
72.8091
72.3173
72.4515
80.3802
72.7459
72.5359
80.6321
80.5242
72.403
80.7476
80.698
72.6144
72.5682
72.4334
72.7437
72.1895
72.3855
80.5198
80.4239
80.3337
80.5795
80.7454
60.5617
80.7703
72.4376
72.334
72.5696
72.7986
80.8626
72.5818
80.5739
80.7176
72.6846
80.7925
72.6454
72.6005
80.5979
60.5419
60.3252
80.696
72.5331
80.5146
72.7877
72.7317
72.6886
80.4944
72.3729
80.7767
72.1607
72.7281
72.2232
60.7098
80.3802
80.8789
72.062
80.5077
72.2829
72.3185
72.456
81.0326
80.6835
80.5984
72.4398
80.4962
72.9995
80.192
72.3709
72.7252
72.6801
72.579
72.7981
72.4384
80.2586
72.5162
80.9982
80.3542
80.6985
72.5287
92.3134
80.6014
80.454
60.5396
84.9808
72.5623
80.3287
72.5775
72.5677
72.5903
80.5048
60.5552
80.4181
72.8774
72.1732
80.6584
72.4916
80.3641
72.8264
72.6043
72.4967
72.8608
72.2368
72.6321
72.7673
80.5749
72.5958
80.4487
72.7872
80.7899
72.2197
72.3113
72.8818
80.466
72.7619
80.4583
80.8223
80.4721
80.3625
80.5814
60.4099
72.5428
60.6465
72.2807
80.9082
60.5536
72.2581
72.4407
72.4439
80.5176
80.5432
72.6971
60.6244
80.7627
80.5306
60.4544
48.4994
72.5104
72.3921
80.8322
60.6852
80.3753
80.5795
72.622
60.127
72.4922
80.6274
72.8067
80.7469
72.3753
60.2818
80.4759
80.4673
80.7633
80.3104
80.801
72.5812
72.6129
80.5936
72.5695
92.9355
72.5194
72.4091
72.607
72.5636
80.8272
60.5954
72.3435
80.7694
48.2614
72.6922
84.3291
80.6897
72.7408
60.539
72.5761
72.824
72.8293
72.8179
72.6787
60.2728
80.4799
72.4303
80.6998
72.4447
84.7715
60.3436
48.494
72.638
72.8107
60.382
60.7575
80.775
60.2792
72.4152
80.255
72.4377
72.5492
72.5028
72.397
72.6429
72.1511
72.5615
72.6093
80.6933
80.7335
72.958
72.5092
80.8379
72.4973
72.7182
81.0857
72.4755
72.6948
80.8931
72.7011
72.4012
80.8399
72.5142
72.548
80.6759
72.7634
80.9691
72.6915
72.4522
72.1657
72.687
72.5496
72.4907
72.6308
80.919
80.7873
72.8398
72.8244
80.4355
72.6355
81.2652
80.3339
72.5333
72.0814
72.7789
72.8627
80.5463
72.599
72.8732
72.4075
72.7069
72.9134
72.5392
72.5128
60.3827
80.866
73.028
72.6812
72.3495
72.4061
72.2015
80.4532
60.2661
80.4721
72.4422
80.4482
80.2027
93.0795
72.1535
60.4063
72.5412
60.5037
72.2873
80.856
72.3726
60.8744
72.6577
80.6005
72.6904
80.5298
60.506
72.6146
72.7677
72.6297
72.3001
72.6216
72.2199
72.3358
80.5731
72.52
72.6113
60.3812
80.6045
80.7588
72.6501
72.4846
92.7237
60.3842
60.5206
80.4532
72.6648
72.5385
80.3227
72.408
80.7023
80.503
80.4849
80.4369
80.2971
72.2651
60.7537
72.6185
72.4232
60.485
60.2418
72.6945
80.8208
80.5466
80.2495
80.7441
72.7743
72.1553
72.615
72.5153
80.4476
72.5844
60.1364
72.497
80.4088
60.4644
72.5733
60.7731
80.5397
80.5455
72.4751
60.4152
80.6206
72.6219
72.7481
72.6238
72.2432
72.5556
72.5329
80.6687
80.1912
60.5507
72.3518
80.5768
60.5227
72.6814
80.5945
80.422
60.2413
60.3684
72.3167
72.7645
80.5062
80.366
72.6143
72.7751
80.8026
60.2125
80.5724
80.8175
72.5897
80.7938
72.4393
48.1275
80.8159
60.65
72.4152
60.4958
80.0928
72.6258
60.1945
80.5338
80.3667
80.8275
80.6063
72.5861
80.8052
72.386
80.5983
72.5857
80.8753
81.0662
80.415
60.5301
80.7594
80.6282
72.6941
80.7284
72.6273
72.216
80.8761
80.7129
72.7285
80.4263
60.245
80.9143
72.6298
72.7415
80.7849
80.3429
72.7831
72.4241
72.6531
72.6496
80.3895
72.7846
60.6725
72.826
80.3891
72.3442
80.2895
72.5351
60.5883
60.3757
80.7666
80.5404
60.1489
80.6742
80.8013
80.4874
92.8634
80.493
80.5029
72.6047
60.3831
72.6345
80.8382
72.6681
80.4406
72.6959
60.4921
80.2308
72.3211
60.3115
73.0628
80.8476
80.6285
80.7564
92.8628
60.2599
84.6913
72.7087
80.7163
72.8155
80.487
72.3385
72.732
84.629
60.5356
60.625
80.9067
72.7489
72.3572
72.632
80.4028
80.5249
72.6946
60.3544
72.3492
60.536
60.5584
48.3815
72.7784
60.4839
60.523
60.759
72.3926
72.8064
80.9048
60.3245
80.6544
80.6133
72.536
80.8811
72.29
80.5352
72.2775
60.6008
72.3638
72.6252
72.7431
72.5516
60.3644
72.5261
60.5129
80.5855
80.708
72.6675
80.809
60.4709
60.3797
72.604
80.6531
72.4497
60.4911
72.4297
60.2697
80.5797
72.5131
80.5723
80.4694
72.6186
84.9093
72.5828
80.6907
72.743
48.5172
60.4938
60.308
60.5625
72.6446
72.4138
60.4194
80.9017
72.3681
80.7242
72.4929
80.6108
60.4402
72.7273
80.6077
72.6756
72.565
80.9828
72.3645
72.4578
60.4182
80.7338
72.4198
72.2108
80.3746
72.5605
72.4076
72.5908
92.5594
48.4019
72.4245
80.6735
80.4821
60.3726
72.8541
60.639
60.2211
60.4611
80.5867
80.6551
72.4967
72.5216
72.6354
72.5875
60.6214
80.8345
80.4593
72.6782
80.5782
72.4933
72.7409
72.8979
80.6205
72.8951
80.4999
72.2445
60.8697
72.5992
80.8148
80.8881
72.3328
80.456
80.3195
80.4244
72.913
72.6392
72.3604
80.9862
80.8957
84.6709
72.2654
60.2643
72.3092
72.4131
72.5819
80.7058
80.3733
80.6674
80.535
60.6683
80.5684
72.267
72.6231
72.639
80.1236
72.4064
80.3667
72.5807
80.7544
80.3788
72.7747
60.5614
72.3344
72.1252
60.7008
72.5625
72.55
80.5633
72.6291
80.4223
60.2953
80.4584
80.3345
72.6348
80.5022
72.9474
80.9681
80.9313
72.82
60.448
80.9286
80.4716
72.4045
72.9356
72.8555
80.4496
80.6227
80.4837
80.2494
72.4587
80.6005
72.8076
60.5343
72.4933
72.4891
80.4458
60.5057
80.994
72.3611
80.7345
80.3116
72.6459
72.487
72.5543
72.216
80.8265
72.1988
72.2687
72.5012
72.5789
72.4014
72.8099
80.3239
60.6382
72.3385
72.566
80.7148
72.488
72.57
80.4556
84.7858
60.2984
72.6868
60.5239
92.6925
80.5147
80.8521
72.2758
80.4052
72.2758
80.4091
72.6879
72.5276
60.4389
80.4949
72.7336
60.2841
80.4026
84.7293
80.7315
80.2983
80.4672
72.3479
80.6218
80.48
72.4851
80.394
72.3546
80.468
72.2451
72.6017
72.7551
72.4253
92.6607
72.5224
80.6491
72.351
80.3362
60.1754
72.3853
72.5501
80.818
60.3481
72.6728
72.7387
72.5846
80.459
72.6321
72.5887
60.2752
80.4614
80.621
72.1779
80.6483
72.5405
80.7029
80.3209
48.4953
72.7119
80.5134
80.7565
60.2084
80.3253
80.7184
72.4652
72.5201
72.348
80.6277
80.4656
72.5489
80.8692
80.3369
72.5069
72.4496
60.3264
60.4515
72.8039
60.5408
80.7997
80.5233
80.3497
72.3978
72.6855
72.6007
72.5394
72.4241
72.549
72.6029
60.4202
72.8249
72.1268
81.0408
60.2015
72.4816
60.5336
80.2266
72.6947
60.3955
84.5481
80.3726
72.5134
72.6414
60.5361
60.5219
80.3265
80.6198
72.7961
80.8192
72.4876
72.6643
72.439
72.6473
72.2517
80.444
85.0125
72.4942
80.7287
48.1552
72.574
72.5428
60.4676
80.6981
72.4957
80.4129
72.2465
72.7392
60.53
80.609
60.559
72.6087
72.5677
60.5459
72.5017
72.3814
60.2334
80.4997
80.5699
72.4281
72.5852
72.5378
60.3281
80.5159
72.3528
72.5664
72.7661
80.1844
72.5169
80.6295
60.4707
80.6384
72.6323
80.6995
72.446
72.4198
80.4512
72.9934
72.7173
80.3168
60.3937
72.4677
80.4183
80.6478
80.434
72.4252
72.492
80.5556
72.7188
72.674
48.4521
72.4799
80.4364
72.7757
72.722
80.8374
72.7649
72.5122
72.6968
80.632
80.7083
81.1035
80.3956
72.6361
80.9101
72.6646
72.7012
80.4387
60.5682
80.3692
80.3737
72.502
60.4195
72.83
72.555
72.7438
80.9526
80.8469
72.6044
72.3756
72.7479
72.8184
80.5055
60.4819
80.3997
72.552
80.6905
72.75
60.6326
72.8508
72.727
80.5672
80.5787
72.9806
72.7278
80.7616
80.737
72.347
72.6538
80.6245
80.6276
72.1292
72.4764
72.74
80.4673
72.5339
72.4589
72.5231
80.7076
80.9213
72.8127
72.2647
80.7475
72.3163
80.554
60.7169
72.2985
72.6964
72.7446
72.6626
60.4967
60.6247
72.2623
72.5297
80.8678
80.463
72.4762
72.5818
60.5855
80.9514
60.5236
72.5159
80.8385
80.6467
72.5348
72.7912
80.7652
72.7205
80.6715
72.5814
72.5639
72.4321
72.5543
72.3901
72.5301
80.6683
72.3404
80.5776
72.3451
80.3019
60.3313
72.3115
60.2788
80.6751
80.7879
72.4701
80.5321
80.4521
72.8357
72.782
72.5246
80.3743
72.3391
80.5515
72.6581
81.0645
72.6793
72.6386
84.7443
72.4862
72.6549
80.4121
72.7424
80.0664
72.4622
80.3714
72.4025
80.6515
60.3628
72.5041
84.8228
80.2066
72.7061
80.5154
72.4039
60.6389
80.7886
73.0391
80.5638
72.1991
72.4972
80.7413
80.4763
80.2526
80.4753
72.5601
80.5025
60.4274
72.8043
80.9125
72.6995
72.6588
72.455
72.5249
80.6558
92.5815
80.9131
72.7611
80.832
72.6594
80.7415
72.4492
80.3929
72.4908
60.5744
60.5236
72.4882
72.9538
80.6889
72.6516
72.715
60.3811
72.5506
80.7785
72.389
80.2454
72.4735
72.6552
80.8362
80.5404
72.5035
48.4156
72.6285
72.3834
72.6168
72.5613
72.4158
72.6422
80.6835
84.884
80.5643
80.9282
72.5639
80.4616
72.4011
60.469
48.5454
72.4316
72.8203
60.251
72.7884
60.3655
72.5221
80.7368
72.8847
72.8769
72.6941
72.9276
72.5909
72.6617
80.5601
84.3717
72.1215
80.5625
72.296
80.6484
80.5413
92.4524
60.5188
80.9079
72.2941
72.4659
80.4042
72.7331
80.526
72.8285
72.3349
84.4287
72.7363
60.582
80.878
72.842
72.5248
72.4228
60.7417
80.7054
80.6927
72.6514
72.7141
80.5697
72.3573
80.3692
60.5745
80.4747
72.4098
72.1874
72.5119
60.7652
72.6368
72.3866
72.3875
80.632
80.1005
60.1776
80.3368
72.4344
72.843
80.5093
80.5269
80.6884
80.5255
80.5737
80.7174
72.5497
60.4295
72.2683
72.4904
72.5379
80.8212
72.2579
72.5319
60.5189
72.761
72.2544
80.5885
72.3796
80.5213
72.434
80.3587
72.5076
72.5661
80.861
60.2282
72.5521
80.6259
80.617
72.4383
72.6747
72.4177
72.6279
72.6983
80.8653
60.5893
80.0893
72.7649
72.2456
60.3135
72.7866
60.6493
72.5296
80.3812
72.4021
80.3968
72.659
80.3878
92.5635
80.573
72.5317
80.3709
60.31
80.1681
72.3337
72.4457
80.521
72.3878
60.4017
60.238
72.6286
85.1303
80.8486
60.648
72.5354
48.4984
60.5234
80.407
80.8738
80.5196
60.5135
72.62
72.443
92.6961
60.3533
72.5893
60.4614
80.5909
72.5121
80.4267
80.6401
72.506
60.5379
80.5754
80.9774
72.6826
80.722
81.1518
60.6575
72.4876
80.25
80.5801
80.7124
72.4451
80.8983
60.5689
72.8198
60.6328
72.5213
80.4422
72.6777
72.6009
72.2841
80.3771
72.5475
60.5471
60.3422
72.6884
80.8989
72.249
72.5749
72.4182
80.7759
80.2703
80.608
80.6965
80.6955
72.3932
72.6762
72.4732
72.6842
80.5196
80.5569
80.8242
72.8342
72.5243
72.5057
80.6246
80.4618
72.4646
81.0337
72.5011
72.8777
72.7046
72.474
72.3973
60.7179
72.271
80.7141
60.3166
60.4021
80.5298
80.5455
80.591
60.5268
48.4556
80.4206
72.2766
80.5808
72.3698
72.8975
72.8315
60.7929
60.5307
72.2757
80.4043
72.385
80.6606
80.5951
80.3
81.0393
60.3286
80.4805
72.4741
72.6051
72.872
72.3236
80.6415
80.7519
72.9152
85.1919
80.5627
72.6063
72.3659
72.5425
80.8181
72.3864
60.4632
72.1937
72.692
72.4628
80.5401
73.0882
60.3937
48.2495
80.5668
72.5669
80.3243
72.5413
72.7045
80.5266
72.5023
72.4882
80.6183
72.5572
72.8208
80.6208
72.3609
92.3491
72.5745
80.8566
80.8248
80.7648
72.7541
80.4292
80.6844
80.7487
72.4753
60.6654
72.6759
72.5716
72.2315
80.8337
60.6547
72.7128
80.3947
80.4973
72.4446
80.7244
72.4766
72.6153
72.3657
80.2624
48.4548
60.3532
72.5703
72.6314
60.6531
72.6287
72.8294
80.3482
80.4827
72.5427
72.7211
80.9098
80.5167
48.4251
72.244
80.5078
80.7782
72.5656
72.408
80.5284
80.7121
72.7029
72.5264
72.6534
80.4249
80.5779
80.6199
80.2297
48.5645
80.3705
72.7512
72.0566
60.331
60.5512
72.5453
72.9766
72.5618
72.5936
80.896
80.3602
72.8288
72.8538
72.5462
72.7235
80.5909
80.6541
72.5082
72.5856
48.3493
80.7085
72.4497
93.0919
80.568
72.4603
72.6691
80.48
72.6957
84.3856
72.4389
80.4727
80.3853
72.62
80.3636
72.3521
80.5215
72.4028
72.9522
80.8101
72.6194
72.552
80.5164
80.5471
72.156
72.4549
80.7756
60.4226
60.2306
72.213
72.2636
80.5495
72.7612
80.3367
80.8968
48.2392
80.9082
60.5039
80.4144
72.616
72.4959
72.3839
80.9485
72.7373
60.5543
72.3915
72.2363
72.3355
80.6026
72.7018
60.5545
72.5267
72.5026
80.6844
72.3773
72.2917
80.7931
80.7987
80.6346
72.8033
80.4897
72.6374
93.0598
72.5751
72.2812
80.8047
72.5568
72.8945
72.5221
72.6607
80.3327
72.7798
72.853
80.5254
80.9297
80.4468
72.814
72.7912
80.5802
72.5224
80.6549
80.5748
92.5416
72.6743
80.603
72.3719
80.6989
72.6209
80.4655
72.7302
72.6458
80.5052
72.4014
72.5642
72.4939
80.32
60.4321
60.5743
80.6902
72.5246
80.5023
80.6133
80.545
72.3895
60.7295
72.6764
72.523
80.6458
72.4348
72.4214
80.2769
80.4706
72.6655
72.3412
80.6307
80.2917
48.4566
80.6634
60.473
60.6075
72.714
72.3607
80.4977
80.4891
80.8064
72.3998
80.9763
60.7772
60.5044
60.4365
72.4413
84.425
80.9781
72.5362
72.4102
85.1424
60.3426
80.7128
72.6737
72.4221
72.8195
72.7719
80.9024
72.7994
48.4667
72.6195
72.5128
72.3619
80.7616
72.8329
80.4573
84.3465
80.3746
72.6814
80.504
72.416
80.5835
80.8886
72.5664
80.5473
80.4061
84.3688
48.5609
80.7732
80.443
80.6453
60.5106
72.6275
80.5162
72.5882
72.3719
80.5449
80.5512
80.7593
80.3004
80.2922
80.4497
80.3443
84.7414
48.2392
72.7987
80.439
72.4089
72.224
48.487
60.591
72.3573
60.5495
72.5076
80.5454
80.5273
72.9338
80.5845
72.8036
72.531
80.7501
80.1848
80.8764
72.5256
80.4907
60.2486
72.5757
72.3038
72.8675
72.4003
60.2716
72.7184
72.7839
72.3725
72.4217
80.2856
80.3148
80.6569
72.5559
60.4513
80.5745
60.3108
72.4375
72.5107
80.8175
80.7801
72.6278
80.1546
80.5226
80.6339
80.5796
72.7847
60.5807
80.3976
60.5405
72.8039
80.9397
72.3503
72.6709
72.4114
72.5814
80.5618
80.6856
72.0894
80.4441
60.3757
72.2474
72.6919
60.6294
72.5379
72.7873
72.3589
80.5888
80.778
72.5009
80.666
80.6388
72.8379
80.6809
80.5012
72.6873
80.835
80.6491
72.2263
60.305
80.5237
60.5158
72.5568
80.2965
80.9559
80.4543
72.5344
80.3933
72.6139
60.4887
80.418
72.5041
72.7193
60.2948
72.2778
80.6597
80.681
80.9702
93.0057
80.6265
72.459
80.5185
60.4992
80.2648
80.5579
72.6124
72.9659
80.8732
80.5855
80.8617
72.5629
72.227
80.807
72.5948
72.6093
80.8946
80.9111
60.6325
72.0878
80.6579
72.468
72.2856
72.4863
84.6749
80.5641
72.6564
72.6494
72.8467
60.3984
72.8019
72.1694
72.5346
72.469
80.6248
80.6974
80.5232
84.8521
80.3469
80.7896
72.4997
80.6131
80.4583
80.6446
80.4771
80.538
72.6517
72.3535
80.7661
72.8148
80.7891
72.2223
80.6392
80.4496
72.6513
92.7859
60.4948
80.6386
72.5377
72.3104
72.6847
72.5914
60.871
72.6649
72.4879
72.1736
72.4449
80.5192
72.3639
80.613
72.4547
72.6316
72.3835
60.3732
72.8297
72.7105
72.8296
80.2019
72.4519
80.6369
80.5363
72.1486
72.4706
80.8187
72.871
72.7864
80.7882
72.6334
92.4388
80.5604
72.6488
80.6973
48.3345
72.6607
72.3853
72.5682
72.374
80.3645
80.4252
72.7322
72.2606
72.3833
72.5998
80.5671
72.6456
60.6971
72.3855
72.2848
72.5369
80.346
72.3639
72.8485
72.5751
72.754
80.3895
72.3262
92.8915
80.5882
84.7319
72.4977
72.7283
72.6341
72.5472
72.6948
72.6494
72.66
72.4053
84.6615
92.6513
80.4176
80.5418
60.4971
72.4847
72.4016
80.6689
80.5646
80.7521
72.7986
72.2459
72.5272
72.9078
93.0316
72.5234
80.3947
72.4459
60.5736
60.8568
80.4176
80.7533
72.7632
72.3439
80.8178
72.7023
72.5495
80.7343
72.4471
72.6975
60.5287
60.4297
72.7183
84.5222
72.6023
84.4967
80.6225
80.9591
72.3519
80.1786
72.389
80.3745
80.6101
80.8041
80.4816
72.5302
72.7345
72.7193
80.9742
72.6283
72.3005
60.4787
60.6477
72.5378
72.6985
72.4416
80.773
72.6487
72.7781
72.612
72.42
81.1305
80.8863
72.6742
72.5657
72.7859
80.4997
80.8605
80.6391
80.8561
72.4044
80.7305
80.5227
72.4681
60.4834
72.6368
72.6817
72.3543
80.7349
80.5179
60.3252
80.3357
80.8912
80.6882
72.0594
80.9365
72.3893
72.4157
80.5539
80.6424
72.5091
72.8412
80.5999
80.5919
80.3936
72.6759
72.7009
72.6622
60.6338
72.3928
72.8096
72.5985
80.3506
60.3793
80.6089
60.2291
72.7127
80.9424
72.4926
72.3178
60.448
80.4198
48.377
72.4851
60.2117
80.8599
72.6829
80.5378
80.3796
72.4337
84.5308
80.5486
72.4524
72.3841
72.7446
60.1912
72.5258
60.5245
72.6773
80.5316
60.3041
80.6902
60.3232
72.964
72.3926
80.5527
80.4126
80.6027
72.8977
72.5182
80.6874
80.7005
72.3758
60.3854
60.359
80.2696
72.6503
72.8292
72.4615
72.5303
80.633
72.394
80.4622
60.4792
80.3235
80.5749
72.6578
81.0376
80.4899
80.6265
80.581
72.4444
60.6258
72.406
80.5048
72.4108
72.3218
80.7171
72.2495
80.4206
60.3658
72.6047
80.3158
80.6497
72.266
60.4716
60.606
80.3845
72.1705
72.5467
80.8305
60.4054
60.487
80.7723
80.4455
72.251
60.3963
80.3636
72.5722
72.3147
72.6243
72.5339
72.6813
72.5333
72.4077
72.4824
60.4092
72.4258
72.5258
72.3339
80.9009
80.5445
72.4665
72.5384
72.4471
72.3855
80.277
72.7798
72.6905
72.4192
72.7443
72.7358
80.5885
72.4481
72.4172
80.3506
60.3989
80.8399
72.5113
72.5258
72.3242
80.4744
72.6758
48.2411
72.8182
80.5553
72.6777
72.3423
60.2468
72.4873
80.5855
93.0152
80.6289
60.3195
80.6643
72.682
72.5187
80.5799
72.5558
80.7545
72.796
80.5205
72.4293
80.6397
72.627
80.3353
72.6636
84.7929
72.5701
72.4124
80.481
80.5488
72.4535
72.5863
72.7315
72.3736
72.6292
80.3519
92.9365
73.0266
72.8071
80.4709
80.5866
80.2719
72.4054
80.3934
72.5675
84.4506
80.592
72.7513
72.8093
60.3142
72.4463
72.2907
72.7362
84.7719
72.4841
80.6837
72.4877
80.5581
72.3693
72.2023
72.6398
80.5056
72.5317
72.6477
72.3916
80.1792
81.0361
60.5468
80.419
85.0114
72.4836
80.923
80.7221
80.6004
80.7214
80.4241
80.6152
72.7355
60.4459
80.6038
80.407
80.8102
80.3176
80.2767
60.4685
80.474
60.6851
72.7825
72.2779
72.3441
60.5522
80.5429
72.5794
72.533
80.6394
72.3953
72.7922
60.6197
84.2074
72.4651
72.6192
72.6164
72.6513
80.2531
72.5626
72.3999
80.7709
80.7515
72.958
72.1905
80.4726
72.3272
80.4698
60.4385
60.2247
80.6999
80.7109
80.5086
80.4007
80.4384
72.7444
72.5762
72.7254
72.592
60.654
60.4171
72.6871
72.2845
72.4575
72.5328
72.4411
72.3976
72.7179
60.3565
73.0256
72.3344
72.3933
72.5163
80.3682
80.5852
72.5522
80.3719
72.3085
72.5607
72.3785
72.7833
80.3185
72.706
80.265
72.8068
60.3371
80.5344
72.7065
72.6145
72.5333
60.5183
80.6393
80.3662
80.7052
80.6782
72.7696
72.4234
72.6979
72.5086
80.3139
72.5247
80.9006
80.7377
72.7115
80.5697
60.8149
80.6908
72.4172
72.5336
80.661
80.5177
72.5435
72.4888
72.5946
72.4713
80.5662
72.2916
72.5675
60.3341
72.3097
72.5218
72.5806
80.575
80.7193
80.4623
72.4654
80.9634
72.368
72.4351
80.1516
80.522
80.8114
60.2688
72.7398
80.5444
80.9144
72.4756
80.8282
80.6413
81.0236
80.5626
60.4979
72.2866
72.5341
72.3927
60.4747
80.7368
72.9167
72.6383
72.6305
72.2562
80.697
72.4315
48.2757
80.3206
72.1781
72.4233
72.4873
80.8248
72.5551
80.7518
72.5487
72.3673
60.3499
80.6157
80.6786
80.3279
72.4808
80.933
84.3751
60.3774
72.6218
72.6806
80.3296
72.3138
72.5417
72.7797
80.8207
80.5431
84.5256
72.5671
72.7295
60.3754
60.4208
80.4142
80.5844
60.6022
80.71
80.6939
60.489
60.4961
80.7526
60.322
80.5214
80.4549
80.1544
72.6084
80.8012
72.9961
80.5244
72.6411
72.6546
80.5473
72.6535
72.628
92.783
80.7469
72.2016
80.5182
80.2464
60.3097
80.4404
80.7962
60.708
60.4655
80.5146
80.9792
84.3677
72.5756
80.7798
72.6207
72.6463
80.1021
80.5199
72.3871
72.2473
80.838
72.5577
80.3108
80.6919
80.3668
80.9636
72.4116
72.4913
60.3762
80.6665
72.5504
72.4588
72.5773
80.5358
80.7011
80.3626
93.0539
72.4169
72.3968
72.5802
80.3996
60.4275
80.4679
80.5576
72.6143
80.6181
80.7735
80.6414
72.7219
72.492
72.6512
80.2882
