1	2	3	6	7	9	10	13	14	15	17	20	22	24	25	
1	2	3	6	7	9	10	13	14	15	17	20	22	24	25	
1	2	3	6	7	9	10	13	14	15	17	20	22	24	25	
1	2	3	6	7	9	10	13	14	15	17	20	22	24	25	
1	2	3	6	7	9	10	13	14	15	17	20	22	24	25	
1	2	3	6	7	9	10	13	14	15	17	20	22	24	25	
1	2	3	6	7	9	10	13	14	15	17	20	22	24	25	
1	2	3	6	7	9	10	13	14	15	17	20	22	24	25	
1	2	3	6	7	9	10	13	14	15	17	20	22	24	25	
1	2	3	6	7	9	10	13	14	15	17	20	22	24	25	
1	2	3	6	7	9	10	13	14	15	17	20	22	24	25	
1	2	3	6	7	9	10	13	14	15	17	20	22	24	25	
1	2	3	6	7	9	10	13	14	15	17	20	22	24	25	
1	2	3	6	7	9	10	13	14	15	17	20	22	24	25	
1	2	3	6	7	9	10	13	14	15	17	20	22	24	25	
1	2	3	6	7	9	10	13	14	15	17	20	22	24	25	
1	2	3	6	7	9	10	13	14	15	17	20	22	24	25	
1	2	6	7	9	10	13	14	15	17	18	20	22	24	25	
1	2	6	7	9	10	13	14	15	17	20	21	22	24	25	
1	2	3	6	7	9	10	13	14	15	17	20	22	24	25	
1	2	6	7	9	10	13	14	15	17	18	20	22	24	25	
1	2	6	7	9	10	13	14	15	17	20	21	22	24	25	
1	2	3	6	7	9	10	13	14	15	17	20	22	24	25	
1	2	6	7	9	10	13	14	15	17	18	20	22	24	25	
1	2	6	7	9	10	13	14	15	17	20	21	22	24	25	
1	2	3	6	7	9	10	13	14	15	17	20	22	24	25	
1	2	6	7	9	10	13	14	15	17	18	20	22	24	25	
1	2	6	7	9	10	13	14	15	17	20	21	22	24	25	
1	2	3	6	7	9	10	13	14	15	17	20	22	24	25	
1	2	6	7	9	10	13	14	15	17	18	20	22	24	25	
1	2	6	7	9	10	13	14	15	17	20	21	22	24	25	
1	2	3	6	7	9	10	13	14	15	17	20	22	24	25	
1	2	3	6	7	9	10	13	14	15	17	20	22	24	25	
1	2	3	6	7	9	10	13	14	15	17	20	22	24	25	
1	2	3	6	7	9	10	13	14	15	17	20	22	24	25	
1	2	3	6	7	9	10	13	14	15	17	20	22	24	25	
1	2	3	6	7	9	10	13	14	15	17	20	22	24	25	
1	2	3	6	7	9	10	13	14	15	17	20	22	24	25	
1	2	3	6	7	9	10	13	14	15	17	20	22	24	25	
1	2	3	6	7	9	10	13	14	15	17	20	22	24	25	
1	2	3	6	7	9	10	13	14	15	17	20	22	24	25	
1	2	3	6	7	9	10	13	14	15	17	20	22	24	25	
1	2	3	6	7	9	10	13	14	15	17	20	22	24	25	
1	2	3	6	7	9	10	13	14	15	17	20	22	24	25	
1	2	3	6	7	9	10	13	14	15	17	20	22	24	25	
1	2	3	6	7	9	10	13	14	15	17	20	22	24	25	
1	2	3	6	7	9	10	13	14	15	17	20	22	24	25	
1	2	3	6	7	9	10	13	14	15	17	20	22	24	25	
1	2	3	6	7	9	10	13	14	15	17	20	22	24	25	
1	2	3	6	7	9	10	13	14	15	17	20	22	24	25	
1	2	3	6	7	9	10	13	14	15	17	20	22	24	25	
1	2	3	6	7	9	10	13	14	15	17	20	22	24	25	
1	2	3	6	7	9	10	13	14	15	17	20	22	24	25	
1	2	3	6	7	9	10	13	14	15	17	20	22	24	25	
1	2	3	6	7	9	10	13	14	15	17	20	22	24	25	
1	2	3	6	7	9	10	13	14	15	17	20	22	24	25	
1	2	3	6	7	9	10	13	14	15	17	20	22	24	25	
1	2	3	6	7	9	10	13	14	15	17	20	22	24	25	
1	2	3	6	7	9	10	13	14	15	17	20	22	24	25	
1	2	3	6	7	9	10	13	14	15	17	20	22	24	25	
1	2	3	6	7	9	10	13	14	15	17	20	22	24	25	
1	2	3	6	7	9	10	13	14	15	17	20	22	24	25	
1	2	3	6	7	9	10	13	14	15	17	20	22	24	25	
1	2	3	6	7	9	10	13	14	15	17	20	22	24	25	
1	2	3	6	7	9	10	13	14	15	17	20	22	24	25	
1	2	3	6	7	9	10	13	14	15	17	20	22	24	25	
1	2	3	6	7	9	10	13	14	15	17	20	22	24	25	
1	2	3	6	7	9	10	13	14	15	17	20	22	24	25	
1	2	3	6	7	9	10	13	14	15	17	20	22	24	25	
1	2	3	6	7	9	10	13	14	15	17	20	22	24	25	
1	2	3	6	7	9	10	13	14	15	17	20	22	24	25	
1	2	3	6	7	9	10	13	14	15	17	20	22	24	25	
1	2	3	6	7	9	10	13	14	15	17	20	22	24	25	
1	2	3	6	7	9	10	13	14	15	17	20	22	24	25	
1	2	3	6	7	9	10	13	14	15	17	20	22	24	25	
1	2	3	6	7	9	10	13	14	15	17	20	22	24	25	
1	2	3	6	7	9	10	13	14	15	17	20	22	24	25	
1	2	3	6	7	9	10	13	14	15	17	20	22	24	25	
1	2	3	6	7	9	10	13	14	15	17	20	22	24	25	
1	2	3	6	7	9	10	13	14	15	17	20	22	24	25	
1	2	3	6	7	9	10	13	14	15	17	20	22	24	25	
1	2	3	6	7	9	10	13	14	15	17	20	22	24	25	
1	2	3	6	7	9	10	13	14	15	17	20	22	24	25	
1	2	3	6	7	9	10	13	14	15	17	20	22	24	25	
1	2	3	6	7	9	10	13	14	15	17	20	22	24	25	
