39.6486
39.6647
39.6649
39.6652
39.6674
39.6732
39.6915
39.6934
39.7032
39.7172
39.718
39.7318
39.7421
39.7469
39.75
39.7709
39.7938
39.7955
39.7999
39.8266
39.8345
39.8418
39.8525
39.8655
39.8687
39.8814
39.8903
39.8972
39.8979
39.8993
39.9021
39.9232
39.9264
39.9311
39.9324
39.9399
39.9412
39.9441
39.9459
39.9535
39.9699
39.9793
39.9911
39.9918
39.9947
39.9946
39.9974
40.0216
40.0344
40.0378
40.0399
40.045
40.0591
40.0602
40.0647
40.0675
40.0821
40.0874
40.0888
40.0923
40.101
40.1055
40.1093
40.1203
40.1203
40.1317
40.1385
40.1397
40.16
40.1628
40.1699
40.1782
40.1788
40.1816
40.1888
40.1905
40.1929
40.1948
40.199
40.2009
40.2011
40.2014
40.2076
40.2077
40.2127
40.219
40.2302
40.2326
40.2375
40.2404
40.243
40.249
40.2541
40.257
40.2583
40.2857
40.2915
40.306
40.3106
40.3151
40.3162
40.3172
40.3174
40.32
40.3265
40.3316
40.3332
40.3372
40.3423
40.3473
40.3521
40.3527
40.3533
40.3555
40.3554
40.3567
40.3624
40.3688
40.3697
40.3732
40.3751
40.3764
40.3772
40.4005
40.4091
40.4137
40.4202
40.4246
40.4377
40.4393
40.4413
40.4466
40.4469
40.455
40.4673
40.4676
40.4709
40.4834
40.4871
40.4911
40.4914
40.4935
40.5023
40.5072
40.51
40.5124
40.5143
40.5184
40.5214
40.524
40.5322
40.5411
40.5634
40.5861
40.5861
40.5877
40.5955
40.5993
40.6005
40.6041
40.6109
40.614
40.6183
40.6185
40.6225
40.6254
40.6255
40.6277
40.628
40.6342
40.6369
40.6435
40.644
40.6498
40.6568
40.6592
40.6799
40.6893
40.6908
40.7131
40.7186
40.7207
40.7214
40.7417
40.7426
40.7654
40.7728
40.7802
40.8281
40.8291
40.8302
40.8341
40.8404
40.8431
40.8538
40.8681
40.8856
40.9262
40.9306
40.9596
40.9825
40.9835
40.9886
40.9919
41.0014
41.0111
41.0145
41.0167
41.0499
41.0541
38.8124
38.8285
38.8287
38.829
38.8313
38.8371
38.8553
38.8572
38.867
38.8811
38.8818
38.8956
38.9059
38.9107
38.9138
38.9347
38.9576
38.9593
38.9638
38.9904
38.9983
39.0056
39.0163
39.0202
39.0293
39.0325
39.0362
39.0364
39.0367
39.039
39.0448
39.0452
39.0541
39.061
39.0615
39.0618
39.063
39.0632
39.065
39.0659
39.0748
39.0772
39.0775
39.0777
39.078
39.0803
39.0861
39.0871
39.0888
39.0896
39.0903
39.0933
39.0935
39.0938
39.095
39.0961
39.0962
39.1019
39.1034
39.1037
39.1043
39.1051
39.1063
39.1078
39.1079
39.1097
39.1137
39.1161
39.1173
39.1185
39.1201
39.1216
39.1221
39.1239
39.1241
39.1244
39.1267
39.1293
39.1301
39.1309
39.1318
39.1325
39.1337
39.1425
39.1431
39.1447
39.1453
39.1455
39.1459
39.1458
39.1467
39.1481
39.1507
39.1527
39.1539
39.1549
39.155
39.1556
39.1585
39.1585
39.1598
39.1604
39.1612
39.1624
39.1629
39.1629
39.1654
39.167
39.1707
39.1715
39.1721
39.1741
39.1756
39.1765
39.1773
39.1787
39.1789
39.1791
39.1794
39.1817
39.1838
39.1839
39.1855
39.1875
39.191
39.1933
39.1979
39.1982
39.1983
39.1987
39.1995
39.2013
39.2017
39.2037
39.2058
39.206
39.2062
39.2067
39.2077
39.2083
39.2088
39.2093
39.2094
39.2096
39.2099
39.2122
39.2125
39.2128
39.2134
39.2175
39.218
39.2225
39.2228
39.223
39.2241
39.224
39.2241
39.2276
39.2285
39.2286
39.2301
39.2307
39.2313
39.2315
39.2323
39.2362
39.2371
39.2381
39.2395
39.2402
39.243
39.2459
39.2461
39.2473
39.2479
39.2512
39.2516
39.2526
39.253
39.253
39.2547
39.2547
39.2553
39.2561
39.2564
39.2591
39.2592
39.2593
39.2596
39.2612
39.2618
39.2619
39.262
39.2627
39.2631
39.2643
39.2648
39.2654
39.2676
39.2687
39.2693
39.2695
39.2705
39.2709
39.2732
39.2737
39.2745
39.2761
39.2765
39.2784
39.2806
39.2812
39.2815
39.2841
39.2842
39.2852
39.2859
39.2859
39.2868
39.2878
39.2916
39.2937
39.2942
39.2943
39.2947
39.2948
39.2955
39.2973
39.2976
39.298
39.3011
39.3023
39.3027
39.3032
39.3035
39.304
39.3073
39.3081
39.3098
39.3101
39.3101
39.3108
39.3115
39.3116
39.3118
39.3122
39.3124
39.3128
39.3142
39.315
39.3151
39.3156
39.3156
39.3175
39.3189
39.3225
39.3238
39.3248
39.3251
39.3258
39.3262
39.3266
39.3267
39.3279
39.328
39.3308
39.3332
39.3337
39.3361
39.3365
39.3385
39.3393
39.3402
39.3407
39.3409
39.3413
39.3414
39.342
39.3426
39.344
39.3444
39.3447
39.3453
39.3454
39.3462
39.3487
39.3493
39.3495
39.3509
39.3519
39.3526
39.3528
39.3541
39.3543
39.3551
39.3561
39.3564
39.3568
39.3569
39.3572
39.3586
39.3586
39.3588
39.3598
39.3611
39.3614
39.3621
39.3627
39.3628
39.3633
39.3647
39.365
39.3653
39.3653
39.3662
39.3662
39.3664
39.3668
39.3686
39.3689
39.3699
39.371
39.3713
39.3714
39.3716
39.3727
39.3745
39.3765
39.3778
39.3786
39.3792
39.3798
39.38
39.3821
39.3825
39.3827
39.3828
39.3829
39.383
39.3857
39.3865
39.3882
39.3899
39.3904
39.3916
39.3922
39.3932
39.3941
39.3943
39.3957
39.3964
39.3973
39.3985
39.3992
39.4005
39.4013
39.4033
39.4039
39.404
39.4042
39.4046
39.4046
39.4051
39.406
39.4069
39.4071
39.4075
39.4075
39.4079
39.4094
39.4102
39.4102
39.4115
39.4115
39.4118
39.4122
39.4127
39.4129
39.4131
39.4134
39.4136
39.4164
39.4165
39.4179
39.4197
39.4204
39.4206
39.4209
39.421
39.4219
39.4221
39.4233
39.4233
39.4247
39.426
39.4261
39.4266
39.4289
39.4291
39.4307
39.4318
39.4329
39.4342
39.4345
39.435
39.4362
39.4363
39.4375
39.4385
39.4391
39.4407
39.4419
39.4427
39.4441
39.4442
39.4454
39.4467
39.4468
39.4469
39.4473
39.449
39.4492
39.4495
39.4495
39.4503
39.4503
39.4505
39.4507
39.451
39.4517
39.4528
39.4536
39.4539
39.4539
39.4542
39.4554
39.4555
39.4566
39.4575
39.4578
39.4584
39.459
39.4599
39.46
39.4602
39.4603
39.4603
39.4605
39.4608
39.4631
39.4631
39.4631
39.4639
39.4665
39.4678
39.468
39.4686
39.4689
39.4698
39.4712
39.4718
39.472
39.4724
39.4726
39.4726
39.4731
39.4736
39.4744
39.4753
39.4753
39.4758
39.4758
39.4759
39.477
39.4771
39.4776
39.4777
39.478
39.479
39.48
39.4804
39.4809
39.4809
39.4811
39.4812
39.4839
39.4842
39.4847
39.4846
39.486
39.4871
39.4875
39.4878
39.4887
39.4888
39.4889
39.4889
39.4891
39.4892
39.4903
39.4906
39.4915
39.4916
39.4919
39.4919
39.4923
39.4934
39.4936
39.4937
39.4937
39.4949
39.4954
39.4962
39.4965
39.497
39.4971
39.4973
39.4982
39.4988
39.4992
39.5003
39.5011
39.5015
39.5016
39.5023
39.5023
39.5031
39.5033
39.5042
39.5052
39.5054
39.506
39.5061
39.5089
39.5089
39.51
39.5107
39.5111
39.5112
39.5116
39.5129
39.5137
39.5139
39.5146
39.5151
39.5152
39.5155
39.516
39.516
39.5161
39.5166
39.5172
39.5174
39.5174
39.5176
39.5183
39.5184
39.5185
39.5192
39.5193
39.5193
39.5194
39.5195
39.5197
39.5205
39.5206
39.5208
39.521
39.522
39.5222
39.524
39.524
39.5255
39.5256
39.5262
39.5264
39.5268
39.5268
39.5272
39.5274
39.5278
39.5297
39.5312
39.5313
39.5315
39.5315
39.5318
39.5327
39.533
39.5331
39.5332
39.5335
39.5341
39.5341
39.5343
39.5343
39.5344
39.5356
39.5358
39.5359
39.5365
39.537
39.5378
39.538
39.5385
39.539
39.5394
39.5394
39.5398
39.5399
39.5402
39.5403
39.5409
39.5411
39.5413
39.5413
39.5415
39.542
39.5421
39.5426
39.5446
39.5454
39.5457
39.546
39.5466
39.5479
39.548
39.548
39.5482
39.5487
39.5489
39.549
39.5491
39.5493
39.5496
39.5498
39.5504
39.5513
39.5516
39.5519
39.5521
39.5525
39.5531
39.5542
39.5543
39.5552
39.5558
39.5577
39.5577
39.5581
39.5592
39.56
39.5603
39.5603
39.5603
39.5621
39.5627
39.5643
39.5643
39.5645
39.5647
39.5661
39.5664
39.5664
39.5665
39.5671
39.5681
39.5683
39.5686
39.5694
39.5698
39.5704
39.5705
39.5706
39.5709
39.5709
39.5718
39.5725
39.5725
39.5727
39.5728
39.5729
39.573
39.573
39.5732
39.5734
39.5737
39.5741
39.5745
39.5757
39.5759
39.5775
39.5778
39.5781
39.579
39.579
39.5792
39.5792
39.5793
39.5795
39.5796
39.5798
39.5817
39.5818
39.5826
39.5828
39.5839
39.5841
39.5843
39.5842
39.5846
39.5846
39.5855
39.5861
39.5861
39.5863
39.5876
39.5885
39.5886
39.589
39.589
39.5895
39.5897
39.59
39.5906
39.5909
39.5911
39.5911
39.5915
39.5917
39.5917
39.5944
39.5949
39.5956
39.5964
39.5966
39.5972
39.5977
39.5984
39.5985
39.5989
39.5992
39.601
39.601
39.6014
39.6015
39.6016
39.6017
39.6017
39.6018
39.6024
39.6031
39.6031
39.6034
39.6039
39.6042
39.6046
39.6049
39.6052
39.6058
39.6066
39.6068
39.6075
39.6077
39.6087
39.6089
39.609
39.6094
39.6102
39.6104
39.6107
39.6109
39.6118
39.612
39.6122
39.6124
39.6133
39.6135
39.6138
39.614
39.6143
39.6146
39.6153
39.616
39.6162
39.6166
39.6174
39.6178
39.6188
39.6189
