51.5432
51.5641
51.5643
51.5647
51.5677
51.5752
51.5989
51.6014
51.6141
51.6324
51.6334
51.6513
51.6647
51.671
51.675
51.7022
51.7319
51.7341
51.7399
51.7746
51.7848
51.7944
51.8083
51.8252
51.8293
51.8458
51.8574
51.8663
51.8673
51.8691
51.8727
51.9002
51.9043
51.9105
51.9121
51.9219
51.9236
51.9273
51.9297
51.9395
51.9608
51.9731
51.9884
51.9893
51.993
51.993
51.9966
52.0281
52.0448
52.0492
52.0519
52.0584
52.0769
52.0783
52.0841
52.0878
52.1067
52.1136
52.1154
52.12
52.1313
52.1371
52.1422
52.1564
52.1564
52.1712
52.18
52.1816
52.208
52.2117
52.2209
52.2317
52.2324
52.236
52.2454
52.2476
52.2508
52.2532
52.2586
52.2612
52.2615
52.2619
52.2699
52.2701
52.2765
52.2847
52.2993
52.3024
52.3087
52.3125
52.3159
52.3237
52.3303
52.3341
52.3358
52.3713
52.379
52.3977
52.4037
52.4097
52.411
52.4124
52.4126
52.416
52.4245
52.431
52.4331
52.4384
52.445
52.4515
52.4578
52.4586
52.4593
52.4621
52.4621
52.4637
52.4711
52.4795
52.4806
52.4852
52.4877
52.4893
52.4904
52.5207
52.5318
52.5378
52.5463
52.552
52.5689
52.5711
52.5737
52.5805
52.581
52.5915
52.6075
52.6079
52.6122
52.6284
52.6332
52.6385
52.6389
52.6416
52.653
52.6594
52.663
52.6661
52.6685
52.6739
52.6778
52.6813
52.6919
52.7034
52.7325
52.7619
52.762
52.764
52.7741
52.7791
52.7807
52.7853
52.7942
52.7982
52.8038
52.804
52.8093
52.8131
52.8131
52.8161
52.8164
52.8244
52.828
52.8366
52.8372
52.8448
52.8538
52.8569
52.8838
52.8961
52.898
52.927
52.9342
52.9369
52.9378
52.9642
52.9654
52.995
53.0046
53.0142
53.0765
53.0778
53.0793
53.0844
53.0925
53.096
53.11
53.1285
53.1513
53.204
53.2098
53.2475
53.2772
53.2786
53.2852
53.2895
53.3018
53.3144
53.3189
53.3218
53.3649
53.3703
58.2186
58.2427
58.243
58.2435
58.2469
58.2556
58.283
58.2859
58.3005
58.3216
58.3227
58.3434
58.3589
58.3661
58.3708
58.4021
58.4364
58.439
58.4457
58.4857
58.4974
58.5085
58.5245
58.5302
58.544
58.5488
58.5543
58.5547
58.5551
58.5585
58.5672
58.5678
58.5812
58.5915
58.5922
58.5927
58.5946
58.5947
58.5975
58.5989
58.6121
58.6159
58.6163
58.6166
58.6171
58.6205
58.6292
58.6306
58.6332
58.6344
58.6354
58.64
58.6403
58.6407
58.6424
58.6441
58.6443
58.6528
58.655
58.6556
58.6565
58.6576
58.6594
58.6618
58.6619
58.6646
58.6705
58.6741
58.676
58.6777
58.6802
58.6824
58.6831
58.6859
58.6862
58.6866
58.6901
58.6939
58.6952
58.6963
58.6978
58.6987
58.7006
58.7137
58.7147
58.717
58.718
58.7183
58.7188
58.7188
58.72
58.7222
58.7261
58.729
58.7309
58.7324
58.7324
58.7334
58.7377
58.7377
58.7396
58.7407
58.7418
58.7437
58.7443
58.7443
58.748
58.7506
58.7561
58.7573
58.7582
58.7611
58.7633
58.7647
58.7659
58.768
58.7684
58.7687
58.7692
58.7726
58.7756
58.7758
58.7782
58.7813
58.7866
58.79
58.7969
58.7973
58.7974
58.798
58.7993
58.802
58.8025
58.8056
58.8086
58.8091
58.8092
58.81
58.8115
58.8125
58.8132
58.8139
58.8141
58.8144
58.8148
58.8183
58.8187
58.8192
58.8201
58.8262
58.827
58.8337
58.8341
58.8345
58.8361
58.8361
58.8362
58.8413
58.8428
58.8429
58.8452
58.846
58.847
58.8473
58.8484
58.8543
58.8556
58.8572
58.8592
58.8604
58.8645
58.8689
58.8691
58.871
58.8719
58.8768
58.8773
58.8789
58.8794
58.8796
58.882
58.8821
58.8829
58.8842
58.8846
58.8886
58.8888
58.8889
58.8893
58.8918
58.8927
58.8928
58.893
58.8941
58.8947
58.8964
58.8973
58.8981
58.9014
58.9031
58.9039
58.9043
58.9057
58.9063
58.9098
58.9105
58.9117
58.9142
58.9148
58.9176
58.9209
58.9218
58.9223
58.9262
58.9263
58.9277
58.9288
58.9288
58.9302
58.9317
58.9374
58.9406
58.9412
58.9414
58.9421
58.9422
58.9433
58.946
58.9464
58.947
58.9516
58.9534
58.954
58.9547
58.9552
58.9559
58.9609
58.9621
58.9646
58.9651
58.9651
58.9662
58.9672
58.9674
58.9677
58.9683
58.9686
58.9692
58.9713
58.9725
58.9727
58.9734
58.9735
58.9762
58.9784
58.9837
58.9857
58.9872
58.9876
58.9888
58.9893
58.9899
58.99
58.9919
58.992
58.9961
58.9998
59.0006
59.0041
59.0047
59.0078
59.0089
59.0103
59.011
59.0113
59.0119
59.0122
59.013
59.014
59.016
59.0166
59.017
59.0179
59.0181
59.0193
59.0231
59.024
59.0243
59.0263
59.0278
59.0289
59.0292
59.0312
59.0315
59.0326
59.0341
59.0347
59.0352
59.0354
59.0358
59.0379
59.0379
59.0381
59.0397
59.0416
59.042
59.0431
59.044
59.0442
59.045
59.0471
59.0474
59.0479
59.0479
59.0493
59.0493
59.0495
59.0502
59.0528
59.0534
59.0548
59.0564
59.057
59.0572
59.0573
59.0591
59.0618
59.0648
59.0668
59.0679
59.0688
59.0697
59.07
59.0732
59.0737
59.0741
59.0742
59.0743
59.0744
59.0785
59.0798
59.0823
59.0848
59.0856
59.0875
59.0882
59.0898
59.0911
59.0915
59.0935
59.0947
59.0959
59.0978
59.0987
59.1007
59.1019
59.105
59.1058
59.1059
59.1063
59.1068
59.1069
59.1077
59.109
59.1103
59.1106
59.1113
59.1113
59.1119
59.1141
59.1153
59.1154
59.1172
59.1172
59.1177
59.1183
59.1191
59.1193
59.1196
59.1201
59.1204
59.1246
59.1248
59.1269
59.1296
59.1306
59.1309
59.1313
59.1315
59.1329
59.1332
59.1349
59.135
59.1371
59.139
59.1392
59.1398
59.1433
59.1437
59.1461
59.1477
59.1493
59.1512
59.1517
59.1525
59.1543
59.1544
59.1563
59.1578
59.1586
59.161
59.1629
59.164
59.1661
59.1664
59.1681
59.17
59.1703
59.1704
59.1709
59.1734
59.1737
59.1742
59.1742
59.1754
59.1755
59.1758
59.1761
59.1765
59.1776
59.1792
59.1805
59.1808
59.1809
59.1813
59.183
59.1833
59.1849
59.1863
59.1867
59.1875
59.1884
59.1898
59.1899
59.1903
59.1905
59.1905
59.1908
59.1912
59.1946
59.1946
59.1947
59.1958
59.1998
59.2016
59.2019
59.2028
59.2033
59.2047
59.2067
59.2076
59.208
59.2086
59.2089
59.2089
59.2096
59.2104
59.2116
59.213
59.213
59.2137
59.2137
59.2138
59.2155
59.2157
59.2163
59.2165
59.217
59.2184
59.22
59.2206
59.2213
59.2214
59.2216
59.2218
59.2258
59.2262
59.227
59.227
59.229
59.2307
59.2312
59.2317
59.2331
59.2332
59.2333
59.2334
59.2336
59.2338
59.2355
59.2359
59.2372
59.2374
59.2378
59.2379
59.2385
59.24
59.2403
59.2405
59.2406
59.2424
59.2431
59.2442
59.2447
59.2455
59.2457
59.2459
59.2473
59.2483
59.2487
59.2504
59.2516
59.2523
59.2525
59.2534
59.2534
59.2547
59.2549
59.2563
59.2578
59.258
59.2591
59.2592
59.2634
59.2634
59.265
59.2661
59.2667
59.2668
59.2674
59.2693
59.2705
59.2708
59.2719
59.2726
59.2728
59.2733
59.2739
59.2741
59.2741
59.2749
59.2757
59.2761
59.2762
59.2764
59.2775
59.2776
59.2778
59.2788
59.2789
59.279
59.2791
59.2792
59.2796
59.2808
59.2809
59.2812
59.2814
59.283
59.2833
59.2859
59.286
59.2883
59.2884
59.2893
59.2896
59.2901
59.2902
59.2908
59.2912
59.2917
59.2945
59.2968
59.2969
59.2972
59.2973
59.2977
59.299
59.2995
59.2997
59.2998
59.3003
59.3011
59.3012
59.3014
59.3015
59.3016
59.3034
59.3037
59.3039
59.3047
59.3056
59.3066
59.307
59.3077
59.3085
59.3091
59.3091
59.3097
59.3098
59.3103
59.3104
59.3113
59.3116
59.3119
59.312
59.3122
59.3131
59.3131
59.3138
59.3168
59.318
59.3185
59.319
59.32
59.3218
59.3219
59.322
59.3223
59.3231
59.3234
59.3235
59.3237
59.324
59.3244
59.3246
59.3256
59.327
59.3273
59.3278
59.3282
59.3288
59.3297
59.3313
59.3315
59.3328
59.3337
59.3365
59.3366
59.3372
59.3388
59.3401
59.3404
59.3405
59.3405
59.3431
59.3441
59.3464
59.3465
59.3468
59.3471
59.3492
59.3495
59.3495
59.3498
59.3507
59.3521
59.3525
59.3529
59.3542
59.3547
59.3556
59.3558
59.3559
59.3564
59.3564
59.3577
59.3587
59.3588
59.359
59.3593
59.3594
59.3595
59.3595
59.3598
59.3601
59.3605
59.3611
59.3617
59.3635
59.3639
59.3663
59.3668
59.3671
59.3685
59.3685
59.3687
59.3688
59.3689
59.3693
59.3694
59.3697
59.3725
59.3727
59.3739
59.3741
59.3758
59.3761
59.3764
59.3764
59.3769
59.377
59.3782
59.3792
59.3792
59.3795
59.3814
59.3827
59.3829
59.3835
59.3836
59.3842
59.3845
59.385
59.3859
59.3864
59.3866
59.3867
59.3872
59.3875
59.3876
59.3917
59.3924
59.3934
59.3945
59.395
59.3958
59.3966
59.3976
59.3978
59.3984
59.3987
59.4014
59.4015
59.4022
59.4022
59.4024
59.4025
59.4025
59.4027
59.4037
59.4046
59.4047
59.405
59.4058
59.4063
59.4068
59.4074
59.4078
59.4087
59.4099
59.4103
59.4112
59.4115
59.4131
59.4134
59.4135
59.4141
59.4153
59.4156
59.4161
59.4163
59.4177
59.4179
59.4184
59.4185
59.4199
59.4203
59.4207
59.421
59.4215
59.4219
59.4229
59.424
59.4243
59.425
59.4261
59.4267
59.4281
59.4283
