80.8383
72.708
72.7119
72.5699
72.4635
80.6463
72.5724
80.8047
60.2446
72.6186
72.4558
72.3336
72.6462
72.246
72.6082
80.9449
60.3505
80.4246
72.6195
72.524
80.5548
72.4185
72.4597
72.5927
80.5187
72.6265
72.4436
80.6548
80.4086
80.4719
72.4556
72.4952
72.6094
72.5648
72.546
72.4906
72.587
72.662
60.5128
72.2709
72.9085
72.4298
72.923
72.5581
72.6553
80.6327
72.6601
60.3993
72.4369
80.939
60.5593
72.0487
60.3399
72.4741
80.247
72.7664
72.4263
72.2986
72.354
72.7036
72.5092
80.7479
80.7612
72.3196
72.5357
48.3713
72.832
72.5049
60.3534
72.2127
80.5809
60.3597
80.8991
72.1727
72.6377
80.2971
72.6033
80.3938
72.7446
80.3967
72.2563
72.5253
72.6932
60.4356
72.3783
72.7707
72.5943
80.9103
80.3216
72.2879
80.9826
80.6616
80.6955
80.8654
72.5636
80.1398
72.855
72.5017
60.2689
72.5605
72.5789
72.4947
72.454
60.3656
80.437
72.4562
72.4973
60.2588
80.506
72.4386
72.603
72.4778
72.5112
80.7026
80.7503
72.8768
80.962
72.6901
72.184
72.7802
80.2736
92.8272
80.7906
80.4309
72.479
80.5672
72.5049
72.6364
72.7991
80.7069
80.3404
80.7119
72.5445
72.7198
80.8068
60.237
72.734
92.6611
72.4546
72.3154
60.3781
72.4582
72.4742
80.4493
60.3801
80.7634
72.6401
48.3649
72.7579
72.5741
60.4831
72.1787
80.6093
72.5554
60.3819
80.4927
80.4948
72.4718
72.5849
72.455
80.8607
72.4059
80.514
72.5516
72.7815
72.1253
80.9726
72.3869
72.308
72.4109
72.4756
72.3236
60.4197
72.6277
80.709
80.5508
60.4158
72.6843
81.0095
72.3685
72.2559
84.5485
80.605
72.7595
80.5185
80.9502
72.3674
72.5686
80.435
80.4164
81.0036
72.428
81.0136
80.7922
72.6047
84.3809
72.628
60.4479
80.6254
72.2911
72.2072
80.6317
72.582
72.6155
80.8335
80.442
80.6303
72.7146
80.3146
72.4166
80.5508
72.6302
80.714
80.4894
72.3142
80.4233
80.3506
72.8578
72.7092
72.4459
72.4854
72.5741
60.3557
72.5
80.5318
72.3259
72.4344
80.54
92.6332
72.5341
72.7582
72.8295
80.3246
80.3791
60.612
72.5157
84.7895
80.7268
80.6977
80.8885
80.9448
72.5163
80.8473
72.7383
80.8306
72.3465
72.4513
92.674
72.8358
60.5313
72.2833
80.7984
60.3869
72.3611
73.0521
72.3508
80.4819
72.5651
60.402
80.6491
80.5529
72.4364
72.4803
80.6066
92.8003
72.4149
72.5453
92.7225
60.3406
72.384
80.5935
72.6072
80.6032
60.382
72.2917
72.5434
80.3174
72.612
72.6286
72.544
72.5687
72.4463
72.4162
72.357
72.415
80.6928
80.774
72.7478
72.4904
60.4012
84.5629
72.3887
80.576
72.4292
72.3364
72.448
72.5036
72.7591
80.8123
72.6776
72.4874
80.2176
72.7973
72.3919
72.5502
72.4776
72.4011
80.552
72.6069
72.6281
72.2834
80.9146
72.7053
72.5784
80.4984
80.5479
80.5247
72.4842
72.5735
80.2132
60.4996
72.3588
60.2453
80.6269
80.7252
72.4225
80.1915
80.6735
72.5081
80.9372
80.4692
80.5046
72.6516
72.7335
72.643
60.6403
72.4777
60.1237
72.82
80.5212
72.409
72.6096
72.8239
72.3456
72.3856
80.8962
72.754
80.4997
60.5546
72.7106
72.5997
72.7048
72.6786
92.6974
80.4782
72.1359
80.9352
80.6708
72.6028
72.1266
72.544
72.4518
60.6168
72.3779
72.7344
72.5355
72.5847
80.7507
80.627
72.9579
80.7746
80.5756
60.5665
80.6106
80.9091
72.8362
72.7053
80.5828
72.4345
72.3151
72.4071
72.6415
80.5372
80.399
80.3653
60.5315
72.6296
80.7614
80.4476
80.7794
72.7011
72.4797
72.347
80.7603
81.0948
72.5572
60.5233
72.3632
80.4213
48.254
72.2535
80.3978
72.6323
80.4599
80.3968
80.472
80.2831
80.7084
72.5431
80.8226
81.0926
60.5042
92.672
72.4132
80.5052
72.4945
72.2564
72.4011
72.6211
72.5167
80.3844
72.4893
72.5129
72.5686
72.2813
72.5801
72.6691
72.7724
80.6875
72.6846
80.1922
80.709
73.0539
60.5202
72.7543
60.7857
80.3268
72.5928
80.4651
60.3662
72.2752
72.6173
80.6269
72.6966
72.3324
72.7599
72.6685
72.2238
80.2808
80.523
60.4762
80.2012
48.3323
92.5595
80.5934
72.8098
80.4026
72.5795
72.5475
60.3289
72.5616
72.4145
80.3611
73.0613
72.5434
84.7597
60.4546
72.5718
80.5758
72.5464
72.3327
72.2851
81.1175
72.2064
72.5082
81.1325
84.6989
80.6242
72.7661
80.681
72.4953
80.5883
72.4879
60.7274
72.326
72.4662
80.888
60.4042
80.7895
72.3906
80.6237
72.4895
80.2669
72.2966
72.6448
72.2581
80.7646
80.5711
72.1655
80.3845
72.4801
80.5223
60.2253
93.025
92.6965
80.3949
80.6199
72.6
80.9686
72.5661
80.1195
80.3042
72.4992
92.3517
80.587
72.6253
60.2922
80.7658
60.3342
92.5066
72.3833
80.5992
72.5982
72.364
80.6434
80.3323
72.6092
80.8813
72.6565
80.4599
72.0639
72.6548
80.8062
72.5326
72.504
80.5854
72.5394
60.292
80.3222
80.2454
80.6139
72.3399
80.3842
80.6315
48.2029
80.7764
80.6751
80.685
60.4587
60.5014
80.4552
72.6083
84.6568
80.7564
80.7035
80.2199
72.8405
80.7034
72.718
72.6275
72.462
72.8523
72.7471
72.6856
81.0573
92.6486
60.4677
72.1891
72.8472
72.4792
72.608
72.6878
80.673
81.1623
72.3436
60.3892
72.3456
72.3725
60.6796
72.2921
72.5704
80.7157
60.2757
80.8211
60.6698
48.4114
60.4839
60.4738
80.5464
72.648
72.2831
72.7679
60.6509
72.3929
72.8689
72.5404
72.9488
80.3382
72.546
60.5975
72.6091
72.6285
72.6897
72.5752
60.4661
72.6812
72.4885
60.4949
72.5587
80.2036
80.6709
72.7156
60.571
72.5289
72.1428
80.5546
72.6055
72.5002
80.6253
84.7963
80.2952
80.4626
72.8086
80.7364
72.5596
72.4522
80.582
80.5191
84.5294
80.6058
80.6617
72.7691
81.0275
72.7341
80.556
72.4092
80.4318
80.727
60.4626
72.3019
72.585
80.5868
72.6562
60.4597
80.9893
72.766
72.5465
80.6967
72.732
80.497
72.5511
48.3554
72.5957
80.4624
84.6522
72.7792
72.6223
80.8877
72.4974
60.3607
72.7053
72.4284
72.466
80.8474
72.6272
80.589
80.5192
60.3238
72.8343
72.6982
60.3684
60.575
80.7405
80.5175
80.3141
80.2555
60.3641
80.4643
60.17
80.1839
72.5593
60.4519
60.2578
72.5764
80.8523
60.41
60.5762
73.0331
80.9057
72.7
72.6214
72.497
72.7432
60.5259
72.3428
80.6065
80.4409
80.7056
80.674
80.5631
72.355
80.6187
72.6408
80.7409
80.5769
80.4514
80.7976
80.774
72.5546
80.5602
72.4632
80.396
72.6868
72.5482
72.6913
72.5913
80.5047
72.3319
72.3842
72.7231
72.4967
72.643
72.5214
72.1519
72.5087
80.6148
72.716
81.0393
72.5311
60.2797
80.7261
72.378
80.557
60.5206
72.3084
80.4435
48.4172
80.4726
80.7574
72.5913
60.4101
92.6348
72.4915
80.4408
72.7211
72.8323
80.9494
72.376
80.4521
80.5593
72.4102
72.4495
72.3002
72.3978
80.6226
80.9539
72.4467
72.5347
80.6125
80.5331
72.41
80.7619
72.415
72.5049
60.2475
72.6787
60.5229
72.6586
80.7301
80.632
72.7286
80.4173
72.762
72.3231
72.6363
72.2601
80.7204
72.7667
80.3919
72.404
60.3982
72.5991
72.5873
72.5335
92.7411
80.4329
80.8152
72.5289
72.6815
72.3509
60.4576
80.5869
80.3609
72.4577
72.7529
72.4443
72.5942
80.3972
72.9616
72.4611
72.6793
72.5241
80.76
60.2375
60.5432
60.472
72.9666
60.4224
81.0616
80.3619
72.7322
80.6047
72.5717
72.6892
80.7075
72.5553
60.4959
80.2646
72.4288
80.57
80.8999
72.6798
72.5703
72.5141
60.2197
60.4981
72.471
80.2346
72.2403
72.6052
72.7106
72.6598
60.5911
72.456
80.3942
60.7412
80.9106
72.4323
80.6817
80.6202
80.3844
80.681
72.6919
72.6762
72.5254
72.8243
80.6566
72.6183
80.5918
72.8365
72.5025
72.4526
72.6532
80.4028
80.6583
80.6006
72.8301
72.398
80.5663
80.8389
72.5578
80.3157
72.5774
72.8694
60.3425
72.586
72.6775
80.6625
72.4839
72.2907
81.0333
80.5577
72.5528
72.5693
72.6397
80.7313
84.9838
60.6253
60.4394
72.3056
72.3516
80.9033
60.5175
72.8043
80.7822
80.4741
80.3469
60.3309
80.7559
80.8153
80.8142
60.5338
72.5311
80.6193
72.4381
80.8606
80.7292
72.7371
72.7018
80.5368
72.4549
72.2879
60.494
72.4719
72.4203
80.5854
72.3949
60.2689
72.6456
80.698
72.7055
60.4275
72.6514
72.3984
72.6791
81.0734
80.6798
80.8214
72.2144
72.4272
80.3778
72.7449
80.8111
72.5971
72.8257
72.4939
80.3992
80.3838
80.2138
80.4899
80.7869
80.8681
80.5833
72.3512
80.68
72.4703
72.4365
72.4489
60.5617
80.3101
72.7222
80.8931
60.6017
80.3929
72.7517
72.5664
72.5774
72.6808
60.1943
84.9646
60.2313
72.5549
80.2616
72.7308
72.7051
72.4558
72.9469
80.6005
72.6777
80.7827
72.8139
72.516
72.5335
80.5473
72.5342
80.9047
60.3949
72.3384
80.7032
72.5768
80.3916
80.5272
60.3783
72.4298
60.6459
72.485
60.5363
80.54
72.4883
72.6574
80.5311
72.6914
72.6565
72.642
72.5504
80.4938
80.7066
72.7107
80.418
80.5957
72.6338
80.5395
72.6198
72.4395
72.4661
72.2207
60.2296
80.7221
80.757
72.4006
