72.7544
72.708
72.7119
60.4749
80.515
80.6463
72.5724
80.8047
60.2446
72.6186
80.5064
80.3706
72.6462
72.246
72.6082
72.8504
72.4206
60.3185
80.6883
48.3493
80.5548
72.4185
80.5108
80.6586
72.4668
72.6265
60.3697
80.6548
72.3678
72.4247
84.5315
80.5502
80.6771
80.6275
80.6067
72.4906
72.587
72.662
72.6154
60.2257
52.6562
60.3582
72.923
72.5581
72.6553
80.6327
80.7334
80.5324
60.3641
72.8451
72.6712
72.0487
72.4078
72.4741
80.247
60.6387
72.4263
80.3318
72.354
72.7036
80.5658
80.7479
60.5709
60.2664
72.5357
80.6189
80.9245
72.5049
80.4712
72.2127
80.5809
80.4796
80.8991
72.1727
72.6377
72.2674
72.6033
80.3938
80.8274
72.357
72.2563
80.5836
72.6932
72.5227
60.3153
80.8563
80.6604
72.8193
60.2412
72.2879
72.8843
72.5955
72.626
80.8654
72.5636
72.1259
72.855
72.5017
72.3226
60.4671
72.5789
72.4947
80.5044
72.4388
72.3933
72.4562
72.4973
80.3451
72.4554
72.4386
48.402
72.4778
72.5112
72.6323
80.7503
72.8768
72.8658
60.5751
80.2044
72.7802
72.2462
80.7193
72.7115
72.3878
72.479
60.4254
72.5049
80.7071
80.8879
80.7069
60.2553
72.6407
80.605
72.7198
72.7261
80.3161
72.734
80.5749
72.4546
72.3154
72.4537
72.4582
72.4742
60.337
72.4561
80.7634
72.6401
80.6082
72.7579
72.5741
80.6442
72.1787
80.6093
72.5554
72.4583
80.4927
72.4453
72.4718
72.5849
60.3792
80.8607
60.3382
60.3855
72.5516
72.7815
80.1392
80.9726
72.3869
60.2566
72.4109
80.5284
80.3595
72.5037
72.6277
72.6381
60.4131
72.4989
72.6843
81.0095
72.3685
72.2559
60.3918
80.605
72.7595
72.4666
84.9977
80.4082
60.4739
72.3915
80.4164
72.9032
72.428
81.0136
80.7922
80.6719
80.3628
92.8024
80.5972
60.469
72.2911
80.2302
80.6317
72.582
60.5129
80.8335
80.442
80.6303
80.794
72.2831
80.4629
72.4957
80.7002
80.714
48.2936
72.3142
60.3174
72.3156
52.6195
72.7092
72.4459
72.4854
72.5741
80.4743
72.5
72.4786
72.3259
72.4344
72.486
72.4956
80.5935
72.7582
93.06
72.2922
72.3412
80.8161
72.5157
80.7519
72.6541
72.628
80.8885
80.9448
72.5163
72.7626
80.8203
72.7476
72.3465
72.4513
80.5861
80.9286
80.7084
72.2833
80.7984
80.5159
72.3611
73.0521
60.2923
72.4337
72.5651
72.4824
60.4868
80.5529
72.4364
72.4803
80.6066
60.5219
72.4149
72.5453
72.5654
72.4087
72.384
80.5935
72.6072
72.5429
60.382
80.3242
80.6038
72.2857
72.612
80.6985
72.544
80.6319
80.4959
72.4162
80.3967
72.415
72.6235
72.6966
48.4985
72.4904
72.4814
72.4825
80.4319
72.5184
60.3576
60.2803
80.4978
80.5596
80.8434
72.731
72.6776
60.4062
72.1958
60.6645
60.3266
72.5502
72.4776
80.4456
72.4968
80.6744
72.6281
80.3149
80.9146
72.7053
80.6427
80.4984
72.4931
72.4723
60.4035
80.6373
72.1919
72.5995
80.3987
72.2943
72.5642
80.7252
60.3521
80.1915
72.6062
72.5081
72.8435
80.4692
84.5299
72.6516
60.6112
72.643
72.7684
60.3981
60.1237
80.9111
80.5212
60.3408
80.6773
72.8239
72.3456
60.3213
60.6721
80.8378
80.4997
60.5546
80.7896
80.6664
72.7048
80.754
48.3639
72.4303
80.151
72.8417
48.4025
80.6698
80.1407
72.544
80.502
80.8225
80.4199
72.7344
72.5355
80.6496
72.6757
72.5643
72.9579
60.581
60.4317
80.7554
72.5495
80.9091
80.9291
80.7837
72.5245
72.4345
80.3501
80.4523
72.6415
80.5372
80.399
80.3653
60.5315
48.4198
72.6853
72.4029
72.7015
80.779
72.4797
80.3855
72.6843
72.9854
72.5572
80.6977
80.4036
72.3792
72.381
60.2112
60.2983
72.6323
72.4139
60.2976
72.4248
72.2548
72.6376
72.5431
72.7404
81.0926
72.6051
80.5844
80.4591
72.4547
80.5495
72.2564
72.4011
80.6901
80.5741
72.3459
80.5436
60.4274
80.6318
72.2813
80.6445
72.6691
72.7724
60.5156
72.6846
80.1922
72.6381
60.8783
80.6935
72.7543
72.9429
72.2941
72.5928
72.4186
72.4394
80.3057
72.6173
72.5642
72.6966
60.277
80.8444
72.6685
72.2238
72.2527
80.523
80.635
72.1811
60.4154
72.4379
60.445
80.8997
80.4026
72.5795
72.5475
60.3289
80.6241
72.4145
80.3611
73.0613
72.5434
72.6512
80.6061
72.5718
80.5758
80.6071
80.3697
72.2851
73.0058
72.2064
80.5647
73.0193
80.6656
72.5618
72.7661
80.681
80.5503
80.5883
80.5421
60.7274
80.3623
80.5181
60.666
72.485
72.7105
72.3906
72.5613
72.4895
80.2669
60.2472
72.6448
80.2868
72.6881
72.5139
72.1655
72.3461
80.5335
80.5223
72.2703
72.8022
48.3634
72.3554
72.5579
80.6667
72.8717
60.4718
80.1195
72.2738
72.4992
80.3058
80.587
72.6253
72.3507
80.7658
72.4011
80.4405
80.4259
80.5992
72.5982
72.364
80.6434
80.3323
72.6092
80.8813
80.7295
80.4599
72.0639
80.7276
80.8062
72.5326
92.644
80.5854
80.5993
80.3893
80.3222
72.2208
72.5525
80.3776
80.3842
80.6315
72.3044
80.7764
80.6751
60.5137
80.6117
80.6686
80.4552
72.6083
72.563
72.6807
72.6331
72.1979
72.8405
80.7034
80.7978
72.6275
80.5134
72.8523
72.7471
80.7617
81.0573
72.5076
80.6236
72.1891
80.9413
80.5325
72.608
80.7642
72.6057
93.3367
72.3436
80.5189
72.3456
72.3725
72.8155
80.3246
72.5704
60.5367
80.3677
80.8211
72.8038
72.6172
60.4839
80.6318
60.4098
80.72
72.2831
72.7679
72.7811
80.4366
60.7241
72.5404
81.0542
80.3382
72.546
80.7967
60.5076
80.6984
80.7663
80.6391
72.5593
52.492
72.4885
80.6598
80.6207
72.1833
80.6709
72.7156
72.6852
60.4407
72.1428
80.5546
72.6055
80.5558
72.5627
72.6825
72.2657
80.4626
72.8086
72.6628
72.5596
72.4522
80.582
60.3893
72.4538
80.6058
80.6617
72.7691
60.7707
80.8157
72.5004
72.4092
80.4318
72.6543
72.5551
72.3019
72.585
72.5281
72.6562
80.613
80.9893
92.9788
72.5465
72.627
80.8134
72.4473
80.6124
80.5923
72.5957
72.4161
80.6212
80.8658
72.6223
80.8877
72.4974
80.481
80.7836
72.4284
72.466
80.8474
80.6969
80.589
72.4673
60.3238
72.8343
60.5818
72.4421
72.69
72.6665
60.3881
72.2827
80.2555
80.4855
80.4643
60.17
80.1839
72.5593
72.5423
72.3093
80.6404
60.6392
48.328
80.7683
73.0331
60.6793
72.7
72.6214
80.5522
60.6194
72.6311
72.3428
72.5459
60.3307
72.635
72.6066
80.5631
60.2958
72.5568
72.6408
60.5557
72.5192
80.4514
60.5982
72.6966
80.6162
80.5602
72.4632
80.396
72.6868
80.6091
72.6913
80.657
80.5047
60.2766
72.3842
72.7231
72.4967
80.7145
80.5794
72.1519
80.5653
72.5533
72.716
60.7795
72.5311
72.3357
72.6535
72.378
80.557
80.6942
72.3084
60.3326
80.6953
60.3545
92.8711
72.5913
72.4921
80.552
72.4915
72.3968
72.7211
80.9248
72.8545
72.376
80.4521
60.4195
80.4557
72.4495
60.2502
72.3978
72.5603
80.9539
80.4963
60.4456
72.5513
60.3998
72.41
72.6857
72.415
72.5049
80.33
72.6787
72.6275
80.7317
72.6571
72.5688
80.8096
72.3755
80.8467
72.3231
80.707
72.2601
72.6484
80.8519
72.3527
80.4489
80.531
60.4992
72.5873
60.4446
72.58
80.4329
60.6114
72.5289
72.6815
72.3509
72.5491
72.5282
80.3609
80.5086
80.8365
72.4443
80.6602
80.3972
60.8013
72.4611
80.7548
72.5241
72.684
72.285
72.6519
80.6293
72.9666
80.5632
81.0616
60.2715
72.7322
72.5442
72.5717
72.6892
80.7075
80.617
72.5951
60.1985
72.4288
72.513
80.8999
72.6798
80.6337
72.5141
72.2636
72.5977
72.471
72.2112
80.267
72.6052
80.7896
72.6598
72.7093
80.5067
72.3548
72.8894
72.8196
72.4323
72.6135
80.6202
72.3459
84.715
80.7687
72.6762
80.5838
80.9159
72.591
72.6183
72.5326
80.9294
80.5584
72.4526
72.6532
60.3021
72.5925
72.5406
80.9224
72.398
80.5663
80.8389
72.5578
80.3157
92.7378
72.8694
80.4566
72.586
72.6775
80.6625
72.4839
72.2907
60.775
72.5019
80.6143
72.5693
72.6397
72.6581
60.7027
72.7503
60.4394
72.3056
72.3516
80.9033
80.6901
72.8043
80.7822
80.4741
72.3122
80.4412
60.5669
80.8153
72.7328
60.5338
72.5311
72.5574
80.4868
80.8606
60.5469
72.7371
72.7018
80.5368
72.4549
72.2879
72.5928
72.4719
80.467
60.4391
72.3949
60.2689
80.7174
84.7329
80.7839
72.5131
60.5429
72.3984
80.7545
72.966
60.5099
72.7393
60.1786
72.4272
80.3778
80.8276
80.8111
80.6635
72.8257
80.5487
80.3992
72.3454
72.1925
72.4409
72.7082
72.7813
80.5833
60.2926
80.68
80.5226
80.485
80.4987
80.749
72.2791
60.6018
80.8931
72.722
60.2947
80.8352
80.6294
60.4812
72.6808
60.1943
72.8268
72.2775
80.6166
80.2616
80.812
80.7835
72.4558
81.0521
72.5405
80.753
72.7044
80.9043
72.516
72.5335
80.5473
80.5936
80.9047
80.5265
72.3384
72.6329
72.5768
80.3916
72.4745
80.5045
80.4775
80.8612
72.485
80.715
72.486
72.4883
72.6574
72.478
72.6914
80.7294
72.642
72.5504
72.4445
72.6359
60.5922
80.418
72.5361
72.6338
72.4856
72.6198
60.3663
72.4661
72.2207
80.3062
72.6499
60.5678
60.3338
