40.4191
40.3933
40.3955
40.3166
40.2575
40.3231
40.318
40.4023
40.1631
40.3436
40.2532
40.1853
40.359
40.1367
40.3379
40.4725
40.2336
40.2123
40.3442
40.2911
40.2774
40.2325
40.2554
40.3293
40.2593
40.3481
40.2464
40.3274
40.2043
40.2359
40.2531
40.2751
40.3386
40.3138
40.3033
40.2725
40.3261
40.3678
40.3419
40.1505
40.5047
40.2388
40.5128
40.3101
40.3641
40.3163
40.3667
40.2662
40.2427
40.4695
40.3729
40.027
40.2266
40.2634
40.1235
40.4258
40.2368
40.1659
40.1967
40.3909
40.2829
40.374
40.3806
40.1776
40.2976
40.3094
40.4622
40.2805
40.2356
40.1182
40.2905
40.2398
40.4496
40.0959
40.3543
40.1486
40.3351
40.1969
40.4137
40.1984
40.1424
40.2918
40.3851
40.2904
40.2102
40.4281
40.3302
40.4551
40.1608
40.1599
40.4913
40.3308
40.3478
40.4327
40.3131
40.0699
40.475
40.2787
40.1792
40.3114
40.3216
40.2748
40.2522
40.2438
40.2185
40.2534
40.2763
40.1726
40.253
40.2437
40.335
40.2654
40.284
40.3513
40.3752
40.4871
40.481
40.3834
40.1022
40.4334
40.1368
40.3596
40.3953
40.2155
40.2661
40.2836
40.2805
40.3536
40.444
40.3535
40.1702
40.3559
40.3025
40.3999
40.4034
40.158
40.4078
40.2874
40.2526
40.1752
40.252
40.2546
40.2634
40.2247
40.2534
40.3817
40.3556
40.3041
40.4211
40.3189
40.3221
40.0993
40.3046
40.3086
40.2546
40.2464
40.2474
40.2621
40.3249
40.2528
40.4303
40.2255
40.257
40.3064
40.4342
40.0696
40.4863
40.2149
40.1711
40.2283
40.2642
40.1798
40.2798
40.3487
40.3545
40.2754
40.2772
40.3802
40.5047
40.2047
40.1422
40.2612
40.3025
40.422
40.2592
40.4751
40.2041
40.3159
40.2175
40.2082
40.5018
40.2378
40.5068
40.3961
40.3359
40.1814
40.3489
40.2986
40.3127
40.1617
40.1151
40.3158
40.3233
40.3419
40.4168
40.221
40.3151
40.397
40.1573
40.2315
40.2754
40.3501
40.357
40.2447
40.1746
40.2116
40.1753
40.4765
40.394
40.2477
40.2697
40.319
40.2372
40.2778
40.2659
40.181
40.2414
40.27
40.2753
40.2967
40.4212
40.4608
40.1623
40.1896
40.408
40.2865
40.3759
40.3634
40.3489
40.4442
40.4724
40.2868
40.4236
40.4101
40.4153
40.1925
40.2507
40.2931
40.4643
40.3542
40.1574
40.3992
40.2579
40.2006
40.5845
40.1949
40.241
40.314
40.268
40.3246
40.2765
40.2425
40.2668
40.3033
40.348
40.2305
40.3029
40.3141
40.2271
40.2133
40.2968
40.3373
40.3016
40.2546
40.1621
40.3019
40.1587
40.34
40.3492
40.3022
40.3159
40.248
40.2312
40.1983
40.2305
40.3464
40.387
40.4154
40.2725
40.2675
40.268
40.216
40.288
40.2384
40.1869
40.2489
40.2798
40.4217
40.4061
40.3765
40.2708
40.1088
40.443
40.2177
40.3057
40.2654
40.2228
40.276
40.3372
40.3489
40.1575
40.4573
40.3919
40.3214
40.2492
40.274
40.2624
40.269
40.3186
40.1066
40.3331
40.1993
40.1635
40.3134
40.3626
40.2347
40.0957
40.3368
40.2823
40.4686
40.2346
40.2523
40.362
40.4075
40.3572
40.4269
40.2654
40.0824
40.4555
40.2606
40.2272
40.3387
40.4577
40.192
40.2142
40.4481
40.4189
40.2498
40.3697
40.3948
40.3332
40.3915
40.377
40.3032
40.2391
40.0755
40.4676
40.3354
40.3349
40.0704
40.3022
40.251
40.4112
40.2099
40.408
40.2975
40.3248
40.3754
40.3135
40.5322
40.3873
40.2878
40.3777
40.3053
40.4545
40.4646
40.3918
40.2914
40.2414
40.1751
40.2261
40.3564
40.2686
40.1995
40.1827
40.3543
40.3498
40.3807
40.2238
40.3897
40.3895
40.2665
40.1928
40.3802
40.5474
40.3096
40.3489
40.2018
40.2106
40.2116
40.1408
40.1989
40.3513
40.2299
40.1984
40.236
40.1416
40.3542
40.3017
40.4113
40.5463
40.3362
40.2922
40.2295
40.2526
40.2747
40.1425
40.2229
40.3451
40.287
40.1922
40.2718
40.2849
40.3159
40.1563
40.3223
40.3717
40.4291
40.3437
40.3803
40.0961
40.3545
40.5855
40.3468
40.4191
40.5238
40.1634
40.3293
40.2326
40.2441
40.1529
40.3429
40.3134
40.387
40.1847
40.4222
40.3714
40.1244
40.1404
40.2615
40.3175
40.1006
40.2769
40.2433
40.2967
40.4499
40.2013
40.322
40.3042
40.2193
40.312
40.2303
40.1805
40.5896
40.3019
40.3618
40.3031
40.3176
40.2879
40.3036
40.1848
40.1584
40.5588
40.1147
40.2823
40.5663
40.3328
40.3121
40.4256
40.3405
40.2752
40.2941
40.2711
40.485
40.1811
40.259
40.444
40.2694
40.3947
40.217
40.3119
40.2719
40.1334
40.1648
40.3582
40.1434
40.3823
40.2855
40.0919
40.1923
40.2667
40.2612
40.1502
40.4457
40.3028
40.1974
40.31
40.3334
40.4843
40.3145
40.0598
40.1521
40.2773
40.1529
40.2935
40.3474
40.1948
40.3829
40.2228
40.2203
40.213
40.2996
40.3324
40.2022
40.3217
40.1662
40.3384
40.4407
40.3647
40.23
40.0355
40.3638
40.4031
40.2959
40.28
40.2927
40.2996
40.1946
40.1611
40.1227
40.307
40.1888
40.1921
40.3157
40.1691
40.3882
40.3375
40.3425
40.3058
40.3343
40.2276
40.3379
40.3128
40.3782
40.3517
40.11
40.467
40.3517
40.3989
40.3486
40.2567
40.4735
40.415
40.3809
40.5286
40.282
40.3118
40.1051
40.4707
40.2662
40.3378
40.3821
40.3365
40.5812
40.1909
40.2595
40.192
40.207
40.453
40.1623
40.3169
40.3578
40.1838
40.4105
40.4465
40.3429
40.3226
40.3159
40.2732
40.36
40.1573
40.4266
40.434
40.2183
40.4827
40.3002
40.5271
40.1691
40.3033
40.3983
40.3384
40.3492
40.3831
40.3195
40.3107
40.3784
40.2714
40.3299
40.3104
40.1018
40.3354
40.3976
40.3807
40.2938
40.0793
40.2773
40.3364
40.2779
40.3126
40.3792
40.1476
40.2313
40.4492
40.3682
40.3109
40.2512
40.291
40.2595
40.2521
40.3029
40.3308
40.4273
40.5138
40.4078
40.278
40.2274
40.2159
40.3635
40.3084
40.1677
40.325
40.2934
40.3645
40.3065
40.4946
40.4256
40.3036
40.3483
40.4067
40.2485
40.3062
40.2962
40.3309
40.2312
40.3106
40.4329
40.3457
40.4439
40.2763
40.2405
40.3918
40.238
40.2589
40.4237
40.3485
40.2945
40.2596
40.2159
40.4635
40.3879
40.2456
40.3834
40.3703
40.2588
40.1571
40.1278
40.2428
40.2321
40.1134
40.0919
40.3107
40.3013
40.1718
40.3202
40.4262
40.2733
40.3841
40.574
40.4529
40.3889
40.3452
40.2761
40.4129
40.3506
40.1905
40.3033
40.2205
40.3528
40.337
40.2815
40.1972
40.3093
40.356
40.3704
40.2884
40.2257
40.3988
40.387
40.3081
40.2801
40.2573
40.198
40.3816
40.3046
40.3841
40.3285
40.2523
40.1844
40.2135
40.4017
40.2759
40.3572
40.2897
40.0844
40.2826
40.3074
40.3978
40.5196
40.2951
40.1865
40.363
40.21
40.2785
40.3471
40.1713
40.2217
40.3477
40.2363
40.3787
40.3285
40.2734
40.276
40.273
40.2204
40.4006
40.4624
40.4747
40.2089
40.2261
40.2797
40.2279
40.2497
40.1668
40.221
40.3113
40.4769
40.2482
40.297
40.3063
40.2665
40.2278
40.3809
40.2306
40.2805
40.165
40.377
40.3486
40.3659
40.365
40.316
40.4048
40.2086
40.4233
40.1795
40.3535
40.1445
40.3602
40.4259
40.1959
40.2244
40.2655
40.3328
40.3263
40.2964
40.3222
40.2164
40.4076
40.2938
40.3786
40.1949
40.3051
40.2934
40.1804
40.2543
40.4183
40.2468
40.3301
40.1986
40.5342
40.2562
40.3774
40.2912
40.38
40.1583
40.3622
40.3147
40.537
40.2816
40.5308
40.181
40.4068
40.3024
40.3176
40.3829
40.3538
40.3085
40.3306
40.1323
40.2382
40.285
40.4499
40.3777
40.3169
40.2856
40.1464
40.3321
40.2617
40.1173
40.1335
40.3362
40.3948
40.3666
40.394
40.2533
40.1971
40.4941
40.4553
40.2402
40.3408
40.3101
40.1922
40.3405
40.3844
40.3757
40.2919
40.458
40.3283
40.3435
40.2959
40.4647
40.2792
40.2514
40.3629
40.2014
40.3291
40.3003
40.4612
40.2211
40.2832
40.4194
40.3099
40.1579
40.3208
40.483
40.2283
40.3255
40.3764
40.3313
40.2688
40.1615
40.5167
40.2788
40.3071
40.3163
40.3554
40.3656
40.4685
40.4169
40.2929
40.1698
40.1953
40.4517
40.345
40.4468
40.3911
40.2371
40.1735
40.2206
40.3779
40.4077
40.4071
40.3558
40.295
40.3097
40.2434
40.4303
40.3646
40.4095
40.3899
40.2684
40.2527
40.16
40.3293
40.2622
40.2335
40.2927
40.2194
40.1793
40.3587
40.349
40.3919
40.285
40.3619
40.2213
40.3773
40.5367
40.3399
40.4107
40.1191
40.2373
40.1889
40.4138
40.4055
40.3317
40.4587
40.2744
40.1996
40.1919
40.1069
40.2449
40.3935
40.4341
40.2916
40.1951
40.34
40.2613
40.2425
40.2494
40.3745
40.155
40.4012
40.4466
40.4011
40.1964
40.4176
40.3147
40.3208
40.3782
40.1296
40.4593
40.1542
40.3083
40.1308
40.406
40.3918
40.2532
40.5261
40.3003
40.3765
40.3913
40.4521
40.2867
40.2964
40.2736
40.2968
40.4523
40.2633
40.188
40.3516
40.3204
40.1958
40.2636
40.2522
40.2388
40.4306
40.2695
40.3575
40.27
40.2713
40.3652
40.2656
40.3841
40.3647
40.3567
40.3058
40.2469
40.3533
40.3948
40.209
40.2978
40.3521
40.2698
40.3443
40.2442
40.2589
40.1226
40.1531
40.361
40.3785
40.2225
