71.3675
71.3964
71.3968
71.3973
71.4014
71.4118
71.4447
71.4481
83.3767
71.491
71.4924
71.5172
71.5358
71.5444
71.55
71.5876
71.6288
71.6319
71.6399
71.6879
71.702
71.7153
71.7345
71.7579
71.7636
71.7865
71.8025
71.8149
71.8163
71.8188
71.8238
71.8618
71.8676
71.876
83.858
71.8918
71.8942
71.8993
71.9026
71.9163
71.9458
71.9627
71.9839
71.9852
71.9904
71.9903
71.9952
72.0389
72.062
72.0681
72.0718
72.0809
72.1065
72.1084
72.1165
84.1418
72.1477
72.1573
72.1598
72.1661
72.1818
72.1898
72.1968
72.2166
72.2165
72.237
72.2492
72.2514
72.2879
72.2931
72.3058
72.3207
72.3218
72.3268
72.3398
72.3429
72.3473
72.3506
72.3581
72.3616
72.362
72.3626
72.3737
72.3739
72.3829
72.3943
72.4144
72.4187
72.4274
72.4327
72.4374
72.4483
72.4573
72.4627
72.4649
72.5142
72.5247
72.5507
72.559
72.5673
72.5691
72.571
72.5713
72.576
72.5877
72.5968
72.5997
72.607
72.6161
72.6251
72.6338
72.6349
72.636
72.6399
72.6398
72.6421
72.6522
72.6639
72.6655
72.6718
72.6753
72.6775
72.679
72.7209
72.7364
72.7447
72.7564
72.7643
72.7878
72.7908
72.7944
72.8038
72.8045
72.819
72.8412
72.8417
72.8476
72.8701
72.8767
72.884
72.8846
72.8883
72.9041
72.913
72.9181
72.9223
72.9257
72.9331
72.9385
72.9433
85.1176
72.974
73.0142
73.055
73.055
73.0578
73.0718
73.0788
73.081
85.2685
73.0996
73.1052
73.1129
73.1132
73.1206
73.1258
73.1258
73.1299
73.1304
73.1415
73.1464
73.1584
73.1592
73.1697
73.1822
73.1865
73.2238
73.2408
73.2434
73.2835
73.2936
73.2973
73.2985
73.335
73.3368
73.3777
73.391
73.4043
73.4905
73.4923
73.4944
73.5014
73.5128
73.5175
73.5369
73.5626
85.8598
73.6671
73.6752
73.7274
73.7684
73.7703
73.7795
73.7854
73.8025
73.82
73.8261
73.8301
73.8898
73.8973
69.8624
69.8913
69.8917
69.8922
69.8963
69.9067
69.9396
69.943
81.6207
69.9859
69.9873
70.0121
70.0307
70.0393
70.0449
70.0825
70.1237
70.1268
70.1348
70.1828
70.1969
70.2102
70.2294
70.2363
70.2528
70.2585
70.2652
70.2656
70.2661
70.2702
70.2807
70.2814
70.2974
70.3098
78.1229
70.3112
70.3135
70.3137
70.317
70.3187
82.057
58.6159
78.1551
78.1555
78.1561
78.1606
78.1722
70.3567
70.3598
70.3612
70.3625
58.64
58.6403
58.6407
70.3709
58.6441
82.1021
58.6528
70.386
70.3867
78.2087
70.3891
78.2126
70.3941
70.3942
70.3975
70.4046
89.9669
70.4112
70.4132
58.6802
70.4188
58.6831
70.4231
70.4234
70.424
70.4281
58.6939
78.2602
78.2617
70.4373
70.4385
70.4407
70.4564
70.4576
78.2893
58.718
58.7183
58.7188
58.7188
58.72
58.7222
70.4713
70.4748
58.7309
70.4788
78.3099
70.4801
70.4853
70.4852
78.3195
58.7407
70.4901
82.2411
70.4932
78.3258
70.4976
70.5007
58.7561
70.5087
58.7582
58.7611
58.7633
70.5177
70.5191
58.768
70.5221
70.5225
70.523
70.5271
78.3675
70.5309
70.5338
70.5375
70.5439
58.79
58.7969
70.5567
70.5569
58.798
58.7993
70.5624
70.563
70.5667
70.5704
70.5709
70.5711
78.4133
70.5738
78.4167
70.5758
70.5767
58.8141
58.8144
58.8148
58.8183
58.8187
78.4256
70.5841
82.3567
58.827
58.8337
58.8341
70.6013
70.6034
70.6033
58.8362
58.8413
70.6114
58.8429
70.6143
58.846
82.3858
70.6167
70.6181
58.8543
70.6267
58.8572
78.4789
70.6324
78.486
70.6426
70.6429
78.4947
70.6463
70.6522
58.8773
70.6547
70.6553
70.6555
78.5094
70.6585
58.8829
70.661
70.6615
78.5181
70.6666
78.5185
78.5191
70.6701
78.5237
70.6713
58.893
58.8941
58.8947
70.6757
70.6767
78.5308
78.5353
70.6837
70.6847
70.6851
58.9057
70.6876
70.6917
70.6926
58.9117
58.9142
58.9148
78.5568
58.9209
58.9218
78.5631
70.7114
70.7115
70.7133
78.5717
70.7145
58.9302
78.5756
58.9374
70.7287
58.9412
78.5885
58.9421
70.7306
70.7319
58.946
90.3844
70.7364
70.7419
70.7441
70.7449
78.6063
70.7463
82.5383
58.9609
70.7545
70.7576
58.9651
78.6201
78.6216
70.7606
78.6232
70.7612
78.6244
78.6248
70.763
70.7656
78.63
58.9727
58.9734
70.7682
70.7714
58.9784
58.9837
70.7828
70.7846
70.7851
58.9888
78.6524
58.9899
70.788
70.7903
58.992
58.9961
58.9998
70.8007
78.6722
78.673
59.0078
78.6786
59.0103
70.8132
70.8136
78.6826
70.8146
70.8156
70.8167
78.688
78.6888
59.017
90.4941
70.8217
59.0193
70.8277
59.024
70.8292
70.8315
59.0278
70.8346
78.7055
78.7082
70.8378
59.0326
70.841
70.8416
70.8422
78.7139
70.8429
70.8455
70.8454
78.7175
59.0397
70.8499
70.8505
59.0431
70.8528
70.853
70.854
70.8565
70.8569
78.7306
70.8575
70.8592
70.8592
78.7327
70.8602
59.0528
70.8641
59.0548
59.0564
59.057
70.8686
70.8688
59.0591
59.0618
70.8778
59.0668
59.0679
59.0688
70.8836
59.07
59.0732
70.8885
78.7655
59.0742
70.8892
70.8893
70.8942
59.0798
78.7764
78.7797
70.9027
82.7225
78.7843
70.9077
70.9093
78.7887
70.9122
70.9136
59.0959
59.0978
70.9185
70.9209
70.9223
70.926
59.1058
78.8079
70.9276
70.9282
78.8092
70.9293
70.9308
70.9323
59.1106
78.815
78.815
59.1119
70.937
78.8204
59.1154
70.9406
70.9407
59.1177
70.942
70.9429
70.9432
70.9435
59.1201
70.9445
70.9495
70.9497
70.9522
59.1296
59.1306
59.1309
70.9576
78.842
59.1329
70.9598
59.1349
59.135
59.1371
59.139
59.1392
59.1398
78.8577
70.9724
70.9753
70.9772
59.1493
59.1512
78.869
59.1525
78.8724
70.9853
70.9875
70.9894
82.822
70.9933
59.1629
59.164
59.1661
70.9996
71.0017
82.838
59.1703
78.8938
78.8946
59.1734
59.1737
71.0091
59.1742
59.1754
71.0106
59.1758
78.9014
71.0118
59.1776
78.9055
71.0166
71.017
71.017
71.0175
71.0196
71.0199
71.0219
59.1863
78.9156
71.025
71.0261
78.9198
59.1899
71.0283
71.0286
71.0286
71.0289
71.0295
78.9261
59.1946
71.0336
71.035
59.1998
71.042
59.2019
59.2028
71.044
71.0456
59.2067
59.2076
78.944
59.2086
78.9453
71.0506
78.9462
59.2104
71.0539
59.213
59.213
78.9516
59.2137
59.2138
71.0586
71.0588
78.9551
59.2165
59.217
71.0621
71.064
90.8049
71.0656
71.0656
71.0659
71.0661
71.0709
71.0715
78.9693
59.227
59.229
71.0768
71.0775
59.2317
78.9774
59.2332
59.2333
78.9778
71.0803
78.9784
71.0826
59.2359
78.983
78.9831
71.0853
71.0854
78.9846
59.24
71.0884
71.0886
78.9874
78.9899
71.0917
71.0931
78.993
71.0946
71.0948
78.9946
59.2473
82.9476
71.0985
79.0005
71.1019
59.2523
79.0033
59.2534
59.2534
59.2547
71.1059
71.1076
79.0103
71.1096
71.1109
71.111
71.1161
71.116
71.118
59.2661
71.12
71.1202
71.1209
71.1232
71.1246
79.0277
59.2719
59.2726
71.1274
79.031
71.1287
59.2741
59.2741
71.1298
71.1309
59.2761
79.0349
79.0352
79.0367
71.1331
59.2778
59.2788
71.1347
71.1348
59.2791
71.135
59.2796
71.137
59.2809
79.0416
59.2814
59.283
79.0444
71.1431
59.286
79.051
59.2884
71.1471
59.2896
83.0062
90.9116
90.9126
71.1494
59.2917
59.2945
59.2968
71.1563
71.1567
71.1568
71.1572
71.1588
79.0661
79.0663
79.0664
71.1604
71.1613
59.3012
79.0686
59.3015
71.1619
79.0713
59.3037
71.1646
59.3047
71.1667
71.1679
59.307
79.0769
71.1702
59.3091
59.3091
59.3097
71.1718
71.1724
79.0806
59.3113
71.1739
79.0825
71.1744
71.1746
79.0841
59.3131
71.1766
79.0891
59.318
71.1822
59.319
71.184
79.0957
59.3219
71.1864
71.1867
71.1877
59.3234
59.3235
79.0982
79.0986
79.0992
71.1896
71.1907
79.1026
71.1928
79.1038
71.1938
79.1051
71.1956
71.1975
71.1978
59.3328
79.1116
79.1154
71.2039
71.2046
71.2066
71.2081
71.2085
59.3405
71.2086
71.2117
59.3441
79.1285
71.2158
71.2161
71.2165
79.1322
71.2194
59.3495
71.2198
59.3507
59.3521
59.3525
71.2235
59.3542
83.0966
71.2267
71.2269
71.2271
71.2276
79.1419
59.3577
71.2304
59.3588
71.2308
79.1457
71.2313
59.3595
71.2314
71.2317
71.2321
79.1473
79.1481
71.2341
79.1514
79.1518
71.2396
79.1557
59.3671
71.2422
71.2422
59.3687
71.2425
71.2427
71.2432
71.2433
59.3697
59.3725
83.1217
59.3739
79.1655
71.251
71.2513
71.2517
59.3764
71.2523
59.377
79.1709
79.1723
59.3792
59.3795
91.0515
71.2592
59.3829
79.178
79.1781
71.261
59.3845
59.385
71.2631
71.2637
79.1821
71.264
59.3872
79.1833
79.1835
79.1889
79.1898
71.2721
71.2734
59.395
71.275
71.2759
71.2772
59.3978
71.278
71.2785
59.4014
59.4015
59.4022
71.2827
79.2032
71.283
79.2033
71.2833
79.2049
71.2855
71.2857
79.2067
59.4058
71.2875
59.4068
59.4074
71.2893
79.2116
71.2918
59.4103
59.4112
79.2153
71.2957
83.1788
71.2962
59.4141
59.4153
71.2987
71.2993
59.4163
79.2237
71.3015
71.302
59.4185
71.3039
71.3043
79.2275
79.228
79.2286
71.3063
71.3075
79.232
79.2325
71.31
59.4261
79.2357
59.4281
71.3139
