153.16
127.50
174.73
174.62
130.21
166.16
94.42
119.26
178.12
172.37
122.22
155.51
85.44
129.68
124.93
103.17
114.21
73.55
198.41
138.85
179.55
95.10
139.21
177.65
80.24
125.86
76.77
80.13
100.73
156.32
145.80
110.37
131.00
73.33
113.77
105.90
92.67
100.25
56.68
181.48
129.51
164.17
81.41
135.82
169.26
76.41
119.52
68.41
70.27
101.46
96.39
81.22
89.21
52.57
165.29
116.45
147.69
73.42
112.96
140.07
65.32
100.62
57.20
63.44
108.33
89.69
102.63
57.52
86.52
98.81
50.51
80.04
46.56
47.76
136.78
175.83
73.33
122.26
63.27
71.24
130.04
59.92
65.83
57.26
119.05
201.95
198.11
137.93
171.83
84.41
123.94
127.71
99.20
111.78
64.53
224.52
148.95
189.91
94.51
161.37
202.73
86.91
135.57
77.47
75.27
116.89
120.33
90.31
100.24
60.29
223.62
143.53
180.18
88.91
139.93
174.46
76.43
116.14
67.48
67.56
130.59
94.29
108.54
68.82
97.12
112.41
60.58
81.57
52.16
50.92
164.60
203.65
88.78
130.89
76.39
78.16
139.85
68.67
69.78
60.56
110.36
104.28
87.12
93.95
51.57
200.00
139.63
169.27
77.54
133.21
159.57
70.87
113.65
60.84
59.72
115.41
90.80
103.20
54.01
90.15
104.27
52.35
80.62
41.98
41.55
159.91
198.54
80.66
130.15
65.35
67.25
146.53
66.40
67.28
54.94
104.03
82.57
92.91
52.33
78.81
90.32
48.27
70.97
40.04
41.92
134.51
164.55
71.13
114.29
59.58
63.26
109.93
53.87
56.77
47.79
85.68
101.55
53.57
77.53
44.13
46.95
78.54
40.28
43.89
34.49
135.98
61.70
65.45
53.85
52.98
118.16
195.98
182.96
129.54
155.46
77.80
140.75
130.75
106.49
115.32
64.21
238.83
157.09
199.56
91.12
161.47
204.69
78.44
133.97
69.41
71.46
118.04
112.27
90.82
96.94
55.76
210.00
139.85
172.69
79.91
133.33
162.61
66.67
112.54
59.66
63.31
136.84
105.35
118.32
66.51
100.26
112.31
53.94
86.65
49.88
48.88
170.61
214.22
79.51
140.23
68.30
75.53
144.62
59.69
64.06
56.90
109.92
97.55
84.72
87.89
48.73
194.09
132.73
159.31
71.88
125.19
147.19
63.99
104.29
54.56
56.45
123.71
99.24
110.78
54.89
93.38
104.05
49.70
82.62
41.58
41.62
169.86
216.49
76.18
136.43
60.24
66.99
151.53
60.20
63.93
51.89
98.96
82.06
91.18
47.70
76.82
84.75
43.44
70.02
36.94
40.26
131.71
161.36
62.73
113.38
51.80
60.34
110.18
47.47
53.47
45.34
92.99
107.85
49.90
85.19
42.07
47.26
83.25
38.83
42.10
35.25
153.12
55.45
63.44
52.28
51.24
121.33
118.96
96.10
99.02
57.30
233.33
159.40
182.27
84.67
157.21
178.54
73.88
124.90
65.72
60.93
136.23
100.80
111.00
63.74
102.70
114.21
58.12
84.71
48.02
44.69
186.57
221.24
86.61
138.75
70.73
70.18
158.64
67.63
65.93
55.41
115.79
88.73
94.02
57.14
87.96
93.90
51.56
73.08
44.20
42.18
156.39
174.30
75.00
120.97
64.45
64.16
118.49
56.05
54.98
49.00
98.38
110.08
60.41
80.18
49.23
49.05
82.79
44.98
43.88
36.48
145.65
65.23
65.97
55.58
51.62
110.33
91.87
96.70
53.15
84.98
90.55
49.63
75.45
41.45
40.48
155.46
174.37
71.89
124.81
60.00
59.40
121.74
55.80
54.23
46.29
95.51
108.27
54.17
83.00
41.68
43.50
84.16
41.97
42.51
32.71
155.92
62.26
63.38
49.91
52.86
79.54
86.89
48.45
72.91
40.88
42.81
69.31
38.42
40.38
33.54
115.26
52.28
54.33
47.01
43.06
80.00
42.04
44.50
36.24
35.60
49.06
123.43
164.34
178.07
132.98
161.28
77.57
127.75
130.00
112.05
119.25
67.11
195.85
142.34
176.49
86.48
155.87
196.41
80.49
141.04
75.59
79.08
124.79
127.99
105.12
113.19
60.59
197.38
140.21
174.69
78.48
140.07
178.92
69.02
127.08
62.77
69.65
135.31
109.63
120.68
67.65
106.28
118.38
56.44
96.37
55.39
55.67
157.77
200.44
78.56
141.33
70.64
78.57
144.44
61.83
67.74
63.03
106.15
106.54
93.02
92.93
50.33
176.36
126.71
142.40
67.52
134.09
155.09
66.80
110.89
57.49
59.72
117.10
98.00
102.48
52.77
98.90
104.63
51.39
86.54
45.70
44.53
158.55
188.10
75.14
127.34
62.01
66.92
150.21
65.33
68.19
58.11
109.97
91.29
97.01
49.19
89.33
95.82
46.36
79.57
39.46
43.33
137.55
164.49
64.12
116.72
53.32
61.51
118.61
50.46
56.44
48.63
96.96
106.42
50.00
87.09
44.40
48.40
85.82
38.70
42.53
37.16
143.83
57.01
63.68
54.35
52.62
120.23
128.88
106.04
114.44
57.04
214.58
153.53
184.24
78.10
160.70
201.60
73.05
144.49
66.29
67.74
132.12
103.74
115.40
62.44
109.12
124.65
59.59
98.50
52.12
53.16
176.67
217.44
84.76
149.79
72.65
76.18
172.48
70.64
73.58
65.76
126.43
98.53
108.68
57.70
98.26
111.35
52.50
88.29
45.61
48.41
153.25
189.60
73.26
134.57
64.34
68.82
130.83
55.74
58.80
54.32
102.72
117.73
61.48
91.25
53.46
56.43
91.30
45.00
48.52
42.41
148.95
65.85
69.89
62.36
54.71
114.66
96.27
100.74
50.10
94.32
101.83
50.20
85.25
41.27
43.45
155.84
176.53
69.42
129.04
57.82
60.22
134.00
56.99
58.27
50.53
98.89
109.62
53.46
87.93
42.40
46.57
91.37
41.86
45.91
36.08
157.41
63.65
66.73
54.59
58.08
89.08
98.08
48.85
82.33
41.05
45.52
78.08
36.80
41.55
34.35
122.35
52.40
56.21
49.49
44.37
84.52
41.68
46.79
39.37
34.10
50.94
118.92
120.29
101.48
104.04
53.93
200.93
141.70
165.96
72.71
149.38
178.26
67.44
126.74
59.59
62.98
137.20
108.05
117.30
60.66
108.08
118.84
54.41
94.26
49.22
49.09
175.45
216.50
78.64
143.24
64.80
72.06
165.00
62.48
67.65
58.65
123.34
99.27
106.35
53.42
97.26
104.71
48.46
86.25
43.38
45.86
154.96
185.92
67.20
132.49
57.33
65.55
132.42
51.22
56.87
51.72
108.86
121.97
55.95
95.67
49.59
53.42
92.52
41.81
44.27
40.82
160.17
59.02
66.61
58.14
51.69
111.58
93.32
94.80
47.47
91.38
93.35
47.29
78.90
39.59
41.37
154.15
172.36
65.52
119.43
52.27
57.97
130.54
53.22
56.64
47.55
104.48
112.78
51.61
88.58
41.27
46.06
90.65
40.76
43.58
35.58
167.96
59.18
65.76
51.56
55.54
91.14
97.32
45.88
82.35
38.42
44.76
79.40
36.33
41.58
35.26
133.62
48.35
56.45
48.05
45.36
93.35
40.53
46.49
39.76
35.65
51.21
118.00
97.60
100.74
52.77
98.99
104.95
51.30
88.29
45.29
45.56
158.01
174.27
70.17
132.18
61.09
61.86
140.85
57.36
57.61
53.55
102.14
113.40
57.23
88.48
46.96
49.26
93.53
45.02
46.91
40.00
154.75
63.57
66.25
56.08
56.18
91.55
97.13
50.19
82.00
43.71
45.45
80.26
40.00
41.62
37.77
123.74
53.45
55.56
51.74
44.78
85.89
45.45
47.74
41.81
36.71
51.08
92.89
95.90
49.72
83.92
41.62
44.91
81.63
40.97
43.77
36.91
130.13
54.29
55.56
48.78
47.95
88.16
41.87
46.57
37.44
37.24
51.70
77.12
39.77
43.77
39.02
35.97
44.22
38.59
117.53
170.33
167.41
127.99
155.17
89.69
125.89
116.67
100.73
115.82
65.59
180.14
134.75
167.77
92.01
133.67
172.28
80.08
123.57
76.55
77.43
118.78
117.17
94.66
109.75
65.16
192.03
137.09
171.48
92.83
133.88
173.62
80.20
120.66
75.17
79.52
123.92
100.73
119.15
69.93
93.74
114.88
56.80
89.02
54.55
56.34
141.64
183.27
82.57
128.52
76.37
81.71
131.40
65.41
70.82
63.88
108.05
97.45
88.01
94.34
51.52
167.70
131.73
151.18
79.05
124.19
146.12
71.32
109.69
65.78
65.52
111.00
98.60
110.37
56.28
88.38
102.88
48.86
85.55
44.61
44.58
143.42
174.49
76.15
127.49
67.86
69.79
134.55
63.79
66.61
57.45
98.08
84.52
96.21
51.43
77.92
92.22
45.68
74.95
40.73
45.63
126.01
153.78
70.00
113.96
62.79
68.29
112.79
56.57
62.48
54.70
87.16
104.87
49.72
86.49
46.03
50.48
81.92
38.04
44.21
37.14
130.91
59.43
65.28
56.88
53.58
118.48
119.62
93.71
108.03
58.91
218.91
148.84
180.00
91.61
147.53
187.44
82.35
124.91
73.41
71.08
130.23
98.50
117.41
65.73
97.04
121.90
59.20
88.36
49.18
50.21
162.87
206.05
90.27
132.57
77.17
76.89
148.02
71.43
73.32
60.91
120.62
88.48
104.35
61.81
88.21
109.41
56.29
77.85
46.48
49.69
150.99
189.67
86.13
122.58
74.45
75.86
125.36
65.18
67.82
57.79
95.67
120.60
64.48
85.05
53.57
57.20
86.71
45.66
50.95
39.09
139.45
71.68
74.77
62.60
56.86
110.53
92.86
103.50
53.48
84.38
99.29
49.62
79.34
40.90
42.96
150.39
174.77
77.47
126.45
66.60
65.28
123.57
61.18
61.95
51.99
95.76
115.83
55.92
90.14
45.00
48.39
88.37
41.05
46.70
34.24
149.17
67.49
69.26
55.82
57.02
78.91
95.67
49.42
75.79
41.36
46.02
72.20
36.46
43.71
33.67
115.87
58.50
61.73
52.43
48.32
83.82
42.35
49.36
38.80
34.90
53.26
120.37
111.99
93.91
102.72
55.68
209.95
145.32
174.34
84.96
139.93
174.09
73.01
118.75
66.95
66.81
133.70
106.50
123.50
64.00
96.87
116.97
51.79
89.20
46.52
46.93
164.49
212.68
80.93
136.80
69.42
73.51
145.38
61.57
65.62
55.60
112.79
89.86
102.69
55.77
85.24
100.49
47.67
77.66
42.89
45.69
145.95
182.65
73.75
123.43
65.39
70.65
124.18
56.67
61.21
54.48
98.02
120.48
54.84
90.80
48.65
53.39
86.45
39.48
43.40
36.76
145.31
60.83
67.43
57.91
51.12
103.79
90.99
98.31
49.40
80.50
89.63
43.28
75.35
38.31
39.89
143.30
168.25
68.93
120.42
59.96
61.78
118.05
54.83
56.85
49.11
98.03
115.83
50.09
92.52
42.17
46.70
86.74
37.07
41.39
32.74
155.36
59.63
64.55
52.24
52.30
76.37
89.32
41.38
74.95
36.61
42.51
70.39
32.20
38.79
32.25
117.56
50.09
56.35
49.11
45.64
87.59
36.94
44.09
36.71
32.47
49.30
120.56
94.63
103.58
59.23
91.20
105.37
53.05
80.26
45.09
44.68
165.04
190.16
81.89
127.73
70.95
67.36
133.74
63.24
61.63
53.35
102.62
124.44
62.08
89.00
49.48
51.38
91.24
44.38
47.20
35.67
153.07
69.31
70.17
56.42
55.22
83.95
97.68
53.31
73.82
44.34
46.41
74.30
39.78
43.01
34.50
120.47
60.95
61.71
53.50
47.65
85.68
46.12
50.38
39.17
35.19
53.27
87.44
98.46
50.76
81.86
42.50
44.96
76.43
38.55
42.64
33.71
128.10
59.64
58.94
50.35
48.15
92.66
43.07
48.82
36.63
35.91
53.21
69.42
36.72
42.38
34.89
33.02
44.61
36.68
118.39
121.05
104.49
112.66
58.18
189.02
144.26
164.14
82.20
150.00
183.86
77.14
132.87
71.80
73.91
128.91
109.58
120.87
64.01
104.18
121.09
56.20
98.82
53.26
54.18
160.75
194.54
82.80
140.43
74.85
78.30
152.67
68.98
73.64
66.33
126.45
103.10
115.45
59.39
100.00
117.84
53.20
92.91
47.60
53.13
156.30
193.24
77.76
137.37
70.10
76.72
139.93
61.72
68.25
62.06
106.43
125.82
58.72
100.24
54.72
59.44
94.51
43.19
49.07
43.71
150.38
66.25
72.68
65.72
56.79
109.25
97.10
98.06
48.73
91.94
97.72
46.69
82.98
40.70
42.10
152.09
164.25
71.13
122.41
61.87
62.66
130.26
60.41
62.02
54.17
103.58
112.43
51.81
94.02
45.54
48.08
91.55
40.46
44.61
37.11
153.66
65.50
68.21
57.80
59.17
90.36
100.00
45.63
84.36
39.93
45.68
80.27
34.25
41.71
34.83
128.57
55.57
60.89
53.83
49.91
91.90
39.89
46.65
40.79
33.45
53.79
122.10
99.05
109.74
54.35
98.80
117.66
52.73
92.45
44.47
48.67
163.40
194.33
78.48
137.84
68.79
69.43
147.15
63.69
66.53
59.16
106.35
127.73
61.72
98.06
51.29
56.11
100.49
45.86
53.09
42.13
162.72
71.98
75.63
64.27
62.31
93.69
112.18
54.10
86.65
45.35
50.91
85.33
39.34
46.46
37.82
132.43
61.86
65.60
58.79
50.61
94.21
48.36
55.68
46.07
37.59
58.29
94.43
103.99
49.52
87.75
40.36
44.96
84.30
37.63
44.33
34.50
134.68
59.63
60.59
52.18
51.19
97.44
43.65
51.63
39.89
37.50
57.95
78.30
36.76
44.38
36.66
31.97
47.28
38.54
120.38
100.23
106.73
53.44
97.65
109.42
49.41
88.74
44.14
46.68
164.34
191.22
74.22
134.43
64.41
67.79
146.50
60.23
64.49
57.06
109.64
127.70
56.64
98.80
48.73
53.42
97.26
41.82
47.24
39.60
167.84
64.83
71.45
59.49
57.37
96.16
110.27
49.81
88.79
43.58
49.62
86.47
37.96
44.55
38.64
143.95
57.42
64.46
57.58
51.28
98.97
43.53
50.91
43.90
35.51
55.48
94.72
100.00
46.31
84.91
39.37
44.06
81.96
36.33
41.96
34.65
141.28
56.55
60.22
51.10
51.39
100.00
40.71
48.64
38.75
35.49
55.87
82.54
35.33
44.05
37.87
33.83
48.83
38.34
93.78
104.55
51.20
85.49
43.55
46.72
86.90
40.33
45.69
38.02
134.85
60.45
61.44
54.83
52.29
96.18
46.18
53.08
41.83
39.16
57.35
78.16
39.62
45.17
38.57
34.69
48.40
40.46
82.74
39.13
45.96
37.86
36.20
49.17
40.52
36.42
143.31
206.17
204.29
149.47
201.36
96.68
155.11
153.25
136.21
152.52
77.21
240.85
172.06
228.88
111.99
177.38
242.13
98.67
172.33
90.70
100.74
145.05
150.15
120.41
137.02
71.58
254.42
165.58
220.96
105.85
163.57
226.73
91.79
150.00
78.26
92.54
161.52
129.26
146.47
80.29
128.30
150.00
68.74
119.47
65.62
67.53
190.23
257.34
105.17
169.52
90.13
103.25
178.49
78.18
90.26
79.30
132.97
122.04
113.03
121.08
60.53
219.81
161.48
202.76
95.13
148.51
190.74
84.18
141.24
72.95
82.39
140.46
126.13
137.33
67.23
118.08
132.66
59.64
116.89
57.03
57.18
186.07
245.45
98.71
171.83
83.86
93.89
179.41
78.94
88.29
76.46
131.23
110.07
122.69
63.06
104.06
119.35
56.61
99.52
49.78
57.05
166.93
217.39
90.68
149.82
74.11
89.22
144.36
65.58
79.42
66.60
116.58
133.82
62.63
110.94
56.47
61.80
108.99
48.78
54.74
49.57
178.39
76.48
88.62
74.59
69.96
148.32
152.37
124.51
141.41
67.61
274.44
186.16
241.44
106.27
178.17
238.50
93.65
165.35
79.81
86.10
161.83
127.56
144.31
75.77
130.38
154.63
70.36
121.57
60.86
60.83
208.06
267.37
110.84
176.96
91.81
98.13
193.18
84.14
91.59
77.22
161.44
117.41
133.52
73.02
118.67
141.12
68.07
104.48
55.61
59.19
199.08
255.38
106.12
160.98
84.99
94.51
157.60
72.84
82.14
67.83
127.30
148.80
78.17
108.48
63.37
66.23
113.56
56.16
60.42
49.89
181.30
87.09
94.72
77.41
69.53
137.08
117.86
128.21
63.80
106.68
121.53
57.87
104.17
49.36
51.61
181.61
223.37
93.87
161.67
77.02
83.41
147.37
67.74
74.38
62.15
117.22
133.83
64.52
110.38
53.05
55.70
109.38
48.69
52.62
43.33
178.73
79.91
86.22
69.57
68.51
106.12
122.39
62.67
98.56
51.13
57.26
92.68
44.86
52.10
42.86
148.95
70.62
80.12
65.75
57.61
101.62
51.06
56.52
46.64
42.11
65.83
146.45
143.65
122.87
134.40
62.63
253.93
169.88
220.69
94.86
166.38
221.76
82.51
153.06
70.02
80.24
174.43
140.88
157.91
75.95
138.63
161.76
65.32
130.23
59.63
61.35
216.67
295.48
102.18
187.01
82.91
96.30
208.96
75.06
87.17
73.20
147.16
114.94
128.61
64.25
114.55
132.00
58.03
104.44
50.22
55.38
182.33
237.19
89.30
153.99
71.52
86.18
157.44
62.35
75.00
62.96
134.10
157.06
69.87
119.84
59.64
65.43
122.44
51.40
56.30
50.11
197.75
75.65
89.07
73.19
65.76
129.88
114.97
123.12
58.93
103.88
114.48
52.24
101.71
45.99
50.22
170.26
215.59
84.23
151.98
67.58
79.16
146.25
61.10
71.28
59.09
127.59
145.65
62.78
121.12
52.83
58.80
119.31
48.12
52.98
45.75
203.47
74.36
86.65
68.34
68.48
102.83
116.67
54.17
98.80
45.47
54.66
94.46
40.67
49.39
42.32
152.79
60.83
75.25
61.49
56.02
115.34
48.86
56.36
48.26
44.03
65.40
153.59
123.97
132.94
69.34
122.90
138.24
64.09
113.19
55.20
54.79
199.50
238.29
96.25
166.06
79.19
83.49
169.57
69.77
74.79
63.68
135.28
155.02
75.41
118.28
60.58
61.73
126.75
56.28
58.30
48.23
198.98
82.67
88.84
70.73
68.58
114.82
127.57
67.92
99.27
54.82
57.48
101.27
50.70
54.02
45.54
154.78
71.75
78.51
65.19
57.20
111.94
58.82
61.68
50.00
46.47
66.34
109.55
118.82
61.32
105.12
52.11
54.96
97.42
46.39
49.70
42.75
149.77
67.54
72.35
60.63
55.09
111.02
51.80
55.36
45.13
43.49
62.95
90.36
47.50
52.93
45.62
41.65
54.93
44.84
145.07
149.35
132.17
140.37
68.10
235.47
168.60
206.98
97.86
168.35
221.05
88.20
158.87
77.86
89.85
160.83
138.00
146.26
77.32
134.97
149.84
68.13
128.93
66.85
67.36
196.55
251.26
105.04
175.10
91.12
102.86
187.17
81.47
93.26
83.81
163.52
130.41
141.69
72.68
126.91
144.41
65.75
116.54
57.69
64.58
190.25
247.64
96.86
165.13
80.60
96.36
159.92
68.24
82.18
71.09
136.05
152.00
74.22
122.49
67.29
71.66
117.17
54.00
59.44
55.16
183.19
81.44
93.89
81.55
68.38
138.46
123.86
122.63
63.02
115.61
119.69
58.99
107.27
52.34
54.65
184.02
215.91
91.86
152.94
75.33
84.28
150.65
69.57
78.23
66.38
129.70
133.96
65.72
116.54
58.63
60.22
113.45
51.80
54.27
49.09
186.45
82.86
91.01
75.59
73.92
120.99
128.94
63.78
108.72
53.70
61.45
101.09
46.22
54.41
46.41
160.96
70.51
83.01
69.22
60.55
112.17
53.54
58.64
52.31
42.74
69.43
156.61
130.42
139.70
70.68
127.60
146.38
66.51
123.66
58.54
62.32
196.12
242.35
98.84
173.36
83.88
92.16
170.37
72.44
81.59
72.52
132.93
148.75
76.85
122.10
65.99
68.88
124.27
57.32
63.00
55.13
190.00
88.05
96.58
82.38
74.73
125.71
143.04
73.65
113.11
60.90
66.82
107.83
52.06
58.96
50.41
161.28
76.11
85.96
74.27
59.93
112.74
62.11
67.24
57.84
46.46
71.37
119.37
125.08
65.45
112.06
55.56
59.48
102.47
48.44
53.46
45.73
155.71
72.96
78.59
67.35
59.45
109.89
54.57
58.98
49.90
43.35
69.25
99.18
51.84
58.70
50.49
41.18
59.81
46.31
151.67
126.65
132.85
64.76
125.53
137.79
60.78
117.63
54.44
58.65
187.85
231.84
89.59
160.66
73.18
85.58
168.72
66.26
78.21
67.39
142.09
158.28
72.08
127.22
62.12
67.22
130.16
53.85
59.81
53.58
207.11
79.49
93.32
76.14
71.34
125.71
139.56
65.14
113.14
54.68
62.56
110.80
48.49
56.42
49.59
171.17
67.64
81.84
69.03
59.32
124.78
57.23
64.22
56.18
46.14
68.95
120.00
122.93
61.06
108.86
51.68
57.76
103.82
46.75
52.94
45.72
165.02
67.93
78.51
63.95
60.66
122.81
54.02
60.51
50.84
45.56
70.43
106.36
49.17
58.90
50.70
44.06
61.16
49.57
121.84
130.67
67.76
113.61
59.08
61.47
113.41
53.21
57.66
52.15
156.94
72.08
78.19
69.25
61.43
117.89
59.95
64.42
54.98
49.34
69.41
101.85
55.13
59.83
53.13
46.24
59.66
51.21
100.83
52.98
57.36
51.64
44.82
58.27
47.86
48.44
143.66
140.75
121.78
138.30
66.22
236.77
170.50
213.76
110.35
163.27
219.91
96.38
153.21
86.02
94.57
157.14
135.39
152.84
77.35
124.73
151.46
64.49
125.34
61.26
63.98
186.40
244.39
108.14
170.37
95.78
103.57
177.25
82.80
92.90
80.74
152.51
119.10
137.09
72.19
116.07
143.73
64.87
108.73
55.64
64.53
185.17
248.29
108.62
159.49
90.83
104.44
162.84
78.32
92.46
76.89
127.79
154.60
72.99
119.90
65.00
71.50
117.19
52.35
60.94
52.25
177.82
86.90
98.54
83.15
72.46
128.13
118.91
125.82
61.21
102.96
116.39
52.28
103.17
47.97
51.72
172.80
211.11
95.55
155.94
83.11
88.33
145.59
72.46
79.82
68.32
123.18
139.08
62.37
122.60
57.64
60.41
112.66
46.68
52.44
46.14
181.15
83.99
90.30
76.62
72.16
104.23
120.62
56.70
101.19
49.57
58.22
94.12
40.94
52.13
43.99
151.95
74.45
85.65
71.73
64.24
110.73
49.59
57.42
50.32
41.75
70.56
158.75
123.85
140.85
72.18
118.70
148.10
66.59
112.50
54.52
59.01
204.23
262.50
113.53
169.16
93.45
97.61
168.86
80.66
88.73
71.95
134.68
163.81
80.54
123.43
65.38
69.38
125.35
56.32
64.60
49.77
192.00
95.83
102.30
81.78
76.12
118.96
146.50
76.41
103.75
58.16
65.93
105.10
51.90
62.59
47.08
166.95
88.12
97.87
77.10
67.40
118.08
63.43
72.45
55.18
48.02
77.68
112.47
128.18
63.43
109.02
52.81
57.17
97.74
44.38
52.08
41.57
157.96
79.10
83.03
68.10
61.17
117.58
55.02
62.01
49.04
43.75
72.26
93.25
47.23
57.30
45.60
39.89
62.70
46.65
147.37
121.45
134.96
65.48
114.13
136.81
56.98
110.13
50.57
55.48
189.08
250.58
97.48
161.16
80.94
89.63
165.49
70.95
81.22
67.48
139.13
168.83
71.33
131.28
61.18
67.70
129.29
50.11
58.33
48.64
205.14
83.09
94.88
75.88
70.39
111.79
134.12
61.15
102.90
50.64
59.50
103.35
44.25
54.41
44.76
165.67
72.91
86.09
69.72
62.45
123.74
53.94
63.82
52.26
43.90
70.40
106.85
119.01
54.08
105.39
47.96
53.88
95.19
39.61
47.16
40.71
156.00
69.39
76.92
63.62
59.08
124.78
50.11
58.41
48.52
42.32
69.04
92.33
39.85
50.43
43.03
37.57
58.23
44.09
121.65
141.91
71.91
110.67
58.78
62.00
111.40
51.60
58.53
46.68
171.50
82.47
86.87
70.36
64.36
131.19
63.72
71.39
54.32
49.89
74.95
98.94
53.70
62.01
48.22
44.73
64.17
52.72
99.18
49.40
55.82
46.63
41.03
59.15
49.14
42.18
150.62
129.73
135.38
67.44
121.94
139.06
61.88
116.31
54.81
59.74
195.71
239.78
104.72
165.86
89.81
97.64
166.95
78.42
89.05
76.42
139.08
154.74
74.35
129.46
67.58
70.76
122.38
54.14
61.49
53.90
190.72
92.67
101.82
87.13
77.59
129.10
148.39
70.57
115.97
58.49
67.67
110.43
49.05
60.50
49.44
177.25
83.47
96.77
80.94
68.21
123.55
60.17
68.75
59.14
45.51
77.78
120.11
121.12
60.28
109.14
52.77
55.41
98.10
43.80
49.55
42.23
163.18
80.26
84.32
70.91
64.94
119.94
55.88
60.18
52.27
43.07
77.02
101.94
47.77
57.05
48.34
39.11
66.80
47.33
124.86
142.48
72.22
116.14
59.52
64.56
111.72
51.39
60.85
49.00
170.09
86.04
92.88
77.91
67.80
126.63
66.11
74.82
60.43
51.21
82.70
106.47
57.02
67.55
53.42
44.71
69.71
56.16
102.17
51.80
58.33
48.47
40.50
64.05
51.62
44.69
125.86
139.54
65.41
115.12
55.82
61.90
113.04
48.42
58.06
48.80
182.41
78.88
89.61
73.71
68.00
136.14
60.14
70.38
57.79
48.80
78.74
111.55
51.74
63.55
52.34
45.22
68.72
53.52
105.54
48.72
56.78
48.39
41.25
65.30
51.36
46.35
108.55
57.39
65.12
54.47
48.64
67.97
58.94
50.83
48.45
155.28
214.29
226.03
170.00
200.00
108.48
167.61
173.04
143.85
157.26
94.92
258.40
189.18
220.23
127.00
200.00
234.84
117.73
174.64
105.66
105.37
157.14
171.47
135.11
147.35
86.38
275.47
190.60
226.09
118.86
197.68
237.39
110.11
170.74
96.11
98.81
179.46
138.29
152.72
96.52
141.81
158.76
89.33
123.00
76.12
75.30
212.60
250.65
123.15
176.45
106.36
110.00
185.77
96.19
98.34
86.80
149.44
145.73
123.21
132.09
72.49
253.17
183.97
209.29
105.40
179.92
204.93
100.00
153.99
82.73
84.91
170.46
138.23
152.26
85.13
133.71
149.71
81.56
120.21
64.01
65.72
222.83
255.29
119.31
182.28
96.40
101.13
191.91
94.02
97.00
79.03
151.33
119.90
133.06
73.57
118.77
132.61
72.85
105.95
54.80
60.91
195.36
227.05
104.74
163.81
84.70
92.38
161.48
78.96
84.86
69.81
128.65
147.34
81.38
114.86
62.98
69.12
112.57
58.25
64.04
48.44
185.59
90.09
96.15
78.88
73.85
156.56
172.87
138.01
144.60
78.14
300.54
218.94
234.65
118.05
227.35
249.00
113.37
189.74
98.77
89.70
180.25
136.77
145.26
89.20
146.38
159.89
90.35
122.74
70.98
65.99
247.09
259.43
131.98
187.35
111.05
102.96
208.70
106.92
99.79
84.86
176.45
130.13
135.91
82.78
139.34
149.15
85.15
113.55
65.02
62.36
246.60
259.07
124.46
186.67
105.46
98.59
191.10
95.90
89.87
77.97
140.24
150.72
95.70
110.64
72.75
69.98
117.48
69.36
67.30
51.17
194.81
108.81
101.49
86.09
78.56
165.61
132.47
139.22
74.77
127.89
137.75
74.51
112.29
56.14
55.17
236.59
246.77
112.70
187.39
92.51
88.04
180.95
86.26
82.16
68.02
139.22
152.76
86.40
117.63
62.82
63.44
118.28
61.88
62.97
44.56
207.58
101.12
97.26
77.59
76.71
123.69
134.04
77.70
106.21
58.00
59.83
102.68
54.81
58.04
42.42
176.89
88.46
86.11
72.60
64.27
107.36
62.19
64.13
47.68
43.74
73.16
160.90
163.25
136.54
144.38
79.90
293.48
210.39
241.71
116.00
213.64
245.83
106.35
185.34
93.40
93.17
190.16
149.10
163.24
95.07
147.26
165.23
86.72
129.89
70.77
70.90
252.79
290.58
126.79
203.49
104.80
109.35
221.57
96.94
99.55
84.56
162.58
127.96
137.82
79.16
130.35
141.53
76.57
114.21
62.35
64.27
227.01
256.02
110.66
186.67
94.85
99.30
190.62
85.43
87.63
78.49
140.42
158.41
87.32
120.86
69.21
73.46
120.39
62.24
64.77
52.68
206.36
95.13
99.57
85.37
75.66
154.40
127.73
137.64
73.32
118.06
128.37
69.98
108.15
53.47
57.05
221.00
250.58
106.40
183.33
85.10
90.49
176.74
79.25
82.55
67.75
140.06
160.26
84.62
125.14
61.31
69.19
119.55
58.35
63.96
46.19
225.26
93.56
100.68
78.07
76.08
113.10
126.18
68.79
104.94
52.38
60.45
99.26
49.79
57.05
43.53
176.64
77.78
84.72
71.61
64.20
112.71
56.57
64.38
49.14
44.49
72.57
168.25
137.19
136.13
82.17
140.96
143.55
82.14
120.68
67.22
61.10
263.24
253.30
120.86
205.21
105.84
94.90
215.46
97.88
87.56
79.46
144.11
152.07
94.01
117.66
71.46
68.14
124.11
69.91
66.52
51.48
215.35
108.61
100.44
84.21
80.97
128.65
128.98
82.58
105.94
65.41
62.01
108.68
63.58
60.90
49.59
191.79
98.14
88.79
81.29
71.07
107.82
68.81
66.02
51.69
48.41
76.89
128.17
132.22
78.52
114.00
61.43
60.92
106.38
57.93
57.81
45.16
194.36
91.13
85.06
73.82
66.67
114.73
64.22
65.49
48.51
46.98
75.20
95.31
56.64
57.84
47.47
44.01
65.38
45.51
156.10
177.17
143.89
156.70
78.74
274.36
194.47
224.41
106.70
216.52
265.00
107.14
189.54
91.35
96.28
190.13
148.71
162.72
92.61
156.17
176.87
92.01
138.87
75.68
77.84
243.33
283.08
127.55
199.59
105.88
112.65
225.47
102.37
108.55
93.33
187.88
142.78
157.76
82.05
150.88
171.85
84.05
132.42
65.03
71.39
237.04
288.57
113.79
197.93
94.69
103.84
207.73
87.22
94.95
82.37
155.11
176.33
94.67
133.33
75.38
81.23
132.95
66.91
72.75
58.41
217.43
100.00
107.56
92.52
80.78
167.55
132.55
139.12
70.56
134.46
146.28
75.36
116.24
54.52
58.33
233.85
262.35
107.77
177.59
82.41
87.95
189.95
82.81
87.79
69.20
152.24
167.12
89.41
127.30
64.34
70.26
129.13
63.88
69.64
49.44
230.00
100.24
106.34
81.94
82.96
136.76
152.41
77.31
117.92
55.28
64.07
115.66
53.33
62.62
44.05
195.65
82.30
90.76
73.23
66.60
125.08
62.47
70.76
52.68
45.23
77.43
179.52
141.39
148.02
76.10
152.69
168.56
82.28
135.98
63.81
64.29
261.50
282.21
117.28
212.15
99.05
96.20
234.04
94.84
93.33
82.60
153.73
167.52
97.15
130.11
73.75
74.94
139.71
72.54
75.24
57.60
236.08
112.53
110.44
93.55
89.77
146.15
159.06
86.80
124.27
65.80
68.16
126.58
62.59
66.36
51.00
212.25
96.61
95.44
85.20
72.55
124.36
73.85
76.15
59.82
50.97
84.31
142.26
150.51
79.95
122.74
58.65
61.32
120.51
57.60
61.37
44.31
210.00
90.69
88.74
73.98
68.93
127.93
68.17
72.58
52.36
49.25
82.51
113.43
58.77
63.81
48.78
42.37
67.97
49.35
167.32
133.70
143.20
73.85
140.12
154.55
77.05
126.59
60.85
64.81
236.36
268.24
109.39
197.30
89.64
96.45
219.58
86.83
92.81
80.41
150.16
170.43
90.84
130.62
68.12
75.60
134.77
64.76
71.77
55.28
238.50
99.54
108.78
88.31
84.48
136.71
151.48
78.01
121.83
60.23
67.94
122.50
58.17
65.62
52.65
211.94
86.38
94.29
83.15
73.39
126.95
64.69
72.90
57.81
49.04
80.67
130.52
140.33
74.82
114.47
53.89
61.47
112.15
54.11
61.52
44.56
205.49
83.33
90.54
71.76
69.78
127.64
62.68
73.24
51.47
48.57
81.29
111.11
53.98
64.55
49.69
45.64
69.70
50.33
134.09
137.58
79.51
119.16
63.58
63.41
123.81
63.25
64.65
53.39
203.55
94.59
90.32
82.76
76.61
119.61
69.91
72.56
56.67
53.89
83.91
108.11
61.84
63.39
53.60
49.21
72.86
52.09
109.47
60.08
63.33
51.23
47.67
70.39
52.16
48.30
152.97
160.28
136.76
154.25
78.76
242.06
187.77
209.24
113.83
191.85
225.99
108.01
174.07
98.07
97.09
172.88
145.07
164.59
91.00
139.58
167.73
82.84
135.95
71.65
74.14
207.45
239.08
118.94
180.29
105.78
106.18
191.02
95.83
98.74
86.82
168.06
133.68
152.05
83.16
137.23
164.35
82.40
127.81
66.75
73.83
214.88
252.43
117.99
183.78
103.87
107.41
193.47
94.48
99.55
88.00
140.33
168.48
88.47
130.83
74.37
80.54
129.35
64.09
71.91
57.66
191.20
98.47
102.80
90.43
79.66
153.43
135.03
148.96
73.54
124.00
142.69
69.91
120.51
55.91
59.57
206.22
230.15
106.76
180.88
92.15
91.92
175.10
84.91
86.75
73.64
143.73
168.77
83.07
140.00
67.86
72.97
129.97
59.43
66.52
50.11
208.56
96.70
99.13
82.93
78.34
121.41
142.72
71.56
117.57
56.92
65.22
111.92
51.61
62.59
46.78
177.78
85.35
90.38
78.07
70.86
124.57
59.69
68.84
54.48
46.09
75.65
171.66
135.90
146.88
78.22
139.73
162.35
80.24
126.79
62.59
62.32
242.72
253.48
122.50
191.42
106.25
96.11
203.60
98.60
93.29
80.69
148.82
172.56
94.79
130.56
73.62
73.88
136.03
68.53
72.56
53.27
210.00
111.38
105.18
88.28
83.95
135.92
154.81
87.60
116.15
66.09
68.37
121.96
63.62
69.59
50.88
197.22
105.04
99.76
86.79
77.92
125.29
73.22
77.49
58.00
51.84
84.12
136.62
153.82
78.65
127.01
61.17
62.36
118.35
55.83
60.73
44.06
199.03
95.20
89.38
76.55
70.02
137.50
68.64
73.79
54.03
49.38
81.49
109.63
57.33
63.81
48.41
43.98
70.56
50.22
161.96
135.47
150.30
78.13
131.73
154.18
73.81
126.98
61.59
65.25
229.05
261.93
113.32
196.02
99.28
99.75
204.29
90.41
92.69
82.39
147.49
178.03
87.47
139.77
70.62
77.78
135.59
60.81
68.84
53.50
221.36
98.40
103.41
87.02
79.65
124.66
145.51
74.77
117.46
60.79
68.54
118.23
56.28
65.38
52.50
197.17
90.69
95.19
85.75
76.56
126.69
61.74
71.43
57.11
47.97
78.51
124.06
142.53
70.34
123.04
56.80
63.12
111.11
50.41
58.11
44.70
195.00
85.62
88.32
75.82
69.57
137.15
61.06
71.77
53.95
47.11
78.65
103.84
48.88
59.12
47.96
43.18
68.37
47.43
136.13
147.74
83.75
122.34
67.76
66.51
124.93
63.33
65.81
51.88
208.38
104.13
94.54
85.42
78.60
132.43
73.14
76.85
58.11
53.80
84.73
106.93
62.76
66.20
53.02
50.21
76.85
53.41
115.38
60.34
64.04
51.56
46.53
72.42
54.41
45.68
165.77
138.14
151.20
73.10
142.20
167.86
76.43
135.26
60.48
66.33
228.83
257.84
112.35
192.18
96.03
98.30
212.04
92.05
97.84
84.63
155.23
181.43
90.95
144.51
73.79
80.44
143.60
66.06
75.82
58.95
227.23
105.29
110.76
94.44
88.03
146.26
173.01
82.40
134.45
63.70
73.90
136.00
59.55
72.66
54.61
218.57
95.57
103.30
90.44
80.40
142.51
69.37
80.83
64.41
52.13
87.03
138.89
153.42
73.77
126.61
55.82
60.56
121.97
52.80
60.76
43.10
207.11
89.59
91.43
75.16
72.33
145.57
67.21
76.33
56.50
50.00
86.07
122.62
54.41
65.84
49.56
43.48
73.16
52.22
141.55
160.07
79.65
129.28
60.97
63.94
134.20
59.14
66.99
49.32
217.19
99.52
96.30
84.58
78.64
143.60
75.18
83.13
62.47
56.69
92.77
123.82
62.90
71.39
54.17
48.49
79.19
59.21
125.15
58.79
64.86
48.34
43.90
72.77
57.82
46.22
134.25
153.31
74.94
126.80
59.17
66.51
129.19
56.40
67.22
51.92
219.58
92.29
98.09
84.84
80.76
143.35
66.59
79.90
60.50
53.22
88.42
122.90
57.75
70.59
56.50
51.48
80.69
56.15
119.70
54.78
65.23
49.69
45.68
74.89
56.26
49.57
117.34
61.25
67.15
54.35
51.61
79.20
60.36
51.62
50.63
183.72
204.79
173.22
193.87
91.44
312.08
225.48
271.36
134.96
237.76
296.97
130.75
224.47
110.38
122.25
220.65
181.87
199.09
108.01
192.33
221.23
106.27
182.66
91.74
95.10
271.93
324.76
156.53
236.18
130.13
140.99
264.81
123.16
134.76
114.77
211.00
161.31
177.98
93.96
176.40
203.62
99.47
158.52
77.02
85.52
265.64
323.56
147.34
221.46
116.10
130.83
239.56
108.73
123.57
100.97
178.81
203.55
109.69
155.96
86.27
92.41
167.68
81.04
89.06
71.39
244.40
123.81
135.73
110.30
101.39
193.75
165.47
178.19
88.75
160.17
180.33
87.44
155.27
70.35
76.80
257.94
305.17
138.70
227.19
110.59
121.84
220.09
102.42
114.43
93.10
181.13
204.58
105.14
169.44
83.96
90.30
169.26
77.93
86.18
68.59
265.67
125.77
137.17
109.52
104.96
155.94
176.51
92.37
142.16
69.19
80.25
141.91
65.61
78.92
59.76
221.46
106.89
121.72
96.51
87.82
149.85
75.50
85.26
66.11
59.31
99.29
217.25
172.81
180.70
93.77
185.27
206.25
100.00
169.60
79.28
78.80
307.03
323.70
151.99
249.03
124.68
123.48
260.71
116.13
118.48
100.00
188.06
202.31
116.16
159.83
89.54
87.94
176.51
88.41
90.67
70.65
263.55
138.83
136.66
111.58
107.25
177.36
189.26
110.36
144.08
79.80
81.55
155.20
80.05
85.22
64.03
246.53
127.32
127.57
103.86
93.23
148.82
89.97
91.11
68.19
64.53
103.99
168.83
181.27
97.40
153.50
75.69
77.37
147.32
69.86
74.57
58.28
236.60
114.70
115.46
95.36
84.73
154.21
82.37
85.42
65.22
60.56
100.00
133.04
72.79
79.19
60.65
54.99
87.44
58.60
201.38
165.69
180.52
88.71
173.73
197.87
90.72
168.55
74.74
81.48
269.19
320.36
136.15
238.46
110.15
123.63
254.21
103.63
116.97
99.22
191.89
220.44
110.25
176.19
86.38
95.52
189.96
81.79
92.63
74.52
286.96
123.60
139.05
111.22
106.30
157.23
176.07
90.91
141.23
69.05
78.57
151.65
69.10
80.25
63.88
234.31
105.15
119.01
97.85
89.93
156.60
77.51
87.92
68.27
63.07
98.84
152.24
170.32
86.84
148.70
68.09
77.84
142.33
63.33
74.26
59.17
227.37
101.45
115.45
92.65
85.47
164.43
77.04
90.03
68.43
63.57
101.77
126.63
61.01
74.08
58.39
54.40
84.00
58.91
172.52
178.62
102.96
154.14
82.56
81.12
165.05
81.75
84.03
69.85
248.89
121.12
118.81
102.99
95.40
160.06
91.32
93.12
72.53
71.53
105.15
132.85
79.22
81.39
65.22
64.47
92.20
65.34
134.25
73.96
77.14
64.82
58.57
85.42
63.66
56.60
210.28
169.74
181.91
91.11
181.35
207.92
96.98
171.84
77.48
85.89
274.00
326.54
145.01
229.91
115.00
130.31
250.78
108.37
125.91
104.53
193.69
214.86
118.31
172.21
93.63
101.16
181.79
86.80
98.23
79.08
272.96
135.36
151.82
122.75
114.02
181.13
204.41
106.91
157.77
78.88
90.73
162.81
75.43
90.16
68.13
251.24
116.39
134.76
108.48
94.52
162.26
88.11
99.18
77.10
64.57
109.05
173.23
185.94
100.00
153.35
74.69
81.79
150.66
70.48
80.81
60.20
245.76
115.22
128.70
98.99
91.07
166.67
88.73
98.18
73.44
65.00
113.90
146.13
74.81
88.92
65.53
56.97
94.54
65.25
180.58
194.03
108.07
161.79
83.63
86.34
170.00
80.41
88.64
70.39
256.98
125.20
130.40
110.03
97.73
163.81
97.77
103.12
80.51
72.92
117.87
149.23
85.79
93.65
72.06
63.72
99.51
71.92
145.81
80.05
85.43
67.51
57.58
92.40
69.15
61.72
165.81
184.15
96.12
154.10
74.33
84.38
163.45
73.20
87.32
69.95
245.25
109.56
127.25
103.82
97.00
170.88
86.90
102.71
78.25
71.55
113.19
145.11
73.52
88.28
68.89
64.22
95.92
68.84
140.00
72.14
85.50
65.78
59.74
93.21
70.83
62.72
141.69
82.96
88.35
74.76
70.22
97.77
75.77
67.46
65.23
201.29
169.64
185.44
90.05
173.75
207.69
91.56
172.04
75.54
83.67
258.44
304.28
146.09
227.12
123.14
130.31
239.82
113.16
125.33
106.04
191.69
222.68
110.61
183.03
93.04
99.72
188.49
81.61
94.31
76.60
258.04
132.75
142.27
119.53
109.83
172.51
201.39
101.67
154.89
76.46
88.39
166.25
73.93
91.51
68.31
247.17
123.82
138.25
112.01
102.42
170.66
85.01
98.37
76.19
66.50
110.07
164.91
186.91
90.13
163.02
74.32
80.55
152.63
64.76
76.01
60.15
237.50
115.57
123.14
102.30
92.05
181.76
84.28
94.65
76.28
64.68
110.80
142.99
66.99
81.51
62.96
56.01
95.09
63.93
183.77
204.83
108.36
163.36
83.16
84.81
172.90
79.40
89.26
67.17
261.41
134.96
133.43
110.51
101.24
183.06
100.00
106.80
80.53
74.81
118.90
153.82
86.14
96.56
69.21
67.14
107.03
76.00
154.97
77.67
84.07
66.19
57.60
94.62
73.11
59.66
166.88
194.38
92.45
161.92
74.75
84.18
169.02
69.88
85.23
68.27
257.30
115.54
127.92
106.42
99.49
192.03
86.28
103.22
80.39
71.89
112.73
144.79
68.43
84.66
65.24
63.20
98.23
68.50
144.74
65.96
78.22
64.11
56.13
91.35
70.88
54.23
158.76
86.35
93.57
74.94
72.05
104.81
83.89
68.54
64.25
175.39
196.24
98.32
162.20
76.56
84.27
165.79
71.39
86.67
65.56
255.14
124.42
137.65
112.15
101.80
184.35
94.26
108.31
84.90
71.89
124.05
160.93
78.87
97.02
71.04
63.59
108.33
75.41
152.22
74.43
83.73
64.12
54.31
99.46
75.57
60.99
157.24
84.86
94.85
72.75
65.74
107.38
86.76
70.47
63.91
155.02
75.25
91.89
71.58
67.10
106.18
82.62
68.70
64.29
75.00
