9.87
6.04
6.12
4.11
2.89
6.51
3.72
4.12
2.64
3.48
2.89
1.98
4.99
2.84
1.33
5.04
6.25
4.74
2.86
5.59
3.35
1.41
4.00
1.69
1.32
5.03
4.09
3.02
4.76
4.18
2.16
3.39
2.72
2.30
2.09
5.47
4.90
5.13
1.95
2.44
3.35
2.62
3.57
1.71
1.98
4.81
2.98
2.69
3.29
2.92
2.10
2.58
2.13
1.60
1.55
4.12
4.13
2.43
3.97
1.59
1.64
5.12
1.19
1.49
1.73
4.77
1.55
2.91
2.26
1.23
14.00
12.22
8.94
3.97
6.99
5.37
3.77
3.91
3.06
3.16
7.77
8.01
2.97
7.69
4.07
3.66
6.91
2.62
2.47
2.87
11.91
10.17
4.30
6.53
3.09
3.06
7.49
3.06
2.77
1.94
6.92
3.62
2.83
3.64
2.24
7.80
7.54
4.18
6.94
3.23
2.55
4.22
2.46
2.10
3.04
4.98
2.09
3.00
2.81
2.16
6.34
3.06
2.73
3.16
1.53
2.20
41.43
32.49
26.67
14.16
24.42
21.94
11.04
24.51
11.57
10.28
29.10
24.84
12.11
19.66
10.11
10.84
16.98
6.61
7.37
8.69
31.20
29.84
13.88
23.76
15.25
16.08
25.69
9.90
13.97
9.14
23.04
10.07
6.92
10.22
5.31
28.03
19.35
9.47
21.13
8.81
8.63
19.36
9.73
8.16
9.22
23.01
10.76
7.75
6.55
5.61
22.33
12.77
10.73
11.83
7.65
6.99
71.76
40.46
17.31
41.06
21.84
18.86
35.38
16.43
15.03
12.47
40.79
16.58
15.74
14.00
10.45
44.97
26.96
16.38
18.66
10.77
10.38
32.00
20.96
11.78
13.86
10.44
11.38
12.95
