79.2972
79.3293
79.3297
79.3303
79.3349
79.3465
79.3829
79.3868
79.4064
79.4345
79.436
79.4636
79.4842
79.4938
79.5
79.5418
79.5876
79.591
79.5999
79.6532
79.6689
79.6836
79.705
79.731
79.7374
79.7628
79.7806
79.7944
79.7959
79.7986
79.8042
79.8465
79.8528
79.8623
79.8648
79.8798
79.8825
79.8881
79.8918
79.907
79.9398
79.9586
79.9822
79.9835
79.9893
79.9893
79.9947
80.0433
80.0688
80.0757
80.0798
80.0899
80.1183
80.1204
80.1294
92.1553
80.1642
80.1748
80.1775
80.1846
80.202
80.2109
80.2187
80.2407
80.2406
80.2634
80.2769
80.2793
80.3199
80.3257
80.3398
80.3564
80.3576
80.3631
80.3775
80.381
80.3859
80.3896
80.3979
80.4018
80.4022
80.4029
80.4152
80.4155
80.4254
80.4381
80.4605
80.4652
80.4749
80.4808
80.4861
80.4981
80.5082
80.5141
80.5166
80.5713
80.5831
80.6119
80.6212
80.6303
80.6323
80.6344
80.6347
80.6401
80.653
80.6631
80.6664
92.7756
80.6846
80.6946
80.7042
80.7055
80.7067
92.8176
80.7109
80.7134
80.7247
92.8483
80.7394
80.7464
80.7503
80.7527
80.7544
80.801
80.8182
80.8274
80.8405
80.8493
80.8753
80.8786
80.8827
93.0271
80.8938
80.91
80.9347
80.9352
80.9418
80.9668
80.9741
80.9822
80.9829
80.987
81.0046
81.0144
81.0201
81.0248
81.0285
81.0368
81.0428
81.0481
81.0644
81.0822
81.1269
81.1722
81.1723
81.1754
81.1909
81.1986
81.2011
81.2081
81.2218
81.2281
81.2366
81.2369
81.2451
81.2509
81.2509
81.2555
81.256
81.2683
81.2738
81.2871
81.288
81.2997
81.3136
81.3183
81.3597
81.3787
81.3815
81.4261
81.4373
81.4414
81.4428
81.4834
81.4853
81.5308
81.5455
93.7944
81.6561
81.6582
81.6605
81.6683
81.6808
81.6861
81.7077
81.7362
81.7713
81.8524
81.8613
81.9193
81.9649
81.967
81.9772
81.9838
82.0028
82.0222
82.0291
82.0335
82.0998
82.1081
69.8624
69.8913
69.8917
69.8922
69.8963
69.9067
69.9396
69.943
69.9606
69.9859
69.9873
70.0121
70.0307
70.0393
70.0449
70.0825
70.1237
70.1268
70.1348
70.1828
70.1969
70.2102
70.2294
78.0403
70.2528
70.2585
78.0725
78.0729
78.0735
78.078
78.0896
70.2814
70.2974
70.3098
78.1229
70.3112
78.1261
70.3137
78.13
70.3187
78.1495
70.339
78.1551
78.1555
78.1561
78.1606
78.1722
70.3567
78.1776
78.1791
70.3625
70.368
70.3683
70.3689
70.3709
70.373
70.3732
70.3834
78.2067
70.3867
78.2087
70.3891
78.2126
78.2157
70.3942
70.3975
78.2273
78.2321
70.4112
78.2369
70.4162
78.2432
70.4197
78.2478
78.2482
78.2488
78.2534
78.2585
78.2602
78.2617
70.4373
78.265
70.4407
78.2849
70.4576
78.2893
78.2907
78.2911
70.4626
78.2917
70.464
78.2962
78.3015
78.3053
78.3078
70.4788
78.3099
70.4801
70.4853
70.4852
78.3195
70.4888
70.4901
78.3249
78.3257
78.3258
78.3307
78.3341
70.5073
78.343
78.3443
78.3482
70.516
78.353
78.3545
70.5216
78.3579
78.3583
78.3589
78.3634
78.3675
78.3677
70.5338
78.375
78.3821
70.548
78.3958
78.3963
70.5569
78.3973
70.5592
78.4027
70.563
70.5667
78.4115
78.4121
78.4123
78.4133
78.4154
78.4167
70.5758
78.4185
70.5769
70.5773
70.5778
70.5819
78.4249
78.4256
78.4268
78.4349
70.5923
70.6004
78.4455
70.6013
78.4482
70.6033
70.6034
78.4551
70.6114
70.6115
78.4603
78.4614
82.3858
78.463
78.4646
70.6252
78.4742
70.6287
78.4789
78.4805
78.486
70.6426
78.4921
78.4947
70.6463
70.6522
78.5031
70.6547
78.5059
78.5061
78.5094
78.5095
70.6595
70.661
78.5127
78.5181
78.5184
78.5185
78.5191
78.5223
78.5237
78.5237
70.6715
70.6729
70.6736
78.5286
70.6767
78.5308
78.5353
78.5375
70.6847
78.539
70.6868
78.5418
70.6917
78.5474
78.5489
78.5523
70.6977
78.5568
78.5612
70.7061
78.5631
70.7114
70.7115
78.5703
78.5717
78.5717
70.7163
78.5756
70.7249
78.5874
70.7295
78.5885
70.7305
78.5896
70.7319
70.7352
78.5952
78.596
78.6021
70.7441
78.6054
78.6063
70.7463
78.6079
78.6145
78.6161
78.6195
70.7581
78.6201
78.6216
78.6229
78.6232
78.6236
78.6244
78.6248
78.6256
78.6284
78.63
78.6303
70.7681
78.6313
78.6349
70.7741
78.645
70.7828
78.6495
78.6501
70.7865
78.6524
70.7879
70.788
78.6559
70.7904
70.7954
78.6664
70.8007
78.6722
78.673
70.8093
78.6786
70.8124
78.6813
78.6818
78.6826
78.6829
70.8156
70.8167
78.688
78.6888
70.8204
78.6905
70.8217
78.6924
78.6975
78.6987
78.6991
78.7017
70.8334
70.8346
78.7055
78.7082
70.8378
70.8391
78.7122
78.7129
70.8422
78.7139
78.7144
70.8455
78.7172
78.7175
70.8476
70.8499
78.7227
78.7241
78.7253
70.853
78.7266
70.8565
70.8569
78.7306
70.8575
78.7324
78.7324
78.7327
78.7336
70.8634
78.7378
70.8658
78.7419
70.8684
70.8686
70.8688
70.8709
70.8742
70.8778
78.7557
78.7572
70.8826
78.7596
78.76
70.8879
78.765
78.7655
78.7656
70.8892
78.7659
78.7714
70.8958
78.7764
78.7797
78.7808
78.7833
78.7843
78.7864
70.9093
78.7887
78.7914
70.9136
70.9151
70.9174
78.7983
78.801
70.9223
78.8067
78.8078
78.8079
70.9276
78.8091
78.8092
78.8103
78.812
70.9323
78.8142
78.815
78.815
70.9343
78.8188
78.8204
70.9384
78.8229
78.8229
78.8236
78.8244
78.8255
70.9432
78.8261
70.9441
78.8272
78.8328
78.833
70.9522
70.9555
70.9567
78.8411
70.9576
78.842
78.8438
70.9598
70.9619
70.962
78.8495
70.9668
70.967
78.8531
78.8577
78.8583
78.8614
78.8636
78.8658
78.8683
78.869
70.983
78.8724
78.8725
78.875
78.8771
90.7099
78.8814
70.9955
70.9968
70.9993
78.8885
78.8908
78.8933
71.0043
78.8938
78.8946
78.8979
78.8983
71.0091
78.8989
71.0105
78.9007
78.9011
78.9014
78.902
78.9035
78.9055
78.9073
78.9078
78.9078
78.9084
71.0196
78.911
78.9132
78.9151
78.9156
78.9167
78.9179
78.9198
78.9199
78.9203
78.9207
78.9207
78.9211
78.9216
78.9261
71.0335
78.9262
78.9277
71.0397
78.9355
71.0423
71.0434
78.9378
71.0456
71.0481
78.9435
78.944
78.9448
71.0507
78.9451
78.9462
71.0525
71.0539
78.9506
78.9506
78.9516
78.9515
71.0565
78.9541
71.0588
78.9551
78.9554
78.956
71.0621
71.064
90.8049
78.9618
78.9618
71.0659
71.0661
71.0709
78.9683
78.9693
71.0723
71.0747
78.9743
78.975
71.078
71.0797
71.0798
71.08
71.08
78.9781
71.0806
71.0826
71.0831
71.0847
78.9831
78.9837
78.9838
78.9846
71.088
78.9871
78.9874
78.9874
78.9899
71.0917
82.9419
78.993
71.0946
78.9942
71.0951
71.0968
78.9977
78.9983
79.0005
82.9522
79.0031
79.0033
79.0046
79.0046
79.0063
79.0065
79.0084
79.0103
79.0107
79.0121
71.111
79.0179
79.0178
79.02
71.1193
71.12
79.0225
79.0233
79.0258
79.0273
79.0277
71.1263
79.0302
71.1274
71.1279
71.1287
71.1289
79.0322
71.1298
71.1309
71.1314
71.1314
79.0352
79.0367
79.0368
79.037
79.0384
71.1347
82.9906
79.0388
79.0389
79.0394
71.137
79.0411
79.0416
71.1377
79.044
79.0444
79.0479
71.1432
79.051
79.0512
71.1471
79.0528
90.9115
79.0536
71.149
79.0549
79.0556
71.1534
79.0624
71.1563
71.1567
79.0631
71.1572
83.0186
71.1594
79.0663
79.0664
71.1604
71.1613
71.1614
79.0686
79.0686
79.0688
79.0713
71.1645
79.0718
71.1657
71.1667
79.0755
71.1684
79.0769
71.1702
71.1709
71.1709
79.0796
71.1718
71.1724
79.0806
79.0818
71.1739
71.1743
79.0827
79.0829
71.1757
71.1758
79.0851
79.0891
79.0907
79.0913
79.092
79.0933
79.0957
79.0959
79.0961
90.9608
79.0974
71.1881
71.1882
71.1884
71.1887
71.1893
79.0995
79.1007
79.1026
79.1031
71.1934
79.1042
79.1051
79.1063
79.1084
79.1087
79.1104
71.2005
71.2038
79.1155
71.2046
79.1185
71.2081
79.1205
71.2086
79.1206
79.1241
79.1255
79.1285
71.2158
79.129
79.1294
71.219
79.1327
71.2194
79.1331
71.2208
79.1361
71.223
79.1372
79.1389
71.2257
79.1408
79.1411
79.1412
79.1418
71.2277
79.1436
79.1449
79.1451
79.1454
79.1457
71.2313
79.1459
79.146
79.1464
79.1468
79.1473
71.2333
79.149
79.1514
71.2366
71.2396
71.2401
79.1562
79.158
79.158
71.2425
79.1584
79.1586
79.1591
79.1592
79.1595
79.1633
91.0381
71.2486
79.1655
71.251
71.2513
79.1685
79.1685
71.2523
71.2523
79.1709
79.1723
79.1723
79.1727
71.2577
71.2592
71.2595
79.178
79.1781
79.1789
71.2614
79.18
79.1812
79.1819
79.1821
79.1823
71.2647
79.1833
79.1835
79.1889
71.2709
79.1912
79.1927
79.1933
79.1944
79.1954
71.2772
71.2774
79.1978
79.1983
79.2019
79.202
79.2029
71.2827
79.2032
79.2033
71.283
79.2036
71.2844
79.2061
71.2857
79.2067
71.287
79.2083
79.2091
71.2889
71.2893
79.2116
79.2132
71.2923
71.2934
79.2153
71.2957
79.2179
79.218
71.297
71.2984
83.1818
71.2993
79.2218
79.2237
79.2239
83.1857
79.2247
79.2265
71.3043
79.2275
79.228
79.2286
79.2292
79.2306
79.232
71.3092
71.31
71.3113
71.3121
79.2375
71.3139
