79.63054
71.43509
71.310875
80.20729
71.31457
60.227028
71.81907
82.33765
80.92781
72.32672
80.90082
72.72367
73.10531
72.24127
59.661312
71.9915
59.787758
81.28679
59.76685
79.861626
81.75851
78.70071
81.862404
72.84273
81.02375
81.60484
80.84482
60.617073
80.23692
80.31098
81.37935
60.99505
72.48756
72.08741
71.953575
72.23329
80.01872
80.66124
60.41511
82.56024
79.50214
80.89695
73.220375
79.602486
82.10091
60.14509
72.793915
73.34933
80.96193
80.75093
73.72717
70.89109
80.78421
60.73628
71.22145
79.755646
71.49435
71.58028
61.430717
80.36109
61.080746
70.8876
80.95359
81.646515
59.715584
60.553444
79.11062
80.31113
70.59583
52.751686
74.22324
70.86463
73.076904
70.77017
72.14346
72.437035
73.16498
72.70119
72.21982
72.1826
79.76771
72.46184
61.04229
79.90903
72.8489
80.817474
73.38155
59.887253
80.104065
72.247505
59.990993
79.96518
71.40008
80.03314
72.6987
78.61701
60.67633
79.37054
71.89405
81.12152
79.78614
79.57806
78.76372
59.666943
60.511566
71.26326
72.10606
72.427795
60.56362
71.91096
71.939316
71.877174
60.3275
79.60629
70.89037
73.58077
72.17972
61.778175
80.00752
79.40964
80.130684
72.47666
71.03753
78.87398
71.979935
80.839905
72.210785
71.991196
60.346195
74.1463
71.57964
80.95833
80.81113
48.24364
74.39469
72.761955
70.98339
80.52768
80.465775
79.46592
71.995674
80.32629
79.01467
73.18298
81.76633
73.57978
80.5255
73.09321
71.59525
79.36139
72.08535
79.90424
79.4474
79.14028
73.32782
72.23859
61.270363
73.50739
74.09367
71.669136
83.07642
72.78666
80.42881
60.083416
73.13873
72.951965
72.2441
60.25103
71.667656
72.246315
60.911446
74.79739
82.98142
83.442696
81.465034
81.34924
77.98102
80.265816
73.440254
78.94359
81.51181
59.735905
77.84008
71.9507
81.15151
71.129906
72.50275
80.087906
79.75331
72.42531
72.80435
72.90147
79.6976
72.327515
72.5345
80.34003
81.64154
74.10119
60.36264
73.40617
71.59096
80.01257
81.41367
79.60448
79.89863
79.04703
71.31914
71.805176
60.55743
80.98275
80.522736
81.10537
80.53813
80.09688
72.526955
81.17891
75.04869
80.625015
71.51229
71.36692
71.65312
59.909477
60.049667
71.09764
78.970825
80.63702
73.18612
81.46542
80.85791
71.69707
79.48221
73.3238
78.785355
79.75024
79.68027
71.48941
72.670616
58.863132
61.358128
72.308495
73.18001
80.49424
71.38612
79.22562
72.990265
61.790016
81.223946
81.29057
73.21169
72.71595
71.431816
71.372955
60.39882
73.11252
59.630653
80.04217
72.29808
78.88667
70.86633
72.00015
80.734406
72.16302
80.98595
81.69078
80.779396
73.13985
79.88689
72.77465
83.34841
79.79056
82.8788
80.57117
73.19908
81.94574
81.52313
74.93793
71.35066
80.82872
72.04407
71.89032
74.40781
71.98883
60.134525
74.275856
79.99054
61.06289
81.38771
81.725876
81.29206
82.19539
72.62589
79.34442
79.317
78.893814
59.94642
73.5752
78.354294
60.83764
72.47978
80.806274
73.466125
72.647316
72.95706
62.02083
71.83979
73.55917
70.85476
71.87493
80.618515
61.735954
71.77818
60.616035
78.9888
71.60726
61.460052
70.167336
72.50739
79.856
71.94553
78.98018
71.2128
80.77398
72.218094
72.835045
72.071846
72.87056
60.464905
73.82491
72.20255
72.83055
72.21576
72.73423
80.85863
72.78772
79.082535
81.94205
90.3318
81.01982
80.211334
73.14713
73.402214
80.2189
81.027336
73.16525
71.29999
80.28405
73.642975
81.05986
71.6821
72.04194
72.688446
79.33368
79.40795
80.48538
72.60945
80.95468
81.10167
80.8405
71.590195
60.86959
80.68587
73.26593
72.752235
82.18072
71.61802
82.38977
73.02346
71.80504
80.712814
81.234795
72.62711
49.19766
81.188095
48.365463
80.78726
71.51216
80.26536
73.18478
60.195213
72.56816
80.48282
72.48432
82.983955
71.65367
71.58412
72.59054
79.840805
60.627777
82.47539
79.87795
72.90913
82.25983
80.41136
60.494408
80.60907
79.65738
60.316166
81.330605
72.85292
72.2085
72.051346
74.16431
71.71149
81.724266
80.365036
80.462746
81.82059
72.555824
47.41446
80.716385
60.654774
72.969666
71.73697
72.234726
71.79217
80.84447
59.24596
73.074104
60.379406
72.563484
59.91988
71.69594
72.247894
80.11322
61.107384
79.89215
73.754196
72.21056
73.276474
80.54488
60.991043
72.4519
73.077225
81.10644
80.45073
72.282295
72.692986
71.8459
71.68502
73.30622
79.95962
80.58285
82.09738
71.37709
80.03612
71.35605
80.77371
80.91688
72.669395
71.942856
59.384228
79.31087
84.28181
71.34391
81.41942
72.20328
72.81761
73.33088
72.1985
71.34486
71.78894
73.64728
79.827774
80.39534
80.273796
71.886154
80.72798
81.64281
78.76013
59.995216
81.515625
72.52451
60.4227
79.53994
72.11597
73.36266
58.984238
71.604256
48.65473
81.660416
73.57759
80.57256
79.74873
59.45502
60.643845
77.41817
60.75776
73.294395
81.10588
80.96213
79.15621
72.47796
72.52894
79.726685
73.32952
72.92534
73.45894
80.8159
61.090034
80.19487
81.1812
74.59861
80.87233
81.50964
79.77063
73.25866
72.91032
71.74921
70.565544
59.37727
70.7026
71.266235
71.94091
72.67156
59.82676
78.11043
71.81437
60.93783
80.87523
71.112976
79.59921
80.52166
79.37778
71.84313
60.691395
81.345856
80.7015
61.53281
79.92381
61.046803
79.475174
72.29852
71.945526
78.715904
73.4785
71.961205
72.8123
72.259705
81.80568
80.55798
60.219784
80.291306
80.81978
47.98312
80.05572
71.09028
78.52234
80.44083
71.18582
69.812775
72.12155
71.78388
82.3562
80.59918
71.90458
73.92664
80.517494
72.71772
60.729687
78.74646
71.84456
70.815895
79.2532
81.735695
71.61106
74.96955
80.1727
48.243732
71.64463
62.39146
71.01259
48.026615
80.361786
72.37727
78.69298
73.27747
79.8942
72.34073
72.66902
80.32947
79.191444
73.13346
60.561916
79.68909
70.40017
78.6736
72.21402
72.030914
82.78215
77.82472
79.969444
73.72462
71.803894
78.56642
73.44046
71.9326
72.304245
72.0238
73.47515
80.75021
71.66535
81.01573
79.507126
73.22237
73.5041
79.51384
80.98781
82.584015
59.274067
61.72846
80.87689
71.40346
72.043625
59.117317
60.796978
81.73727
73.14095
80.501144
80.59265
51.946815
78.55274
72.64969
73.313
78.83894
73.50401
60.133698
60.672123
82.02019
71.83877
62.08668
71.570145
51.88019
71.31938
80.17076
60.40385
72.44655
80.4292
72.68731
71.38435
81.304665
60.18171
73.00707
73.0853
71.39277
79.991714
80.17929
74.85271
73.63391
60.864525
86.57427
71.53679
72.241585
71.09701
82.53444
73.06393
79.56538
72.80587
81.47053
74.08038
72.414665
72.86259
72.96666
79.14393
72.631294
72.330826
78.35841
80.47623
73.76691
48.133854
72.191246
47.977634
71.32189
59.288223
72.85991
73.77158
72.3261
70.90184
72.45377
71.30032
79.24107
73.25615
72.95883
81.15236
71.88404
82.166016
71.09515
72.816284
73.68555
81.31629
59.829952
71.45517
72.941956
48.098404
71.572426
71.68581
71.47962
74.33025
79.39714
79.7681
72.17992
71.717735
72.532104
80.42758
72.510994
80.00427
70.458565
80.63812
72.61622
82.27976
70.74107
81.64648
80.54307
74.51875
80.50101
91.9682
60.912758
73.65852
79.51694
62.37997
80.802246
81.54681
59.561028
72.83127
81.68329
81.123436
81.28833
60.08869
71.48766
82.4819
60.954323
72.23741
72.74434
59.205505
72.61585
61.514454
73.77963
72.64145
72.90338
77.688
71.200806
80.901146
71.64994
71.40734
81.66778
71.02745
60.911636
72.25207
71.64336
61.207924
73.90797
72.167206
61.25473
71.582756
70.50181
81.668526
72.35616
81.34337
71.14864
73.63777
79.71396
79.75386
81.448135
79.36655
72.29397
48.63905
71.39391
71.75556
72.945526
59.526295
82.35794
61.015915
59.9042
72.20017
72.30812
71.68859
78.84005
60.662945
72.63352
80.47764
81.98293
72.665115
72.72434
71.755844
58.99462
78.73395
79.378395
71.78649
81.5051
70.318886
72.48753
79.69992
71.83597
71.67177
71.74903
60.13661
73.39587
59.832565
71.17637
73.151726
80.02199
82.04135
79.854034
71.07949
79.63698
72.01181
78.74878
73.67629
73.2417
73.04484
71.807625
72.864334
72.14902
80.58333
49.355732
72.03327
80.08656
72.337845
79.210686
73.148766
72.24984
79.31306
79.45607
70.53047
71.24497
80.59177
80.60686
60.81657
60.033062
79.247765
71.65898
81.78519
78.88828
79.57761
71.42068
48.116745
72.575554
74.1293
73.36296
73.48487
71.77026
71.99978
72.3574
80.49773
80.40705
79.096725
73.11504
82.10335
80.51802
81.39868
59.742416
72.46072
80.06142
73.0141
80.2415
80.72984
79.30399
71.381165
82.485435
60.485046
80.723495
79.94757
71.67791
81.03331
81.16227
74.710625
60.927193
80.84878
61.20741
80.50576
71.73973
80.190765
80.23069
73.168785
60.69438
60.612225
81.05681
73.84966
79.640976
81.636986
72.29463
81.7802
71.837494
80.030205
74.091286
72.62195
81.77843
72.701355
60.13392
80.21763
80.70737
73.87703
72.0167
80.3889
73.85057
59.995365
72.30613
80.61455
60.620876
72.224915
72.540955
71.87234
72.876915
78.41071
73.24106
82.398834
72.51365
80.96528
74.55988
80.34413
71.914345
60.59147
72.83155
72.1859
72.62555
59.958572
60.614845
80.7388
47.829384
80.85333
82.31604
73.044
81.234985
71.432526
79.43432
79.66098
72.70193
72.554886
81.757286
73.81997
81.061966
79.66034
73.739174
81.30623
72.20889
60.414017
72.644035
71.4404
80.34405
72.65798
81.01956
80.61159
70.998
74.598976
81.18205
73.63496
72.64648
80.16069
71.409546
72.40693
73.23083
78.72592
80.30887
73.52692
72.27828
72.63861
80.71953
82.814064
71.557755
73.23883
72.67368
72.79556
71.73523
72.831604
79.79442
71.70607
78.7587
60.221977
73.0224
81.30646
71.99863
73.8776
71.97933
81.920685
72.34691
72.084045
72.31477
72.72737
80.5618
72.421104
78.94104
81.18941
60.54966
73.61805
81.23021
72.84644
78.87413
78.75079
78.27963
71.01855
71.02486
70.871864
59.315174
72.812904
72.07406
73.92597
72.61003
61.183628
72.24692
80.34128
80.17355
