39.81527
39.68616
39.617153
40.103645
39.619205
40.151352
39.899483
41.168823
40.463905
40.18151
40.45041
40.402042
40.61406
40.13404
39.774208
39.995277
39.858505
40.643394
39.844566
39.930813
40.879253
39.350353
40.931202
40.46818
40.511875
40.80242
40.42241
40.41138
40.11846
40.15549
40.689674
40.663364
40.270866
40.04856
39.97421
40.12961
40.00936
40.33062
40.27674
41.28012
39.75107
40.448475
40.677986
39.801243
41.050453
40.096725
40.441063
40.749626
40.480965
40.375465
40.95954
39.38394
40.392105
40.490852
39.567474
39.877823
39.71908
39.766823
40.95381
40.180546
40.720497
39.382004
40.476795
40.823257
39.81039
40.36896
39.55531
40.155563
39.21991
40.57822
41.235138
39.36924
40.59828
39.316765
40.079704
40.242798
40.64721
40.38955
40.122124
40.101448
39.883854
40.256577
40.69486
39.954514
40.47161
40.408737
40.767532
39.924835
40.052032
40.137505
39.993996
39.98259
39.66671
40.01657
40.38817
39.308506
40.450886
39.68527
39.94114
40.56076
39.89307
39.78903
39.38186
39.77796
40.341045
39.590702
40.05892
40.237667
40.375748
39.95053
39.966286
39.931767
40.218334
39.803146
39.38354
40.87821
40.099846
41.18545
40.00376
39.70482
40.065342
40.264812
39.465294
39.43699
39.988853
40.419952
40.117104
39.99511
40.230797
41.19239
39.766468
40.479164
40.405563
40.203033
41.330383
40.42331
39.43522
40.26384
40.232887
39.73296
39.997597
40.163143
39.507336
40.657215
40.883163
40.877655
40.26275
40.607338
39.775143
39.680695
40.047417
39.95212
39.7237
39.57014
40.73768
40.13255
40.84691
40.83744
41.163155
39.81619
39.560204
40.437035
40.214405
40.05561
40.63263
40.52887
40.135612
40.167355
39.815365
40.13684
40.60763
41.554108
41.49071
39.73462
40.732517
40.67462
38.99051
40.132908
40.80014
39.471794
40.755905
39.823936
38.92004
39.97261
40.575756
39.516617
40.279305
40.043953
39.876656
40.236282
40.44686
40.500816
39.8488
40.181953
40.296947
40.170013
40.82077
41.167328
40.24176
40.781208
39.772755
40.006287
40.706837
39.80224
39.949314
39.523514
39.621742
39.891766
40.37162
40.491375
40.261368
40.552685
40.269066
40.04844
40.292755
40.589455
41.693718
40.312508
39.72905
39.64829
39.80729
39.93965
40.03311
39.49869
39.485413
40.31851
40.658955
40.73271
40.428955
39.831703
39.741104
40.735447
39.392677
39.87512
39.840134
39.71634
40.372566
39.24209
40.90542
40.171387
40.65556
40.24712
39.65896
39.61281
40.550148
41.193344
40.611973
40.645287
40.673164
40.39775
39.68434
39.65164
40.26588
40.61807
39.75377
40.021084
40.1656
39.443336
39.370186
40.000084
40.367203
40.090565
40.492973
40.84539
40.389698
40.633247
39.943443
40.430363
39.68972
39.89528
41.4394
40.285583
40.666157
40.97287
40.761566
41.632183
39.63926
40.41436
40.024483
39.939068
41.337673
39.993797
40.089684
41.264366
39.99527
40.70859
40.693855
40.862938
40.64603
41.097694
40.347717
39.67221
39.6585
39.446907
39.96428
40.875114
39.177147
40.558426
40.26655
40.403137
40.814514
40.35962
40.5317
41.347218
39.910995
40.866207
39.363754
39.93052
40.309258
41.157303
39.87677
40.41069
39.4944
39.781815
40.97337
38.981853
40.281887
39.928
39.96974
39.49009
39.562668
40.38699
40.121162
40.463913
40.039917
40.483646
40.309937
41.01384
40.11253
40.46142
40.11987
40.407906
40.429314
40.437622
39.541267
40.971024
39.274696
40.50991
40.105667
40.6373
40.779007
40.10945
40.513668
40.647366
39.611107
40.142025
40.912766
40.52993
39.823387
40.0233
40.38247
39.66684
39.703976
40.24269
40.338585
40.47734
40.550835
40.42025
39.77233
40.579727
40.342934
40.703297
40.417908
41.09036
39.78779
41.194885
40.56859
39.89169
40.356407
40.617397
40.348396
40.998047
40.594048
40.30455
40.39363
39.72898
40.13268
40.65821
40.130142
40.315647
40.24141
40.26907
41.491978
39.807594
39.76896
40.32808
39.920403
40.418518
39.273994
39.938976
40.50507
41.129913
40.20568
40.329605
40.304535
39.82869
40.210777
40.665302
40.473846
40.115837
40.028526
41.202393
39.839714
40.862133
40.182518
40.231373
40.910294
40.308792
39.512047
40.358192
40.436516
40.538704
39.853874
40.130405
39.884537
40.422234
39.497307
40.596725
40.252937
40.31305
39.946587
39.831078
40.13772
40.05661
40.738255
39.946075
40.974556
40.11698
40.709152
40.27244
40.660694
40.251053
40.59846
40.55322
40.225365
40.156834
40.384995
39.91439
39.825012
40.725677
39.97981
40.291424
41.04869
39.653942
40.01806
39.64225
40.386856
40.45844
40.371887
39.968254
39.589485
39.655434
40.134197
39.635506
40.70971
40.112934
40.45423
40.73938
40.11028
39.636032
39.882748
40.915154
39.913887
40.19767
40.136898
39.936752
40.36399
40.821404
39.380066
39.99681
40.757812
40.291397
40.2818
39.76997
40.064426
40.75704
39.322826
39.780144
40.54561
40.830208
40.876442
40.28628
39.874367
39.63668
40.42923
38.709084
40.505173
40.71911
40.55294
40.481064
39.578106
40.265533
40.293854
39.863342
40.738625
40.514076
40.810524
40.40795
40.72669
40.097435
40.5906
41.443672
40.436165
40.75482
39.885315
40.699257
40.505733
39.860672
39.203083
39.584846
39.27922
39.592354
39.967175
40.373093
39.884506
39.055214
39.896873
40.62522
40.437614
39.50721
39.799606
40.26083
39.68889
39.912853
40.46093
40.672928
40.35075
41.021873
39.961906
40.69787
39.737587
40.165848
39.969738
39.357952
40.82139
39.978447
40.45128
40.14428
40.90284
40.27899
40.146523
40.145653
40.40989
39.98593
40.02786
39.4946
39.26117
40.220413
39.54768
38.784874
40.067528
39.879936
41.1781
40.29959
39.94699
41.07036
40.258747
40.398735
40.486458
39.37323
39.913643
39.342167
39.6266
40.867847
39.783924
41.64975
40.08635
40.20311
39.802574
41.594307
39.45144
40.02218
40.180893
40.2096
39.34649
40.70971
39.9471
40.189293
40.37168
40.164734
39.595722
40.6297
40.37461
39.844543
39.111206
39.3368
40.1189
40.017174
41.391075
38.91236
39.984722
40.958122
39.891052
39.28321
40.80026
39.96256
40.169025
40.013226
40.81953
40.375107
39.814087
40.507866
39.753563
40.679092
40.83561
39.75692
40.493904
41.292007
39.516045
41.152306
40.438446
39.668587
40.02424
39.411545
40.53132
40.868633
40.633865
40.250572
40.296326
39.95909
39.27637
40.36094
40.729446
39.41947
40.835564
40.08913
40.448082
41.010094
39.910427
41.39112
39.761192
39.90784
39.62188
40.08538
40.269234
40.248085
40.2146
40.38184
39.657974
40.652332
40.12114
40.559486
40.602943
39.66265
39.995857
40.089645
41.58484
40.90773
40.57635
41.225845
39.74266
40.134216
39.49834
41.26722
40.591072
39.78269
40.44771
40.735264
41.15577
40.23037
40.479218
40.537033
39.571964
40.35072
40.183792
39.179207
40.238113
40.981617
40.11154
40.106247
39.98136
39.623276
39.525482
40.47773
40.984215
40.181168
39.38991
40.252098
39.61129
39.620537
40.69786
40.532684
40.57618
39.935577
41.083008
39.497307
40.45349
40.936417
40.658146
39.886635
39.69732
40.523308
40.082
39.76246
39.825447
39.710903
41.294586
39.69857
39.88405
40.099957
39.843185
40.295616
40.21379
40.283886
40.002136
39.143646
40.31906
40.342346
41.13988
39.3006
40.82324
40.271534
41.399307
40.250504
39.986176
40.608505
40.921402
39.75847
41.586647
40.401123
40.773403
39.70735
40.46182
40.841644
40.561718
40.644165
40.059128
39.71537
41.24095
40.636215
40.131897
40.41352
39.470337
40.34214
41.009636
40.988686
40.35636
40.50188
38.844
39.556004
40.450573
39.805523
39.670746
40.83389
39.459694
40.607758
40.140038
39.801865
40.805283
41.059982
40.09289
40.836487
39.7682
39.16767
40.834263
40.19787
40.671684
39.527023
40.909874
39.85698
39.87693
40.724068
39.683273
40.163315
40.53254
39.66329
39.8642
40.52529
39.684196
41.17897
40.677277
39.936134
40.111206
40.17118
39.826996
39.420025
40.441963
40.35196
40.23882
40.991467
40.36951
40.402412
39.864357
39.329746
39.366974
39.689198
39.881386
40.75255
39.066048
40.27085
39.84996
39.90887
39.81765
39.860573
40.091072
40.775482
39.88838
39.542427
40.639847
40.010994
41.020676
39.927017
39.488605
39.81849
40.00656
39.37439
40.931274
40.689835
40.580467
39.893127
40.480186
40.082787
40.291664
41.129776
40.018486
40.04328
40.187695
39.605343
40.638203
40.1388
39.65653
39.728035
39.183598
39.58054
40.295883
40.30343
40.54438
40.02204
39.623882
39.810547
40.892593
39.44414
39.788803
39.678154
40.097286
40.31975
41.182945
40.757202
40.82493
39.872368
39.999878
40.198555
40.248863
40.203526
39.548363
40.61947
41.051674
40.25901
40.69934
39.828278
40.255955
40.03071
40.56339
40.12075
40.36492
39.651997
39.656204
41.242718
40.323364
40.361748
39.973785
39.821064
40.516655
40.581135
41.505905
40.61813
40.42439
40.80494
40.25288
39.855408
40.095383
40.115345
40.649326
40.46292
40.40815
40.528404
41.02759
39.820488
40.818493
40.163685
40.8901
39.90972
40.015102
41.161827
40.345528
40.889214
40.389645
40.08928
40.108814
40.353683
41.042793
40.00928
40.19445
41.028095
39.99691
40.170074
40.307274
40.413918
40.124954
40.300533
39.929077
40.487175
39.205357
40.689476
41.199417
40.285362
40.48264
41.422157
40.172066
39.952415
40.394314
40.461975
40.10328
40.34753
39.97238
40.409897
40.3694
39.85782
40.426666
41.15802
40.58
40.617493
39.68474
39.71716
39.83049
40.38996
40.30827
40.878643
41.011093
40.530983
39.83017
40.96621
40.653114
40.11605
40.276012
40.3578
39.68911
40.172024
40.365547
40.50978
40.305794
39.443336
41.44388
40.591026
40.90831
40.359154
40.080345
39.67197
40.226074
40.683792
39.36296
40.154434
40.84829
40.154602
40.354786
40.359764
41.407032
39.75431
40.68824
40.37427
40.44198
39.852905
40.462
39.89721
39.836708
39.37935
40.147984
40.568
40.65323
39.999237
41.043114
39.988518
40.960342
40.19273
40.04669
40.174873
40.404095
40.2809
40.233948
39.47052
40.594704
40.36644
40.89892
40.615105
40.470245
39.437065
39.375397
39.139816
39.45475
39.458256
39.37326
39.54345
40.451614
40.041145
41.069984
40.33891
40.789085
40.137177
40.17064
40.086777
