79.2972
79.3293
79.3297
79.3303
79.3349
79.3465
79.3829
79.3868
91.3173
79.4345
79.436
79.4636
79.4842
79.4938
79.5
79.5418
79.5876
79.591
79.5999
79.6532
79.6689
79.6836
79.705
79.731
79.7374
79.7628
79.7806
79.7944
79.7959
79.7986
79.8042
79.8465
79.8528
79.8623
79.8648
79.8798
79.8825
79.8881
79.8918
79.907
79.9398
79.9586
79.9822
79.9835
79.9893
79.9893
79.9947
80.0433
80.0688
80.0757
80.0798
80.0899
80.1183
80.1204
80.1294
80.135
80.1642
80.1748
80.1775
80.1846
80.202
80.2109
80.2187
80.2407
80.2406
80.2634
80.2769
80.2793
80.3199
80.3257
80.3398
80.3564
80.3576
80.3631
80.3775
80.381
80.3859
80.3896
80.3979
80.4018
80.4022
80.4029
80.4152
80.4155
80.4254
80.4381
80.4605
80.4652
80.4749
80.4808
80.4861
80.4981
80.5082
80.5141
80.5166
80.5713
80.5831
80.6119
80.6212
80.6303
80.6323
80.6344
80.6347
80.6401
80.653
80.6631
80.6664
80.6745
92.7873
80.6946
80.7042
80.7055
80.7067
80.711
80.7109
80.7134
80.7247
80.7377
80.7394
80.7464
80.7503
80.7527
80.7544
80.801
80.8182
80.8274
80.8405
80.8493
80.8753
80.8786
80.8827
80.8932
80.8938
80.91
80.9347
80.9352
80.9418
80.9668
80.9741
80.9822
80.9829
80.987
81.0046
81.0144
81.0201
81.0248
81.0285
81.0368
81.0428
93.2053
81.0644
81.0822
81.1269
81.1722
81.1723
81.1754
93.3696
81.1986
81.2011
81.2081
81.2218
81.2281
81.2366
81.2369
93.4318
81.2509
81.2509
81.2555
81.256
81.2683
81.2738
81.2871
81.288
81.2997
81.3136
81.3183
81.3597
81.3787
81.3815
81.4261
93.6529
81.4414
81.4428
81.4834
81.4853
81.5308
81.5455
81.5603
81.6561
81.6582
81.6605
81.6683
81.6808
81.6861
81.7077
81.7362
81.7713
81.8524
81.8613
81.9193
81.9649
81.967
81.9772
81.9838
82.0028
82.0222
82.0291
82.0335
82.0998
82.1081
77.6248
77.657
77.6574
77.658
77.6626
77.6741
77.7106
77.7145
89.3941
77.7621
77.7637
77.7912
77.8118
77.8215
77.8277
77.8694
77.9153
77.9186
77.9276
77.9809
77.9966
78.0113
78.0327
70.2363
78.0587
78.065
70.2652
70.2656
70.2661
70.2702
70.2807
78.0905
78.1082
78.122
78.1229
78.1235
70.3135
78.1263
70.317
78.1319
82.057
70.339
78.1551
78.1555
78.1561
78.1606
78.1722
78.1741
70.3598
70.3612
78.1805
70.368
70.3683
70.3689
78.1899
70.373
78.1925
70.3834
70.386
78.2075
78.2087
78.2101
78.2126
70.3941
78.2158
78.2195
70.4046
89.9669
78.2346
70.4132
70.4162
70.4188
70.4197
70.4231
70.4234
70.424
70.4281
78.2585
78.2602
78.2617
82.1769
70.4385
78.2674
70.4564
78.2862
78.2893
78.2907
78.2911
70.4626
78.2917
70.464
78.2962
70.4713
70.4748
78.3078
78.3098
78.3099
78.3112
78.317
78.3169
78.3195
70.4888
78.3224
82.2411
78.3257
78.3258
70.4976
70.5007
70.5073
70.5087
78.3443
78.3482
70.516
70.5177
70.5191
70.5216
78.3579
78.3583
78.3589
78.3634
78.3675
90.1229
78.3709
78.375
70.5439
78.3866
78.3958
70.5567
78.3965
78.3973
70.5592
70.5624
78.4034
78.4075
78.4115
70.5709
70.5711
78.4133
78.4154
78.4167
78.4176
70.5767
78.4188
78.4192
78.4198
78.4244
78.4249
78.4256
70.5841
90.2002
78.4359
70.6004
78.4455
78.4459
70.6034
78.4481
70.6034
78.4551
78.4571
70.6115
70.6143
78.4614
78.4627
78.463
78.4646
78.4724
70.6267
78.4763
78.4789
70.6324
70.6374
78.4918
78.4921
78.4947
90.2702
78.5024
78.5031
78.5052
70.6553
70.6555
78.5094
70.6585
70.6595
78.5123
78.5127
70.6663
70.6666
70.6667
70.6672
78.5223
70.6713
70.6713
78.5239
78.5255
70.6736
78.5286
78.5297
78.5308
70.6817
70.6837
78.5386
70.6851
70.6868
70.6876
78.5464
70.6926
78.5489
78.5523
78.553
78.5568
78.5612
70.7061
78.5631
78.5682
78.5684
78.5703
70.7146
70.7145
78.5737
70.718
78.5833
70.7287
70.7295
78.5885
78.5895
70.7306
78.591
70.7352
82.5249
70.7364
70.7419
78.6046
70.7449
78.6063
78.607
70.7471
78.6145
78.6161
78.6195
70.7581
78.6201
78.6216
70.7606
70.7609
70.7612
78.6244
70.7623
70.763
78.6284
78.63
78.6303
78.6312
70.7682
70.7714
70.7741
78.645
78.6476
70.7846
70.7851
70.7865
70.7871
70.7879
78.6533
70.7903
70.7904
70.7954
78.6664
78.6674
78.6722
70.8057
78.6771
78.6786
78.6804
70.8132
78.6818
70.8143
70.8146
78.6841
78.6853
78.688
70.8199
78.6894
78.6905
78.6908
78.6924
78.6975
78.6987
70.8292
70.8315
70.8334
78.7052
78.7055
78.7082
78.7086
70.8391
78.7122
70.8416
78.7135
78.7139
70.8429
78.7172
70.8454
78.7175
70.8476
70.8499
70.8505
78.7241
70.8528
78.7256
70.854
78.7295
78.7299
70.8575
78.7305
70.8592
70.8592
78.7327
78.7336
70.8634
70.8641
70.8658
78.7419
78.7427
78.7429
78.7431
70.8709
70.8742
78.7531
78.7557
78.7572
78.7584
78.7596
78.76
70.8879
70.8885
78.7655
78.7656
78.7657
78.7659
70.8942
78.7731
70.8987
70.9018
70.9027
70.905
78.7843
70.9077
78.7881
70.9098
78.7914
78.7929
78.7945
70.9174
70.9185
70.9209
78.8026
70.926
78.8078
78.8079
78.8084
78.8091
78.8092
70.9293
70.9308
78.8137
78.8142
78.815
78.815
70.9343
70.937
78.8204
78.8205
78.8229
70.9407
78.8236
78.8244
70.9429
78.8257
78.8261
78.8268
78.8272
78.8328
70.9497
78.8358
70.9555
70.9567
78.8411
78.8417
70.9578
78.8438
78.8443
70.9619
70.962
78.8495
70.9668
78.8523
78.8531
70.9719
70.9724
70.9753
70.9772
70.9792
78.8683
78.869
78.87
70.9852
70.9853
78.875
70.9894
70.9903
78.8814
78.8838
78.8853
78.8881
70.9996
78.8908
78.8933
78.8937
71.0044
78.8946
71.0081
71.0085
78.899
71.009
71.0105
71.0106
78.9011
78.9014
71.0118
71.0131
78.9055
71.0166
71.017
71.017
78.9084
78.9107
78.911
71.0219
71.0236
78.9156
78.9167
71.0261
71.0278
78.9199
78.9203
71.0286
71.0286
71.0289
71.0295
71.0335
71.0335
71.0336
71.035
71.0397
78.9355
78.9359
71.0434
71.044
78.9396
78.9423
78.9435
78.944
78.9448
78.9453
71.0506
78.9462
71.0525
78.9488
78.9506
78.9506
71.0564
71.0564
78.9517
71.0586
78.9543
78.9551
71.0599
78.956
78.9579
78.96
78.9607
71.0656
71.0656
78.9621
78.9624
78.9677
78.9683
71.0724
78.9693
78.9719
71.0768
82.9237
71.078
78.9774
78.9776
71.08
78.9778
71.0803
78.9784
78.9807
78.9813
78.983
71.0848
71.0853
71.0854
71.0862
71.088
78.9871
71.0886
71.0887
78.9899
78.9908
71.0931
71.0937
78.994
71.0948
78.9946
78.9964
82.9476
71.0985
79.0005
79.0021
71.1027
79.0033
79.0046
71.1041
71.1056
71.1059
71.1076
79.0103
79.0107
79.0121
90.8641
79.0179
79.0178
71.118
71.1193
79.0223
71.1202
79.0233
71.1232
71.1246
79.0277
79.0292
79.0302
79.0304
79.031
79.0319
71.1289
71.1289
79.0331
79.0343
71.1314
79.0349
71.1317
79.0367
71.1331
79.037
71.1346
79.0385
79.0387
71.1349
71.135
71.1355
79.0411
79.0411
71.1375
71.1377
71.1396
79.0444
71.1431
79.048
71.1459
79.0512
79.0524
71.1475
71.1482
71.1482
90.9126
71.1494
71.15
71.1534
71.1561
79.0626
79.063
71.1568
79.0636
79.0653
79.0661
79.0663
79.0664
79.0671
79.0681
71.1614
71.1617
71.1618
71.1619
71.1641
79.0716
79.0718
79.073
79.0741
71.1679
71.1684
71.1692
79.078
79.0788
79.0787
79.0796
79.0797
79.0804
71.1725
79.0818
79.0821
79.0825
71.1744
71.1746
79.0841
79.0842
71.1766
79.0891
79.0907
71.1822
71.1828
71.184
71.1862
71.1863
71.1864
79.0963
79.0974
71.1881
71.1882
79.0982
79.0986
79.0992
71.1896
71.1907
79.1026
71.1928
79.1038
79.1042
79.1051
71.1956
79.1084
79.1087
71.1993
79.1116
79.1154
83.0712
79.1162
79.1185
79.1201
71.2085
71.2086
71.2086
71.2117
79.1255
71.2157
79.1287
71.2161
71.2165
79.1322
71.2194
79.1327
71.2198
71.2208
79.1361
71.223
71.2235
79.1389
91.0106
79.1408
71.2269
79.1412
79.1418
79.1419
71.2292
71.2304
71.2306
71.2308
79.1457
79.1459
79.1459
71.2314
79.1464
79.1468
71.2326
79.1481
79.149
79.1514
79.1518
79.1551
79.1557
71.2406
79.158
79.158
79.1583
71.2425
71.2427
71.2432
71.2433
71.2436
79.1633
79.1636
79.1652
79.1655
79.1677
79.1681
71.2517
71.2516
79.1693
79.1693
71.2538
71.2551
79.1723
71.2554
91.0515
79.1769
71.2595
71.2602
71.2603
71.261
79.1794
79.18
71.2631
71.2637
79.1821
71.264
71.2647
79.1833
71.2651
79.1889
79.1898
71.2721
79.1927
71.2739
79.1944
71.2759
79.1968
71.2774
71.278
79.1983
79.2019
79.202
71.2826
79.203
79.2032
79.2033
79.2033
71.2833
79.2049
79.2061
79.2063
79.2067
79.2077
71.2875
71.2882
79.2099
79.2103
79.2116
79.2132
71.2923
71.2934
79.2153
79.2174
91.1006
71.2962
79.2189
71.2984
79.2208
79.2215
71.2996
79.2237
71.3015
79.2245
79.2247
79.2265
79.2271
79.2275
79.228
79.2286
71.3063
79.2306
71.3088
79.2325
79.2333
71.3113
79.2357
71.3138
79.2377
