71.3675
71.3964
71.3968
71.3973
71.4014
71.4118
71.4447
71.4481
71.4657
71.491
71.4924
71.5172
71.5358
71.5444
71.55
71.5876
71.6288
71.6319
71.6399
71.6879
71.702
71.7153
71.7345
71.7579
71.7636
71.7865
71.8025
71.8149
71.8163
71.8188
71.8238
71.8618
71.8676
71.876
83.858
71.8918
71.8942
71.8993
71.9026
71.9163
71.9458
71.9627
71.9839
71.9852
71.9904
71.9903
71.9952
72.0389
72.062
72.0681
72.0718
72.0809
72.1065
72.1084
72.1165
72.1215
72.1477
72.1573
72.1598
72.1661
72.1818
72.1898
72.1968
84.2527
72.2165
72.237
72.2492
72.2514
72.2879
72.2931
72.3058
72.3207
72.3218
72.3268
72.3398
72.3429
72.3473
72.3506
72.3581
72.3616
72.362
72.3626
72.3737
72.3739
72.3829
72.3943
72.4144
72.4187
72.4274
72.4327
72.4374
72.4483
72.4573
72.4627
72.4649
72.5142
72.5247
72.5507
72.559
72.5673
72.5691
72.571
72.5713
72.576
72.5877
72.5968
72.5997
72.607
72.6161
72.6251
72.6338
72.6349
72.636
72.6399
72.6398
72.6421
72.6522
72.6639
72.6655
72.6718
72.6753
72.6775
72.679
72.7209
72.7364
72.7447
72.7564
72.7643
72.7878
72.7908
72.7944
72.8038
72.8045
72.819
72.8412
72.8417
72.8476
72.8701
72.8767
72.884
72.8846
72.8883
72.9041
72.913
72.9181
72.9223
72.9257
72.9331
72.9385
72.9433
85.1176
72.974
73.0142
73.055
73.055
73.0578
73.0718
73.0788
85.2611
73.0873
73.0996
73.1052
73.1129
73.1132
73.1206
73.1258
73.1258
73.1299
73.1304
73.1415
73.1464
73.1584
73.1592
73.1697
73.1822
73.1865
73.2238
73.2408
73.2434
73.2835
85.5092
73.2973
73.2985
73.335
73.3368
73.3777
73.391
73.4043
73.4905
73.4923
73.4944
73.5014
73.5128
73.5175
73.5369
73.5626
73.5941
73.6671
85.9544
73.7274
73.7684
73.7703
73.7795
73.7854
73.8025
73.82
73.8261
73.8301
73.8898
73.8973
58.2186
58.2427
58.243
58.2435
58.2469
58.2556
58.283
58.2859
58.3005
58.3216
58.3227
58.3434
58.3589
58.3661
58.3708
58.4021
58.4364
58.439
58.4457
58.4857
58.4974
58.5085
58.5245
58.5302
58.544
58.5488
58.5543
58.5547
58.5551
58.5585
58.5672
58.5678
58.5812
58.5915
78.1229
58.5927
58.5946
58.5947
58.5975
58.5989
58.6121
70.339
78.1551
78.1555
78.1561
78.1606
78.1722
58.6306
58.6332
58.6344
58.6354
70.368
70.3683
70.3689
58.6424
70.373
70.3732
70.3834
58.655
58.6556
78.2087
58.6576
78.2126
78.2157
58.6619
58.6646
58.6705
78.2321
58.676
58.6777
70.4162
58.6824
70.4197
78.2478
78.2482
78.2488
78.2534
70.4327
78.2602
78.2617
70.4373
78.265
58.7006
58.7137
58.7147
78.2893
70.4616
70.462
70.4626
70.4625
70.464
70.4666
78.3015
78.3053
70.477
58.7324
78.3099
58.7334
58.7377
58.7377
78.3195
70.4888
58.7418
78.3249
78.3257
78.3258
58.748
58.7506
70.5073
58.7573
70.5099
70.5133
70.516
78.353
78.3545
70.5216
78.3579
78.3583
78.3589
78.3634
78.3675
70.5309
58.7782
78.375
78.3821
70.548
70.5562
58.7973
58.7974
70.5576
70.5592
78.4027
58.8025
58.8056
78.4115
58.8091
78.4123
78.4133
78.4154
78.4167
58.8132
78.4185
70.5769
70.5773
70.5778
70.5819
70.5824
78.4256
58.8201
78.4349
70.5923
70.6004
70.601
58.8345
58.8361
58.8361
70.6034
70.6096
58.8428
70.6115
78.4603
70.6152
58.847
78.463
78.4646
70.6252
58.8556
70.6287
78.4789
58.8604
78.486
58.8689
78.4921
78.4947
70.6463
58.8768
70.6528
58.8789
58.8794
78.5061
78.5094
78.5095
70.6595
58.8842
78.5127
78.5181
78.5184
78.5185
78.5191
78.5223
78.5237
58.8928
70.6715
70.6729
70.6736
78.5286
58.8973
78.5308
78.5353
58.9031
58.9039
58.9043
70.6868
58.9063
58.9098
58.9105
70.694
70.6971
70.6977
78.5568
70.7051
70.7061
78.5631
58.9262
70.7115
78.5703
78.5717
78.5717
70.7163
78.5756
70.7249
78.5874
70.7295
78.5885
70.7305
58.9422
58.9433
70.7352
78.5952
58.947
78.6021
58.9534
58.954
78.6063
58.9552
70.7471
70.7531
78.6161
78.6195
70.7581
78.6201
78.6216
58.9672
78.6232
78.6236
78.6244
78.6248
58.9692
78.6284
78.63
70.7673
70.7681
58.9735
58.9762
70.7741
70.7805
58.9857
78.6495
58.9876
70.7865
78.6524
70.7879
58.99
78.6559
70.7904
70.7954
70.7997
59.0006
78.6722
78.673
70.8093
78.6786
70.8124
78.6813
78.6818
78.6826
59.0122
59.013
59.014
78.688
78.6888
70.8204
90.4941
59.0181
70.8231
78.6975
70.8288
78.6991
59.0263
70.8334
59.0289
78.7055
78.7082
59.0315
70.8391
78.7122
78.7129
59.0352
78.7139
78.7144
59.0379
78.7172
78.7175
70.8476
82.6582
78.7227
70.8517
59.044
59.0442
59.045
59.0471
59.0474
78.7306
59.0479
59.0493
59.0493
78.7327
78.7336
70.8634
59.0534
70.8658
70.8677
70.8684
59.0572
59.0573
70.8709
70.8742
59.0648
70.8801
70.8815
70.8826
78.7596
70.884
70.8879
78.765
78.7655
70.889
59.0743
78.7659
78.7714
70.8958
78.7764
78.7797
78.7808
90.6008
78.7843
59.0898
59.0911
78.7887
78.7914
59.0947
70.9151
70.9174
78.7983
78.801
59.1019
78.8067
70.927
78.8079
59.1063
78.8091
78.8092
78.8103
59.109
59.1103
70.9328
78.815
78.815
70.9343
59.1141
78.8204
70.9384
78.8229
59.1172
70.9412
78.8244
78.8255
59.1193
82.7674
70.9441
78.8272
78.8328
59.1248
59.1269
70.9555
70.9567
70.957
59.1313
78.842
70.9594
59.1332
70.9619
70.962
70.9645
70.9668
70.967
70.9678
78.8577
78.8583
59.1461
59.1477
70.9792
70.9815
78.869
70.983
78.8724
59.1544
78.875
78.8771
59.1586
78.8814
70.9955
70.9968
70.9993
78.8885
78.8908
90.7273
71.0043
78.8938
78.8946
71.0081
71.0085
59.1742
71.009
71.0105
78.9007
71.011
78.9014
78.902
71.0131
78.9055
59.1805
78.9078
78.9078
78.9084
59.183
78.911
78.9132
71.0236
78.9156
78.9167
59.1884
78.9198
71.0279
78.9203
78.9207
59.1905
78.9211
78.9216
78.9261
71.0335
78.9262
59.1958
71.0397
78.9355
71.0423
71.0434
78.9378
59.2047
71.0481
71.0491
78.944
71.0504
71.0507
59.2089
78.9462
71.0525
59.2116
71.0556
71.0555
78.9516
71.0564
71.0565
59.2155
82.902
78.9551
71.0599
71.0604
59.2184
59.22
78.9607
78.9618
59.2214
59.2216
59.2218
59.2258
78.9683
78.9693
71.0723
71.0747
78.9743
71.0775
71.078
71.0797
71.0798
71.08
71.08
78.9781
71.0806
59.2355
71.0831
71.0847
78.9831
59.2378
71.0854
78.9846
71.088
78.9871
78.9874
78.9874
78.9899
59.2431
71.0931
78.993
59.2455
78.9942
71.0951
71.0968
78.9977
78.9983
79.0005
59.2516
71.1027
79.0033
71.1041
71.1041
79.0063
59.2549
79.0084
79.0103
79.0107
79.0121
59.2592
79.0179
79.0178
59.265
71.1193
59.2667
59.2668
79.0233
79.0258
79.0273
79.0277
71.1263
71.1272
71.1274
71.1279
59.2739
71.1289
71.1289
59.2749
59.2757
71.1314
71.1314
79.0352
79.0367
79.0368
71.1333
79.0384
59.2789
59.279
79.0388
79.0389
79.0394
59.2808
71.137
79.0416
71.1377
79.044
79.0444
79.0479
71.1432
79.051
71.1461
59.2893
71.1475
79.0535
90.9116
71.149
79.0549
79.0556
71.1534
71.1561
71.1563
71.1567
59.2973
71.1572
59.299
71.1594
79.0663
90.9264
59.3003
71.1613
71.1614
79.0686
71.1618
59.3016
79.0713
71.1645
79.0718
71.1657
59.3056
79.0755
71.1684
79.0769
59.3085
71.1709
71.1709
71.1717
71.1718
59.3103
79.0806
71.1736
59.3116
71.1743
79.0827
59.3122
71.1757
71.1758
79.0851
79.0891
71.1817
79.0913
79.092
79.0933
79.0957
79.0959
79.0961
71.1867
79.0974
71.1881
83.0529
71.1884
71.1887
71.1893
59.3246
59.3256
79.1026
79.1031
71.1934
79.1042
79.1051
59.3297
79.1084
59.3315
71.1993
71.2005
71.2038
79.1155
71.2046
79.1185
71.2081
79.1205
71.2086
59.3405
59.3431
71.2129
79.1285
59.3465
59.3468
79.1294
71.219
59.3495
71.2194
79.1331
71.2208
71.2225
71.223
79.1372
71.225
71.2257
59.3556
59.3558
59.3559
59.3564
71.2277
79.1436
59.3587
79.1451
59.359
79.1457
59.3594
71.2313
59.3595
59.3598
79.1468
79.1473
71.2333
79.149
79.1514
71.2366
59.3663
71.2401
71.2406
59.3685
79.158
71.2425
59.3688
59.3689
79.1591
91.0331
71.2436
71.247
79.1636
71.2486
79.1655
71.251
59.3761
59.3764
71.2516
71.2523
71.2523
79.1709
79.1723
71.255
79.1727
71.2577
59.3827
71.2595
79.178
79.1781
79.1789
71.2614
71.262
59.3859
79.1819
79.1821
79.1823
71.2647
79.1833
79.1835
79.1889
71.2709
79.1912
79.1927
79.1933
59.3958
79.1954
71.2772
71.2774
79.1978
59.3987
71.2817
83.1621
79.2029
59.4022
79.2032
79.2033
71.283
59.4027
71.2844
79.2061
59.4047
79.2067
71.287
59.4063
79.2091
71.2889
59.4078
79.2116
79.2132
71.2923
71.2934
79.2153
71.2957
59.4134
59.4135
71.297
71.2984
59.4156
59.4161
71.2996
79.2237
59.4179
71.302
71.3022
71.3039
71.3043
79.2275
79.228
79.2286
59.4219
79.2306
79.232
71.3092
71.31
71.3113
71.3121
71.3138
59.4283
