336
338
413
462
352
465
468
378
374
498
390
363
574
360
354
360
442
423
347
293
319
317
367
372
332
450
385
466
378
259
276
354
395
305
290
350
371
433
448
381
283
381
371
308
320
318
468
280
348
265
298
373
262
409
364
283
271
287
281
280
331
343
261
335
318
454
225
357
484
420
319
358
359
301
259
366
363
253
340
443
261
1001
334
377
267
360
286
359
310
258
272
312
301
405
289
377
295
275
277
284
304
333
364
302
365
495
416
329
295
344
350
361
304
325
297
411
382
407
513
325
296
391
402
298
451
384
371
313
332
312
387
382
329
297
445
317
398
292
375
270
308
260
335
404
360
219
241
346
288
373
245
375
467
306
299
249
291
393
322
232
291
323
220
406
341
329
340
310
428
384
299
369
470
352
378
335
384
208
317
433
337
275
368
336
381
433
269
279
237
371
286
298
309
419
293
372
327
295
307
260
346
231
335
265
324
318
367
292
369
487
237
227
249
289
239
290
288
258
211
287
260
241
280
227
237
253
235
303
213
212
220
197
231
243
254
236
236
263
306
253
309
269
250
276
236
262
312
205
275
171
235
250
232
248
283
235
286
239
314
263
240
253
280
311
235
261
213
320
250
219
298
250
258
248
295
279
296
225
268
244
322
255
276
248
260
295
243
257
298
259
254
298
191
258
250
239
251
282
325
320
285
259
309
268
327
251
294
186
191
241
234
263
294
242
270
239
252
313
343
228
321
285
258
312
275
267
264
295
332
271
250
253
207
326
251
244
333
231
214
278
271
322
229
213
340
223
245
248
284
303
230
246
234
255
305
252
261
230
212
269
293
289
320
214
243
237
320
255
225
251
258
266
206
350
291
304
263
260
218
251
243
181
274
225
231
217
280
260
292
269
208
313
231
237
375
237
244
252
295
266
248
267
300
260
242
270
209
236
289
304
235
262
231
217
212
188
271
330
251
251
245
256
237
238
217
276
305
227
303
257
240
233
274
282
246
250
272
249
229
265
224
200
253
246
257
226
230
305
324
310
275
258
234
302
248
217
263
262
263
187
237
249
315
297
270
229
242
262
270
309
252
278
259
248
216
204
253
225
245
300
252
254
301
297
239
240
205
211
222
230
243
227
221
224
281
260
258
258
268
261
191
234
261
254
279
243
293
239
288
270
226
225
291
239
227
195
304
263
226
191
299
221
254
180
206
253
272
276
252
302
278
276
226
183
235
311
317
246
322
280
235
279
224
290
253
197
200
212
257
274
212
249
308
237
226
248
207
246
231
321
216
243
213
247
265
209
299
267
253
238
286
197
299
224
207
268
208
248
275
234
294
253
327
222
252
285
279
209
237
243
229
214
244
221
275
215
249
253
226
277
214
258
232
323
321
287
313
233
203
212
252
240
293
207
258
217
234
278
260
214
291
291
260
214
248
242
240
187
243
216
223
244
258
292
224
264
214
234
208
247
220
192
252
223
269
221
288
308
293
235
321
227
251
278
327
238
263
264
291
245
240
251
242
235
297
248
235
303
226
259
278
212
210
225
221
249
267
251
217
262
283
298
234
251
218
224
268
330
222
216
215
214
216
240
251
235
223
253
231
257
307
222
225
211
302
280
222
261
241
252
290
212
288
241
231
263
254
284
225
223
195
247
230
186
208
234
273
264
236
223
224
232
292
252
226
257
249
288
251
229
281
232
212
249
265
201
205
238
261
333
306
269
224
201
244
222
257
241
235
241
247
226
254
244
248
246
221
242
238
205
219
263
267
291
249
241
260
235
250
215
240
262
230
263
223
265
226
220
197
250
301
245
238
210
223
271
240
232
250
234
225
272
212
262
237
235
279
261
255
228
195
230
303
220
296
222
216
248
213
273
248
290
277
216
251
203
230
235
294
246
276
256
249
307
226
271
262
247
227
259
250
247
239
259
298
220
237
211
234
249
239
263
235
235
248
257
218
291
236
256
277
244
233
306
201
258
212
200
206
251
255
215
227
205
262
210
234
275
219
264
195
237
245
264
296
217
307
313
271
228
251
279
241
275
245
225
257
220
296
272
314
226
266
224
307
273
222
189
247
233
236
311
237
235
232
231
251
267
252
215
233
215
254
199
260
251
234
206
289
249
216
252
243
229
230
283
224
314
297
224
298
229
234
231
221
304
301
214
218
248
267
267
258
236
244
236
201
238
309
249
272
252
216
259
220
238
250
247
239
249
236
253
255
238
215
233
219
242
240
217
246
222
246
244
218
313
250
214
303
219
191
223
262
209
254
219
208
195
216
182
1
