39.6486
39.6647
39.6649
39.6652
39.6674
39.6732
39.6915
39.6934
39.7032
39.7172
39.718
39.7318
39.7421
39.7469
39.75
39.7709
39.7938
39.7955
39.7999
39.8266
39.8345
39.8418
39.8525
39.8655
39.8687
39.8814
39.8903
39.8972
39.8979
39.8993
39.9021
39.9232
39.9264
39.9311
39.9324
39.9399
39.9412
39.9441
39.9459
39.9535
39.9699
39.9793
39.9911
39.9918
39.9947
39.9946
39.9974
40.0216
40.0344
40.0378
40.0399
40.045
40.0591
40.0602
40.0647
40.0675
40.0821
40.0874
40.0888
40.0923
40.101
40.1055
40.1093
40.1203
40.1203
40.1317
40.1385
40.1397
40.16
40.1628
40.1699
40.1782
40.1788
40.1816
40.1888
40.1905
40.1929
40.1948
40.199
40.2009
40.2011
40.2014
40.2076
40.2077
40.2127
40.219
40.2302
40.2326
40.2375
40.2404
40.243
40.249
40.2541
40.257
40.2583
40.2857
40.2915
40.306
40.3106
40.3151
40.3162
40.3172
40.3174
40.32
40.3265
40.3316
40.3332
40.3372
40.3423
40.3473
40.3521
40.3527
40.3533
40.3555
40.3554
40.3567
40.3624
40.3688
40.3697
40.3732
40.3751
40.3764
40.3772
40.4005
40.4091
40.4137
40.4202
40.4246
40.4377
40.4393
40.4413
40.4466
40.4469
40.455
40.4673
40.4676
40.4709
40.4834
40.4871
40.4911
40.4914
40.4935
40.5023
40.5072
40.51
40.5124
40.5143
40.5184
40.5214
40.524
40.5322
40.5411
40.5634
40.5861
40.5861
40.5877
40.5955
40.5993
40.6005
40.6041
40.6109
40.614
40.6183
40.6185
40.6225
40.6254
40.6255
40.6277
40.628
40.6342
40.6369
40.6435
40.644
40.6498
40.6568
40.6592
40.6799
40.6893
40.6908
40.7131
40.7186
40.7207
40.7214
40.7417
40.7426
40.7654
40.7728
40.7802
40.8281
40.8291
40.8302
40.8341
40.8404
40.8431
40.8538
40.8681
40.8856
40.9262
40.9306
40.9596
40.9825
40.9835
40.9886
40.9919
41.0014
41.0111
41.0145
41.0167
41.0499
41.0541
38.8124
38.8285
38.8287
38.829
38.8313
38.8371
38.8553
38.8572
38.867
38.8811
38.8818
38.8956
38.9059
38.9107
38.9138
38.9347
38.9576
38.9593
38.9638
38.9904
38.9983
39.0056
39.0163
39.0202
39.0293
39.0325
39.0362
39.0364
39.0367
39.039
39.0448
39.0452
39.0541
39.061
39.0615
39.0618
39.063
39.0632
39.065
39.0659
39.0748
39.0772
39.0775
39.0777
39.078
39.0803
39.0861
39.0871
39.0888
39.0896
39.0903
39.0933
39.0935
39.0938
39.095
39.0961
39.0962
39.1019
39.1034
39.1037
39.1043
39.1051
39.1063
39.1078
39.1079
39.1097
39.1137
39.1161
39.1173
39.1185
39.1201
39.1216
39.1221
39.1239
39.1241
39.1244
39.1267
39.1293
39.1301
39.1309
39.1318
39.1325
39.1337
39.1425
39.1431
39.1447
39.1453
39.1455
39.1459
39.1458
39.1467
39.1481
39.1507
39.1527
39.1539
39.1549
39.155
39.1556
39.1585
39.1585
39.1598
39.1604
39.1612
39.1624
39.1629
39.1629
39.1654
39.167
39.1707
39.1715
39.1721
39.1741
39.1756
39.1765
39.1773
39.1787
39.1789
39.1791
39.1794
39.1817
39.1838
39.1839
39.1855
39.1875
39.191
39.1933
39.1979
39.1982
39.1983
39.1987
39.1995
39.2013
39.2017
39.2037
39.2058
39.206
39.2062
39.2067
39.2077
39.2083
39.2088
39.2093
39.2094
39.2096
39.2099
39.2122
39.2125
39.2128
39.2134
39.2175
39.218
39.2225
39.2228
39.223
39.2241
39.224
39.2241
39.2276
39.2285
39.2286
39.2301
39.2307
39.2313
39.2315
39.2323
39.2362
39.2371
39.2381
39.2395
39.2402
39.243
39.2459
39.2461
39.2473
39.2479
39.2512
39.2516
39.2526
39.253
39.253
39.2547
39.2547
39.2553
39.2561
39.2564
39.2591
39.2592
39.2593
39.2596
39.2612
39.2618
39.2619
39.262
39.2627
39.2631
39.2643
39.2648
39.2654
39.2676
39.2687
39.2693
39.2695
39.2705
39.2709
39.2732
39.2737
39.2745
39.2761
39.2765
39.2784
39.2806
39.2812
39.2815
39.2841
39.2842
39.2852
39.2859
39.2859
39.2868
39.2878
39.2916
39.2937
39.2942
39.2943
39.2947
39.2948
39.2955
39.2973
39.2976
39.298
39.3011
39.3023
39.3027
39.3032
39.3035
39.304
39.3073
39.3081
39.3098
39.3101
39.3101
39.3108
39.3115
39.3116
39.3118
39.3122
39.3124
39.3128
39.3142
39.315
39.3151
39.3156
39.3156
39.3175
39.3189
39.3225
39.3238
39.3248
39.3251
39.3258
39.3262
39.3266
39.3267
39.3279
39.328
39.3308
39.3332
39.3337
39.3361
39.3365
39.3385
39.3393
39.3402
39.3407
39.3409
39.3413
39.3414
39.342
39.3426
39.344
39.3444
39.3447
39.3453
39.3454
39.3462
39.3487
39.3493
39.3495
39.3509
39.3519
39.3526
39.3528
39.3541
39.3543
39.3551
39.3561
39.3564
39.3568
39.3569
39.3572
39.3586
39.3586
39.3588
39.3598
39.3611
39.3614
39.3621
39.3627
39.3628
39.3633
39.3647
39.365
39.3653
39.3653
39.3662
39.3662
39.3664
39.3668
39.3686
39.3689
39.3699
39.371
39.3713
39.3714
39.3716
39.3727
39.3745
39.3765
39.3778
39.3786
39.3792
39.3798
39.38
39.3821
39.3825
39.3827
39.3828
39.3829
39.383
39.3857
39.3865
39.3882
39.3899
39.3904
39.3916
39.3922
39.3932
39.3941
39.3943
39.3957
39.3964
39.3973
39.3985
39.3992
39.4005
39.4013
39.4033
39.4039
39.404
39.4042
39.4046
39.4046
39.4051
39.406
39.4069
39.4071
39.4075
39.4075
39.4079
39.4094
39.4102
39.4102
39.4115
39.4115
39.4118
39.4122
39.4127
39.4129
39.4131
39.4134
39.4136
39.4164
39.4165
39.4179
39.4197
39.4204
39.4206
39.4209
39.421
39.4219
39.4221
39.4233
39.4233
39.4247
39.426
39.4261
39.4266
39.4289
39.4291
39.4307
39.4318
39.4329
39.4342
39.4345
39.435
39.4362
39.4363
39.4375
39.4385
39.4391
39.4407
39.4419
39.4427
39.4441
39.4442
39.4454
39.4467
39.4468
39.4469
39.4473
39.449
39.4492
39.4495
39.4495
39.4503
39.4503
39.4505
39.4507
39.451
39.4517
39.4528
39.4536
39.4539
39.4539
39.4542
39.4554
39.4555
39.4566
39.4575
39.4578
39.4584
39.459
39.4599
39.46
39.4602
39.4603
39.4603
39.4605
39.4608
39.4631
39.4631
39.4631
39.4639
39.4665
39.4678
39.468
39.4686
39.4689
39.4698
39.4712
39.4718
39.472
39.4724
39.4726
39.4726
39.4731
39.4736
39.4744
39.4753
39.4753
39.4758
39.4758
39.4759
39.477
39.4771
39.4776
39.4777
39.478
39.479
39.48
39.4804
39.4809
39.4809
39.4811
39.4812
39.4839
39.4842
39.4847
39.4846
39.486
39.4871
39.4875
39.4878
39.4887
39.4888
39.4889
39.4889
39.4891
39.4892
39.4903
39.4906
39.4915
39.4916
39.4919
39.4919
39.4923
39.4934
39.4936
39.4937
39.4937
39.4949
39.4954
39.4962
39.4965
39.497
39.4971
39.4973
39.4982
39.4988
39.4992
39.5003
39.5011
39.5015
39.5016
39.5023
39.5023
39.5031
39.5033
39.5042
39.5052
39.5054
39.506
39.5061
39.5089
39.5089
39.51
39.5107
39.5111
39.5112
39.5116
39.5129
39.5137
39.5139
39.5146
39.5151
39.5152
39.5155
39.516
39.516
39.5161
39.5166
39.5172
39.5174
39.5174
39.5176
39.5183
39.5184
39.5185
39.5192
39.5193
39.5193
39.5194
39.5195
39.5197
39.5205
39.5206
39.5208
39.521
39.522
39.5222
39.524
39.524
39.5255
39.5256
39.5262
39.5264
39.5268
39.5268
39.5272
39.5274
39.5278
39.5297
39.5312
39.5313
39.5315
39.5315
39.5318
39.5327
39.533
39.5331
39.5332
39.5335
39.5341
39.5341
39.5343
39.5343
39.5344
39.5356
39.5358
39.5359
39.5365
39.537
39.5378
39.538
39.5385
39.539
39.5394
39.5394
39.5398
39.5399
39.5402
39.5403
39.5409
39.5411
39.5413
39.5413
39.5415
39.542
39.5421
39.5426
39.5446
39.5454
39.5457
39.546
39.5466
39.5479
39.548
39.548
39.5482
39.5487
39.5489
39.549
39.5491
39.5493
39.5496
39.5498
39.5504
39.5513
39.5516
39.5519
39.5521
39.5525
39.5531
39.5542
39.5543
39.5552
39.5558
39.5577
39.5577
39.5581
39.5592
39.56
39.5603
39.5603
39.5603
39.5621
39.5627
39.5643
39.5643
39.5645
39.5647
39.5661
39.5664
39.5664
39.5665
39.5671
39.5681
39.5683
39.5686
39.5694
39.5698
39.5704
39.5705
39.5706
39.5709
39.5709
39.5718
39.5725
39.5725
39.5727
39.5728
39.5729
39.573
39.573
39.5732
39.5734
39.5737
39.5741
39.5745
39.5757
39.5759
39.5775
39.5778
39.5781
39.579
39.579
39.5792
39.5792
39.5793
39.5795
39.5796
39.5798
39.5817
39.5818
39.5826
39.5828
39.5839
39.5841
39.5843
39.5842
39.5846
39.5846
39.5855
39.5861
39.5861
39.5863
39.5876
39.5885
39.5886
39.589
39.589
39.5895
39.5897
39.59
39.5906
39.5909
39.5911
39.5911
39.5915
39.5917
39.5917
39.5944
39.5949
39.5956
39.5964
39.5966
39.5972
39.5977
39.5984
39.5985
39.5989
39.5992
39.601
39.601
39.6014
39.6015
39.6016
39.6017
39.6017
39.6018
39.6024
39.6031
39.6031
39.6034
39.6039
39.6042
39.6046
39.6049
39.6052
39.6058
39.6066
39.6068
39.6075
39.6077
39.6087
39.6089
39.609
39.6094
39.6102
39.6104
39.6107
39.6109
39.6118
39.612
39.6122
39.6124
39.6133
39.6135
39.6138
39.614
39.6143
39.6146
39.6153
39.616
39.6162
39.6166
39.6174
39.6178
39.6188
39.6189
39.6191
39.6191
39.6192
39.6195
39.6197
39.6203
39.6205
39.6206
39.6206
39.6216
39.6221
39.6223
39.623
39.6235
39.6236
39.6237
39.624
39.6254
39.6256
39.6256
39.6261
39.6265
39.6268
39.6276
39.6286
39.6288
39.6292
39.6293
39.6296
39.6295
39.6298
39.6298
39.6299
39.6301
39.6301
39.6312
39.6313
39.6314
39.6319
39.6321
39.6321
39.6322
39.6335
39.6343
39.6343
39.6345
39.6346
39.6346
39.6347
39.6363
39.6364
39.6368
39.637
39.6375
39.6375
39.6375
39.6375
39.6379
39.6381
39.6393
39.6406
39.6408
39.6414
39.6431
39.6435
39.6455
39.6457
39.646
39.6472
39.6477
39.6478
39.648
39.6482
39.6483
39.6497
39.6498
39.65
39.6502
39.6503
39.6504
39.6506
39.6506
39.6506
39.6509
39.6509
39.6522
39.6526
39.6527
39.653
39.6531
39.6533
39.6535
39.6539
39.654
39.6541
39.6545
39.6546
39.6549
39.6553
39.6553
39.6558
39.6559
39.6561
39.6572
39.6573
39.6581
39.6582
39.6585
39.6589
39.6589
39.6589
39.6591
39.6595
39.6602
39.6604
39.6604
39.6607
39.6612
39.6613
39.6619
39.6619
39.6621
39.6622
39.6631
39.6643
39.665
39.6651
39.6657
39.6658
39.6661
39.6661
39.6666
39.6669
39.6669
39.667
39.6679
39.669
39.6694
39.6699
39.671
39.6712
39.6712
39.6717
39.672
39.6736
39.6739
39.6742
39.6744
39.6746
39.6755
39.6762
39.6764
39.6765
39.6766
39.6766
39.6771
39.6771
39.6772
39.6775
39.6777
39.6781
39.6782
39.6783
39.6791
39.6796
39.6799
39.6812
39.6815
39.6816
39.6817
39.6818
39.6818
39.6819
39.6821
39.6821
39.6822
39.6822
39.6827
39.6827
39.6832
39.6832
39.6836
39.6842
39.6844
39.6844
39.6852
39.6857
39.6859
39.6864
39.6867
39.6867
39.687
39.6877
39.6879
39.6883
39.6884
39.6888
39.6889
39.6889
39.689
39.6895
39.6895
39.6905
39.6907
39.691
39.6916
39.6919
39.6925
39.6927
39.6928
39.6931
39.6932
39.6932
39.6934
39.6936
39.695
39.6954
39.6959
39.696
39.6964
39.6965
39.6967
39.6978
39.6978
39.698
39.6981
39.6983
39.6985
39.699
39.6995
39.6996
39.6997
39.6998
39.7006
39.7011
39.7012
39.702
39.7023
39.7029
39.7029
39.703
39.7031
39.7037
39.7037
39.7044
39.7048
39.7048
39.7047
39.7049
39.7054
39.7057
39.7064
39.7068
39.7071
39.7072
39.7075
39.7076
39.7083
39.7084
39.7088
39.7091
39.7107
39.7109
39.711
39.7116
39.7132
39.7133
39.7133
39.7139
39.7143
39.7143
39.7146
39.7147
39.7147
39.7147
39.7152
39.7154
39.7154
39.7157
39.7163
39.7167
39.7173
39.7175
39.7176
39.718
39.7181
39.7183
39.7183
39.7186
39.7188
39.7189
39.7189
39.7189
39.719
39.7192
39.7192
39.7192
39.7195
39.7201
39.7202
39.7208
39.7211
39.7211
39.7212
39.7218
39.7219
39.722
39.722
39.7221
39.7229
39.7232
39.7234
39.7234
39.7235
39.7237
39.7237
39.7242
39.7243
39.7246
39.7249
39.7255
39.7261
39.7261
39.7262
39.7263
39.7265
39.7266
39.7268
39.727
39.727
39.7271
39.7273
39.7276
39.7278
39.728
39.7281
39.7283
39.7284
39.729
39.729
39.7297
39.7301
39.7302
39.7302
39.7321
39.7324
39.7326
39.7328
39.7329
39.7333
39.7335
39.7339
39.7341
39.7343
39.7345
39.7346
39.7347
39.7348
39.7352
39.7353
39.7356
39.7356
39.7357
39.7359
39.7363
39.7369
39.737
39.7371
39.7371
39.7374
39.7377
39.7376
39.7377
39.7378
39.739
39.7392
39.7394
39.7395
39.7397
39.7399
39.7402
39.7404
39.7413
39.7416
39.7429
39.743
39.7437
39.7438
39.7438
39.7444
39.7445
39.7448
39.7448
39.7448
39.7449
39.7449
39.7456
39.7457
39.7458
39.7459
39.7459
39.746
39.7461
39.7462
39.7467
39.7468
39.7469
39.7473
39.7473
39.7476
39.7477
39.7479
39.748
39.7487
39.7488
39.7491
39.75
39.7499
39.7499
39.7501
39.7504
39.7505
39.7508
39.7511
39.7515
39.7517
39.7517
39.7523
39.7525
39.7525
39.7531
39.7539
39.7542
39.7544
39.7547
39.7552
39.7552
39.7552
39.7564
39.7566
39.7566
39.7567
39.7569
39.7572
39.7573
39.7574
39.7575
39.7576
39.7583
39.7585
39.7593
39.7601
39.7602
39.7602
39.7611
39.7618
39.7631
39.7631
39.7633
39.7634
39.7636
39.7636
39.7638
39.7638
39.7639
39.7639
39.764
39.7643
39.7644
39.7646
39.7646
39.7649
39.765
39.7652
39.7653
39.7655
39.7656
39.7658
39.7659
39.7659
39.766
39.7661
39.7662
39.7663
39.7679
39.7679
39.7681
39.7684
39.7684
39.7683
39.7687
39.7696
39.7698
39.7699
39.7706
39.7709
39.7713
39.7713
39.7714
39.7716
39.7719
39.7721
39.7722
39.7723
39.7726
39.7726
39.7727
39.7729
39.7732
39.7744
39.7744
39.7747
39.7747
39.7749
39.775
39.7752
39.7752
39.7754
39.7754
39.7757
39.7758
39.776
39.776
39.776
39.7765
39.7766
39.7773
39.7775
39.7778
39.7779
39.7789
39.7789
39.7793
39.7795
39.78
39.7807
39.7808
39.781
39.7812
39.7814
39.7816
39.7816
39.7817
39.782
39.7821
39.7822
39.7823
39.7824
39.7826
39.7828
39.7831
39.7831
39.7838
39.7841
39.7842
39.7849
39.7851
39.7852
39.7853
39.7854
39.7857
39.7857
39.7858
39.7861
39.7861
39.7864
39.7865
39.7866
39.7867
39.7869
39.7869
39.7871
39.7873
39.7874
39.7877
39.7878
39.788
39.7892
39.7893
39.7893
39.7892
39.7897
39.7899
39.7901
39.7902
39.7903
39.7903
39.7905
39.7908
39.791
39.7912
39.7913
39.7916
39.7918
39.7918
39.7921
39.7924
39.793
39.7931
39.7934
39.7938
39.7939
39.7944
39.7953
39.7955
39.7955
39.7958
39.7958
39.7958
39.796
39.7962
39.7964
39.7965
39.7967
39.7968
39.7975
39.7978
39.7979
39.798
39.798
39.7984
39.7986
39.7988
39.7989
39.799
39.7991
39.7991
39.7994
39.7999
39.8003
39.8004
39.8007
39.8007
39.8012
39.8015
39.8015
39.8017
39.8018
39.8019
39.8019
39.802
39.8021
39.8029
39.803
39.8033
39.8034
39.8037
39.8038
39.804
39.8043
39.8043
39.805
39.8051
39.8058
39.8059
39.8059
39.8065
39.8065
39.8066
39.8071
39.8072
39.8074
39.8075
39.8077
39.8079
39.8079
39.8078
39.808
39.8092
39.8104
39.8107
39.8109
39.8109
39.8114
39.8118
39.812
39.8122
39.8123
39.8125
39.8126
39.8129
39.8134
39.8134
39.8137
39.8139
39.8146
39.8147
39.8148
39.8151
39.8156
39.8158
39.8159
39.816
39.8166
39.8167
39.8168
39.8172
39.8173
39.8179
39.8181
39.8185
39.8187
39.8187
39.8187
39.8194
39.8196
39.8197
39.8201
39.8202
39.8202
39.8206
39.8213
39.8214
39.8216
39.822
39.8221
39.8225
39.823
39.823
39.8242
39.8243
39.8243
39.8244
39.8246
39.8249
39.8252
39.8257
39.8257
39.8257
39.8265
39.8266
39.8266
39.8267
39.827
39.8269
39.827
39.8275
39.8276
39.828
39.8281
39.8285
39.8286
39.829
39.829
39.8292
39.8292
39.8292
39.8294
39.8301
39.8302
39.8303
39.8304
39.8304
39.8305
39.8315
39.8316
39.8318
39.8322
39.8325
39.8328
39.8331
39.8331
39.8333
39.8334
39.8335
39.8338
39.834
39.8343
39.8344
39.8348
39.835
39.8356
39.8356
39.8362
39.8361
39.8363
39.8365
39.8365
39.8369
39.8374
39.8374
39.8374
39.8375
39.8378
39.8379
39.8381
39.8382
39.8389
39.839
39.8392
39.8399
39.8406
39.8406
39.8408
39.8408
39.8424
39.8425
39.843
39.8434
39.8434
39.8434
39.8437
39.8445
39.8448
39.8456
39.8456
39.8456
39.8457
39.8458
39.8459
39.8461
39.8463
39.847
39.8472
39.8475
39.8481
39.8485
39.8487
39.8489
39.8489
39.849
39.8492
39.8492
39.8495
39.8498
39.8498
39.8504
39.8505
39.8507
39.8512
39.8514
39.8515
39.8515
39.8516
39.8518
39.8519
39.8522
39.8522
39.8524
39.8527
39.8532
39.8533
39.8533
39.8533
39.8539
39.8542
39.8543
39.8543
39.8544
39.8546
39.8548
39.8549
39.8549
39.8551
39.8552
39.8553
39.8553
39.8556
39.8558
39.8559
39.8559
39.8561
39.8564
39.8566
39.857
39.8577
39.8579
39.8578
39.8584
39.8585
39.8586
39.8587
39.8592
39.8594
39.8597
39.8598
39.8598
39.8599
39.8603
39.8604
39.8609
39.8609
39.861
39.8611
39.8613
39.8613
39.8614
39.8616
39.8619
39.8618
39.862
39.8621
39.8626
39.8627
39.863
39.8632
39.8635
39.8636
39.8637
39.8637
39.8639
39.864
39.864
39.8645
39.8648
39.865
39.8651
39.8651
39.866
39.8663
39.8663
39.8664
39.8664
39.8668
39.867
39.8671
39.8676
39.8676
39.8676
39.8679
39.868
39.868
39.8684
39.869
39.8695
39.8696
39.8696
39.8697
39.8698
39.87
39.871
39.8713
39.8717
39.8724
39.873
39.8731
39.8739
39.8749
39.8752
39.8755
39.8756
39.8756
39.876
39.8762
39.8762
39.8763
39.8763
39.8766
39.8766
39.8769
39.8771
39.8773
39.8776
39.8777
39.8779
39.8783
39.8788
39.879
39.8791
39.8791
39.8795
39.8798
39.8798
39.88
39.88
39.8802
39.8805
39.8809
39.8811
39.8812
39.8816
39.8818
39.8819
39.882
39.882
39.8825
39.8827
39.8829
39.883
39.8831
39.8832
39.8837
39.8836
39.8838
39.8838
39.8839
39.884
39.884
39.8842
39.8842
39.8844
39.8845
39.8847
39.885
39.885
39.8852
39.8853
39.8856
39.8857
39.8858
39.8859
39.887
39.8875
39.8877
39.8878
39.8879
39.8879
39.888
39.8883
39.8887
39.8888
39.889
39.8894
39.8895
39.8896
39.8898
39.8898
39.89
39.8906
39.8911
39.8913
39.8915
39.8915
39.892
39.8924
39.8925
39.893
39.8936
39.8936
39.8936
39.8942
39.8944
39.8945
39.8945
39.8944
39.8952
39.8956
39.8958
39.896
39.8961
39.8963
39.8963
39.8962
39.8967
39.8968
39.8969
39.8969
39.8971
39.8975
39.8975
39.8981
39.8981
39.8983
39.8986
39.8986
39.8987
39.8986
39.8991
39.8994
39.8995
39.8996
39.8999
39.9002
39.9002
39.9003
39.9004
39.9004
39.9006
39.9009
39.9009
39.9011
39.9011
39.9014
39.9018
39.9031
39.9038
39.9039
39.9039
39.904
39.9041
39.9043
39.9045
39.9046
39.9046
39.9046
39.905
39.905
39.9051
39.9053
39.9055
39.9056
39.9058
39.9058
39.9058
39.9059
39.9059
39.9061
39.9061
39.9061
39.9062
39.9064
39.9065
39.9065
39.9066
39.9068
39.907
39.9071
39.9072
39.9076
39.9084
39.9084
39.9085
39.9087
39.9087
39.9089
39.9093
39.9095
39.9105
39.9106
39.9114
39.9115
39.9116
39.9116
39.9118
39.9118
39.912
39.9121
39.9127
39.9128
39.9135
39.9136
39.9137
39.9142
39.9142
39.9143
39.9143
39.9144
39.9144
39.9145
39.9148
39.9148
39.9152
39.9156
39.9157
39.9159
39.916
39.916
39.9161
39.9163
39.9168
39.9178
39.9179
39.9181
39.9182
39.9183
39.9189
39.9189
39.9192
39.9198
39.9198
39.9199
39.92
39.9201
39.9201
39.9209
39.9211
39.922
39.922
39.9221
39.9221
39.9222
39.9222
39.9222
39.9223
39.9227
39.9229
39.923
39.923
39.9231
39.9234
39.9234
39.9237
39.924
39.9243
39.9249
39.925
39.925
39.9251
39.9253
39.9253
39.9256
39.9258
39.926
39.9266
39.9268
39.9268
39.9268
39.9269
39.9271
39.9272
39.9274
39.9274
39.9276
39.9276
39.9279
39.928
39.928
39.928
39.9292
39.9294
39.9295
39.9296
39.9297
39.9298
39.9302
39.9303
39.9304
39.9309
39.9311
39.9313
39.9313
39.9316
39.9316
39.9324
39.9325
39.9325
39.9327
39.9332
39.9334
39.9334
39.9339
39.9341
39.9341
39.9341
39.9342
39.9343
39.9343
39.9344
39.9345
39.9345
39.9348
39.935
39.9352
39.9352
39.9353
39.9357
39.9357
39.9359
39.9366
39.9366
39.9366
39.9367
39.9367
39.9369
39.9373
39.938
39.9382
39.9383
39.9383
39.9387
39.9389
39.9392
39.9402
39.9404
39.9405
39.9411
39.9412
39.9413
39.9417
39.9419
39.9425
39.9426
39.9429
39.9431
39.9433
39.9436
39.9436
39.9437
39.944
39.944
39.9441
39.9442
39.9443
39.9443
39.9444
39.9446
39.9446
39.9451
39.9452
39.9457
39.9462
39.9463
39.9465
39.9468
39.947
39.9471
39.9471
39.9477
39.948
39.9483
39.9487
39.949
39.9491
39.9498
39.9499
39.9501
39.9504
39.9506
39.9507
39.9506
39.9507
39.9511
39.9511
39.9512
39.9513
39.9514
39.9515
39.9516
39.9519
39.9519
39.9522
39.9523
39.9527
39.9527
39.9528
39.9536
39.9536
39.9538
39.9539
39.954
39.954
39.9542
39.9545
39.9554
39.9555
39.9556
39.9556
39.9556
39.9556
39.9556
39.9557
39.9557
39.9564
39.9564
39.9564
39.9567
39.9569
39.9573
39.9577
39.9577
39.9582
39.9582
39.9585
39.9585
39.9589
39.9589
39.9593
39.9592
39.9593
39.9593
39.9596
39.96
39.96
39.9607
39.9609
39.9609
39.9608
39.9612
39.9613
39.9615
39.9617
39.962
39.9622
39.9624
39.9625
39.9625
39.9626
39.9628
39.9631
39.9632
39.9637
39.9639
39.9641
39.964
39.9642
39.9643
39.9649
39.965
39.965
39.9652
39.9656
39.9655
39.9657
39.9659
39.966
39.9665
39.9665
39.9669
39.967
39.967
39.9671
39.9674
39.9676
39.9676
39.9676
39.9677
39.9687
39.969
39.9693
39.9693
39.9694
39.9695
39.9697
39.9698
39.9699
39.9704
39.9704
39.9708
39.9709
39.9716
39.9717
39.9717
39.9718
39.9718
39.9718
39.9718
39.9721
39.9721
39.9721
39.9724
39.9727
39.973
39.973
39.9732
39.9733
39.9735
39.9739
39.9742
39.9744
39.9745
39.9746
39.9748
39.9748
39.9749
39.9755
39.9756
39.976
39.976
39.9763
39.9766
39.9767
39.9768
39.9772
39.9772
39.9772
39.9775
39.9775
39.9776
39.979
39.9791
39.9793
39.9793
39.9798
39.9801
39.9803
39.9804
39.9803
39.9807
39.9807
39.9816
39.9819
39.9824
39.9825
39.983
39.983
39.9831
39.9833
39.9833
39.9833
39.9834
39.984
39.984
39.9842
39.9844
39.9845
39.9851
39.9852
39.9852
39.9854
39.9854
39.9854
39.9856
39.9857
39.9858
39.9859
39.9861
39.9861
39.9862
39.9863
39.9865
39.9866
39.9867
39.9868
39.9867
39.9869
39.9869
39.987
39.9872
39.9878
39.9878
39.9879
39.9881
39.9884
39.9886
39.989
39.9898
39.9899
39.99
39.99
39.9903
39.9905
39.9907
39.9909
39.9912
39.9913
39.9914
39.9917
39.9917
39.9919
39.9919
39.992
39.9921
39.9929
39.9929
39.993
39.9931
39.9931
39.9933
39.9938
39.9939
39.9941
39.9941
39.9942
39.9942
39.9945
39.9946
39.9946
39.9949
39.9949
39.9953
39.9956
39.9955
39.9957
39.9957
39.9959
39.9958
39.9961
39.9962
39.9963
39.9966
39.9966
39.9968
39.997
39.997
39.9971
39.997
39.9975
39.9977
39.998
39.998
39.9981
39.9981
39.9983
39.9984
39.9989
39.999
39.999
39.9991
39.9991
39.9993
39.9993
39.9995
39.9997
39.9998
40.0002
40.0004
40.0005
40.0008
40.0008
40.001
40.0013
40.0021
40.0021
40.0022
40.0025
40.0028
40.0029
40.003
40.0033
40.0033
40.0034
40.0035
40.0036
40.0036
40.0039
40.0042
40.0043
40.0043
40.0044
40.0046
40.0047
40.0047
40.0047
40.0048
40.0049
40.0051
40.0051
40.0054
40.0056
40.0057
40.0057
40.0062
40.0063
40.0068
40.0068
40.0069
40.0069
40.007
40.0073
40.0078
40.0078
40.0079
40.0081
40.0084
40.0083
40.0085
40.0094
40.0096
40.0096
40.0109
40.0112
40.0113
40.0118
40.0121
40.0122
40.0123
40.0123
40.0124
40.0124
40.0128
40.0128
40.0129
40.0134
40.0137
40.0137
40.0143
40.0145
40.0145
40.0145
40.0146
40.0147
40.0148
40.0148
40.0151
40.0151
40.0156
40.0156
40.0156
40.0156
40.0161
40.0161
40.0163
40.0166
40.0166
40.0169
40.0169
40.0169
40.017
40.017
40.0174
40.0175
40.0177
40.0179
40.0184
40.0188
40.019
40.0192
40.0201
40.0204
40.0204
40.0214
40.0215
40.0218
40.0217
40.0219
40.0221
40.0227
40.0228
40.0229
40.0229
40.023
40.0231
40.0231
40.0232
40.0233
40.0234
40.0236
40.0238
40.0238
40.0241
40.0241
40.0241
40.0242
40.0242
40.0243
40.0244
40.0245
40.0247
40.0249
40.0249
40.0249
40.0249
40.0252
40.0251
40.0255
40.0255
40.0256
40.0257
40.0256
40.0257
40.026
40.0259
40.026
40.026
40.0261
40.0266
40.0267
40.0269
40.0272
40.0273
40.0273
40.0278
40.0278
40.028
40.0281
40.0282
40.0283
40.0284
40.0285
40.0289
40.0292
40.0294
40.0295
40.0298
40.0305
40.0305
40.0307
40.0307
40.0307
40.031
40.0311
40.0312
40.0313
40.0314
40.0314
40.0316
40.0318
40.0318
40.0319
40.032
40.0322
40.0322
40.0322
40.0327
40.0327
40.0327
40.0327
40.0329
40.0331
40.0331
40.0333
40.0334
40.0333
40.0336
40.0336
40.0337
40.0339
40.034
40.0347
40.0354
40.0357
40.0357
40.0359
40.036
40.0361
40.0362
40.0363
40.0364
40.0365
40.0367
40.0374
40.038
40.0383
40.0383
40.0383
40.0383
40.0384
40.0386
40.0387
40.039
40.0396
40.0395
40.0399
40.0401
40.0406
40.0409
40.0408
40.041
40.0413
40.0413
40.0424
40.0426
40.0427
40.0427
40.0428
40.0429
40.0431
40.0432
40.0433
40.0438
40.0441
40.0442
40.0444
40.0445
40.0446
40.0447
40.0448
40.0448
40.045
40.0451
40.0454
40.0454
40.0454
40.0454
40.0454
40.0459
40.0461
40.0465
40.0467
40.0469
40.0469
40.0469
40.047
40.047
40.0471
40.0473
40.0474
40.0475
40.0479
40.048
40.048
40.0482
40.0487
40.0488
40.049
40.049
40.049
40.0493
40.0494
40.0495
40.0497
40.0497
40.0498
40.0504
40.0507
40.0512
40.0514
40.0516
40.0517
40.0518
40.0519
40.0521
40.0521
40.0522
40.0523
40.0527
40.0532
40.0534
40.0535
40.054
40.0541
40.0541
40.0542
40.0542
40.0543
40.0543
40.0548
40.0547
40.0548
40.0554
40.0554
40.0554
40.0557
40.0559
40.056
40.0564
40.0564
40.0566
40.0566
40.0568
40.0568
40.0569
40.057
40.0571
40.0571
40.0575
40.0575
40.0586
40.059
40.059
40.0591
40.0596
40.0597
40.0598
40.0599
40.06
40.0601
40.0602
40.0607
40.0608
40.0609
40.0611
40.0614
40.0614
40.0614
40.0615
40.0617
40.0617
40.062
40.0622
40.0623
40.0623
40.0625
40.0626
40.0627
40.0628
40.063
40.0631
40.0632
40.0633
40.0636
40.0636
40.0639
40.064
40.0642
40.0643
40.0643
40.0644
40.0647
40.0649
40.0649
40.0653
40.0654
40.0655
40.0656
40.0657
40.0657
40.0657
40.066
40.0661
40.0666
40.0668
40.0668
40.067
40.0671
40.0671
40.0671
40.0672
40.0675
40.0675
40.0676
40.0677
40.0678
40.0679
40.0681
40.0683
40.0686
40.0686
40.0688
40.0692
40.0697
40.0698
40.0699
40.0701
40.0702
40.0707
40.071
40.0713
40.0718
40.072
40.0722
40.0727
40.0727
40.0728
40.0731
40.073
40.0731
40.0732
40.0733
40.0736
40.074
40.0741
40.0742
40.0744
40.0745
40.0749
40.075
40.0752
40.0754
40.0754
40.0755
40.0756
40.0758
40.0759
40.0761
40.0762
40.0762
40.0764
40.0767
40.0769
40.0774
40.0775
40.0776
40.0776
40.0778
40.0777
40.0777
40.0779
40.078
40.078
40.078
40.0781
40.0781
40.0783
40.0785
40.0788
40.079
40.0792
40.0793
40.08
40.0801
40.0807
40.0807
40.0811
40.0811
40.0812
40.0813
40.0814
40.0816
40.0816
40.0818
40.0823
40.0827
40.0834
40.0839
40.0845
40.0846
40.0847
40.0847
40.0847
40.0847
40.0848
40.0849
40.085
40.085
40.085
40.0853
40.0854
40.0855
40.0856
40.0857
40.0858
40.0858
40.0859
40.0859
40.086
40.0864
40.0865
40.0867
40.087
40.0872
40.0872
40.0872
40.0873
40.0876
40.0877
40.0878
40.0878
40.0879
40.0882
40.0883
40.0885
40.0887
40.0892
40.0894
40.0895
40.0897
40.0898
40.09
40.09
40.0902
40.0902
40.0905
40.0905
40.0906
40.0912
40.0912
40.0913
40.0916
40.092
40.092
40.0922
40.0922
40.0923
40.0923
40.0925
40.0926
40.0927
40.093
40.0929
40.0933
40.0933
40.0934
40.0933
40.0933
40.0934
40.0934
40.0934
40.0934
40.0938
40.0942
40.0941
40.0942
40.0942
40.0945
40.0945
40.0947
40.0949
40.0949
40.095
40.0951
40.0956
40.0958
40.0961
40.0961
40.0962
40.0964
40.0967
40.0969
40.0971
40.0976
40.0978
40.0983
40.0983
40.0987
40.0989
40.0989
40.0991
40.0992
40.0993
40.0994
40.1003
40.1004
40.1004
40.1005
40.1005
40.1006
40.1016
40.1015
40.1016
40.1016
40.1017
40.1017
40.102
40.1021
40.1022
40.1027
40.1028
40.1029
40.103
40.103
40.1031
40.1032
40.1033
40.1035
40.1036
40.1036
40.1037
40.1041
40.1041
40.1041
40.1043
40.1043
40.1044
40.1047
40.1049
40.1051
40.1054
40.1057
40.1059
40.1059
40.106
40.106
40.1061
40.1061
40.1062
40.1064
40.1067
40.1068
40.1069
40.1069
40.107
40.1072
40.1075
40.1077
40.1077
40.1079
40.1081
40.1082
40.1082
40.1082
40.1084
40.1085
40.1085
40.1086
40.1087
40.1086
40.1091
40.1094
40.1096
40.1096
40.1096
40.1097
40.1097
40.1097
40.1103
40.1103
40.1104
40.1108
40.1108
40.1108
40.111
40.111
40.1112
40.1115
40.1116
40.1117
40.1118
40.1124
40.1125
40.1128
40.1128
40.1129
40.113
40.1132
40.1132
40.1134
40.1135
40.1135
40.1135
40.1136
40.1136
40.1136
40.1138
40.114
40.1142
40.1145
40.1146
40.1145
40.1145
40.1146
40.1147
40.1147
40.1148
40.1148
40.1148
40.1152
40.1153
40.1156
40.1157
40.1157
40.1158
40.1159
40.116
40.1166
40.1168
40.117
40.1174
40.1174
40.1175
40.1176
40.1177
40.118
40.1181
40.1181
40.1183
40.1184
40.1184
40.1185
40.119
40.1194
40.1195
40.1196
40.1203
40.1205
40.1207
40.1209
40.1215
40.1215
40.1217
40.1218
40.1219
40.1219
40.1222
40.1223
40.1224
40.1227
40.1228
40.1235
40.1237
40.1237
40.1237
40.1242
40.1242
40.1242
40.1244
40.1245
40.1246
40.1247
40.1246
40.1247
40.1248
40.1248
40.1248
40.1249
40.1251
40.1252
40.1253
40.1254
40.1255
40.1254
40.1257
40.1259
40.126
40.126
40.1262
40.1266
40.1266
40.1268
40.127
40.1272
40.1274
40.1273
40.1275
40.1275
40.1283
40.1283
40.1286
40.1287
40.1288
40.1288
40.1289
40.1289
40.1291
40.1295
40.1299
40.13
40.1303
40.1305
40.1306
40.1306
40.1309
40.1308
40.1312
40.1312
40.1312
40.1313
40.1315
40.1316
40.1316
40.1316
40.1316
40.1317
40.1317
40.1323
40.1324
40.1325
40.1326
40.1327
40.1327
40.1327
40.1327
40.1328
40.1329
40.1329
40.1331
40.1331
40.1332
40.1333
40.1335
40.1336
40.134
40.1341
40.1342
40.1343
40.1344
40.1345
40.1346
40.1346
40.1347
40.135
40.1351
40.1353
40.1355
40.1355
40.1355
40.1355
40.1356
40.136
40.1361
40.1363
40.1364
40.1364
40.1366
40.1368
40.137
40.137
40.1372
40.1372
40.1372
40.1375
40.1375
40.1376
40.1379
40.1379
40.1379
40.1381
40.1384
40.1385
40.1386
40.1386
40.1388
40.1389
40.1391
40.1392
40.1395
40.1397
40.1397
40.1397
40.1398
40.1398
40.1398
40.14
40.1402
40.1402
40.1402
40.1403
40.1403
40.1408
40.141
40.1411
40.1413
40.1413
40.1414
40.1415
40.1417
40.1417
40.142
40.1421
40.1422
40.1423
40.1425
40.1427
40.1429
40.143
40.143
40.1431
40.1432
40.1433
40.1435
40.1435
40.1437
40.1439
40.144
40.1441
40.144
40.1443
40.1448
40.1448
40.1453
40.1457
40.1457
40.1461
40.1461
40.1461
40.1461
40.1462
40.1463
40.1466
40.1466
40.1473
40.1473
40.1478
40.1484
40.1484
40.1485
40.1486
40.1488
40.1488
40.149
40.1491
40.1494
40.1496
40.1497
40.15
40.1501
40.1506
40.1506
40.151
40.1511
40.1512
40.1512
40.1514
40.1517
40.1517
40.152
40.1523
40.1523
40.1523
40.1524
40.1524
40.1529
40.153
40.1531
40.1533
40.1534
40.1534
40.1535
40.1535
40.1536
40.1536
40.1537
40.154
40.1542
40.1544
40.1545
40.1546
40.1546
40.1548
40.1552
40.1553
40.1555
40.1556
40.1556
40.1556
40.1557
40.1559
40.1563
40.1564
40.1565
40.1564
40.1566
40.1571
40.1572
40.1573
40.1575
40.1575
40.1576
40.1578
40.1578
40.1578
40.158
40.158
40.1582
40.1581
40.1583
40.1583
40.1584
40.1584
40.1588
40.1588
40.1588
40.1589
40.1591
40.1594
40.1595
40.1595
40.1595
40.1598
40.1598
40.1598
40.1599
40.1603
40.1605
40.1605
40.1607
40.1607
40.1611
40.1613
40.1613
40.1615
40.1615
40.1615
40.162
40.1627
40.1627
40.1628
40.163
40.1631
40.1632
40.1634
40.1636
40.1636
40.1637
40.1639
40.164
40.164
40.1642
40.1641
40.1642
40.1644
40.1645
40.1645
40.1645
40.1648
40.1648
40.1651
40.1651
40.1651
40.1652
40.1654
40.1654
40.1655
40.1656
40.1656
40.1658
40.1658
40.1659
40.1661
40.1661
40.1661
40.1662
40.1663
40.1664
40.1672
40.1673
40.1673
40.1674
40.1679
40.1685
40.1687
40.1689
40.1697
40.1697
40.17
40.1701
40.1702
40.1702
40.1703
40.1706
40.1707
40.1707
40.1708
40.1711
40.1712
40.1713
40.1713
40.1713
40.1714
40.1716
40.1718
40.1719
40.172
40.1721
40.1721
40.1723
40.1723
40.1724
40.1725
40.1725
40.1726
40.1726
40.1727
40.1728
40.1729
40.1733
40.1733
40.1734
40.1735
40.1737
40.1737
40.1737
40.174
40.1741
40.1745
40.1746
40.1746
40.1746
40.1747
40.1749
40.1751
40.1755
40.176
40.1762
40.1762
40.1768
40.1768
40.1771
40.1772
40.1774
40.1774
40.1775
40.1776
40.1779
40.1779
40.1779
40.178
40.1782
40.1783
40.1784
40.1786
40.1788
40.1789
40.179
40.1792
40.1793
40.1795
40.1795
40.18
40.1805
40.1805
40.1805
40.1806
40.1807
40.1807
40.1808
40.1808
40.1811
40.1813
40.1815
40.1816
40.1818
40.1818
40.1821
40.1822
40.1822
40.1823
40.1824
40.1824
40.1828
40.1829
40.183
40.1832
40.1834
40.1837
40.1839
40.184
40.1847
40.1848
40.1848
40.185
40.185
40.1851
40.185
40.1853
40.1856
40.1858
40.1859
40.1859
40.186
40.1861
40.1861
40.1861
40.1864
40.1866
40.1867
40.1868
40.1868
40.1869
40.1871
40.1873
40.1874
40.1875
40.1877
40.1877
40.1877
40.188
40.1883
40.1885
40.1886
40.1886
40.1888
40.1898
40.1899
40.19
40.1904
40.1908
40.1909
40.1909
40.191
40.1913
40.1914
40.1917
40.1917
40.1918
40.1918
40.192
40.192
40.1925
40.1926
40.1927
40.1928
40.1928
40.1928
40.1929
40.193
40.193
40.1931
40.1931
40.1933
40.1933
40.1934
40.1934
40.1934
40.1936
40.1937
40.1937
40.1937
40.1939
40.194
40.1941
40.1941
40.1944
40.1944
40.1946
40.1949
40.1949
40.195
40.1953
40.1957
40.1956
40.196
40.1962
40.1962
40.1962
40.1964
40.1968
40.1973
40.1972
40.1973
40.198
40.1982
40.1984
40.1985
40.1989
40.1992
40.1993
40.1993
40.1996
40.1996
40.1996
40.1997
40.1998
40.1998
40.2
40.2003
40.2004
40.2006
40.2006
40.2009
40.2013
40.2014
40.2014
40.2014
40.2015
40.2016
40.2016
40.2017
40.2017
40.2017
40.2018
40.2018
40.2018
40.2019
40.202
40.2021
40.2021
40.2026
40.2029
40.203
40.2033
40.2035
40.2036
40.2037
40.2039
40.2039
40.204
40.2042
40.2042
40.2042
40.2045
40.2045
40.2046
40.2048
40.2047
40.205
40.205
40.2051
40.2053
40.2053
40.2057
40.2065
40.2067
40.2067
40.2068
40.207
40.207
40.207
40.2073
40.2074
40.2077
40.2077
40.2079
40.208
40.2081
40.2082
40.2084
40.2088
40.2089
40.2089
40.2091
40.2093
40.2094
40.2096
40.2097
40.2099
40.21
40.21
40.2101
40.2105
40.2107
40.2108
40.2108
40.211
40.2109
40.2113
40.2113
40.2115
40.2117
40.2117
40.2119
40.212
40.212
40.2121
40.2121
40.2127
40.2127
40.2129
40.2128
40.2131
40.2133
40.2133
40.2134
40.2137
40.2137
40.2139
40.2143
40.2145
40.2146
40.2147
40.2149
40.2151
40.2159
40.2159
40.216
40.2162
40.2163
40.2163
40.2163
40.2169
40.2169
40.2171
40.2173
40.2176
40.2177
40.2179
40.2179
40.2181
40.2183
40.2185
40.2188
40.2187
40.2188
40.219
40.219
40.2194
40.2198
40.2199
40.22
40.2202
40.2203
40.2206
40.2209
40.2209
40.2209
40.221
40.2216
40.2217
40.2217
40.2219
40.2219
40.2219
40.222
40.2221
40.2221
40.2221
40.2224
40.2223
40.2227
40.223
40.223
40.223
40.2231
40.2232
40.2233
40.2233
40.2233
40.2234
40.2236
40.2236
40.2237
40.2242
40.2243
40.2245
40.2245
40.2246
40.2247
40.2248
40.2248
40.2252
40.2254
40.2256
40.2257
40.2258
40.2261
40.2261
40.2263
40.2265
40.2265
40.2267
40.2267
40.2269
40.2269
40.2272
40.2273
40.2278
40.2279
40.2279
40.2281
40.228
40.2282
40.2285
40.2286
40.2287
40.229
40.2291
40.2292
40.2293
40.2294
40.2295
40.2297
40.2297
40.2296
40.2298
40.23
40.2303
40.2304
40.2304
40.2307
40.2308
40.2308
40.2309
40.2309
40.2312
40.2312
40.2313
40.2316
40.2317
40.2318
40.2317
40.232
40.232
40.232
40.2321
40.2322
40.2323
40.2323
40.2325
40.2325
40.2325
40.2327
40.2328
40.2329
40.2331
40.2331
40.2333
40.2334
40.2335
40.234
40.234
40.2341
40.2341
40.2343
40.2346
40.2346
40.2347
40.235
40.235
40.235
40.2352
40.2353
40.2353
40.2355
40.2355
40.2356
40.2356
40.2357
40.2359
40.2361
40.2362
40.2363
40.2363
40.2366
40.2367
40.237
40.2372
40.2372
40.2373
40.2375
40.2378
40.2378
40.2378
40.2379
40.2381
40.2383
40.2384
40.2384
40.2385
40.2388
40.2389
40.2389
40.2391
40.2393
40.2394
40.2396
40.2396
40.2397
40.2397
40.2398
40.2398
40.2399
40.2399
40.2402
40.2403
40.2407
40.2407
40.2409
40.2409
40.2411
40.2412
40.2416
40.2418
40.2419
40.242
40.2421
40.2422
40.2422
40.2424
40.2426
40.2426
40.2427
40.243
40.243
40.2431
40.2431
40.2436
40.2439
40.2439
40.2439
40.244
40.2442
40.2443
40.2448
40.2448
40.2458
40.246
40.2461
40.2463
40.2463
40.2468
40.2468
40.247
40.2473
40.2474
40.2479
40.248
40.2482
40.2485
40.2485
40.2485
40.2487
40.2491
40.2492
40.2495
40.2502
40.2503
40.2504
40.2505
40.2506
40.2506
40.2507
40.2507
40.2511
40.2512
40.2512
40.2513
40.2515
40.2516
40.2519
40.2521
40.2522
40.2523
40.2523
40.2531
40.2533
40.2533
40.2533
40.2533
40.2533
40.2534
40.2536
40.2537
40.2539
40.2541
40.2541
40.2541
40.2543
40.2545
40.2545
40.2546
40.2546
40.2548
40.255
40.2551
40.255
40.2551
40.2552
40.2552
40.2554
40.2554
40.2554
40.2554
40.2558
40.256
40.256
40.2559
40.256
40.256
40.2561
40.2562
40.2563
40.2563
40.2564
40.2565
40.2567
40.2568
40.2569
40.2571
40.2572
40.2573
40.2575
40.2576
40.2577
40.2578
40.2579
40.2579
40.2579
40.258
40.2584
40.2584
40.2585
40.2587
40.2587
40.2588
40.2589
40.2591
40.2591
40.2595
40.2596
40.2598
40.2601
40.2602
40.2603
40.2603
40.2608
40.2608
40.2608
40.2609
40.261
40.261
40.2611
40.2612
40.2612
40.2612
40.2615
40.2617
40.2617
40.2618
40.2618
40.2619
40.262
40.2625
40.2626
40.2626
40.2628
40.2628
40.2628
40.2629
40.263
40.263
40.2631
40.2632
40.2633
40.2634
40.2634
40.2634
40.2635
40.2636
40.2637
40.2639
40.2639
40.264
40.2645
40.2645
40.2649
40.2654
40.2654
40.2654
40.2657
40.2659
40.2659
40.2661
40.2661
40.2662
40.2666
40.2666
40.2667
40.267
40.2671
40.2672
40.2673
40.2674
40.2677
40.2677
40.2678
40.268
40.2681
40.2681
40.2683
40.2683
40.2686
40.2686
40.2686
40.2688
40.2691
40.2706
40.2706
40.2706
40.2706
40.2706
40.2707
40.2708
40.271
40.2709
40.2711
40.2711
40.2713
40.2713
40.2714
40.2714
40.2714
40.2715
40.2717
40.2719
40.2719
40.2724
40.2725
40.2726
40.2727
40.273
40.2733
40.2733
40.2734
40.2734
40.2735
40.2736
40.2739
40.2739
40.2743
40.2746
40.2747
40.2748
40.2748
40.2753
40.2752
40.2754
40.2754
40.2755
40.2757
40.2757
40.2762
40.2766
40.2767
40.2769
40.277
40.2771
40.2772
40.2773
40.2774
40.2775
40.2778
40.2778
40.2784
40.2783
40.2787
40.2788
40.279
40.279
40.2791
40.2792
40.2792
40.2794
40.2797
40.2798
40.2799
40.2799
40.28
40.2801
40.2802
40.2802
40.2803
40.2803
40.2806
40.2808
40.2808
40.2808
40.2808
40.2809
40.2808
40.281
40.2811
40.2814
40.2818
40.2819
40.282
40.2821
40.2821
40.2821
40.2822
40.2824
40.2825
40.2825
40.2826
40.2827
40.2827
40.2828
40.283
40.2832
40.2833
40.2836
40.2836
40.2836
40.2836
40.2837
40.284
40.2841
40.2842
40.2846
40.2846
40.2847
40.2849
40.285
40.2851
40.2852
40.2852
40.2854
40.2859
40.286
40.2862
40.2864
40.2865
40.2866
40.2868
40.2869
40.2869
40.287
40.2871
40.2872
40.2872
40.2873
40.2874
40.2874
40.2875
40.2882
40.2883
40.2885
40.2887
40.2891
40.2892
40.2892
40.2893
40.2895
40.2902
40.2906
40.2908
40.2908
40.2912
40.2913
40.2914
40.2914
40.2914
40.2915
40.2915
40.2916
40.2916
40.2917
40.2918
40.2919
40.2922
40.2923
40.2925
40.2929
40.293
40.2932
40.2933
40.2934
40.2935
40.2935
40.2935
40.2936
40.2938
40.2939
40.294
40.2942
40.2943
40.2943
40.2944
40.2944
40.2945
40.2947
40.2947
40.2949
40.2949
40.2949
40.2953
40.2959
40.2959
40.296
40.2963
40.2962
40.2963
40.2964
40.2967
40.2967
40.2968
40.2969
40.2971
40.2972
40.2973
40.2977
40.2977
40.2979
40.2979
40.2981
40.2981
40.2982
40.2985
40.2986
40.2989
40.2994
40.2996
40.2997
40.2997
40.2998
40.2998
40.2999
40.3001
40.3001
40.3002
40.3004
40.3005
40.3006
40.3007
40.3008
40.3009
40.3011
40.3011
40.3012
40.3014
40.3015
40.3014
40.3017
40.3017
40.3018
40.3019
40.3019
40.302
40.3022
40.3023
40.3023
40.3023
40.3024
40.3025
40.3026
40.3027
40.3027
40.3029
40.3029
40.3031
40.3033
40.3036
40.3041
40.3041
40.3043
40.3047
40.3047
40.3049
40.3051
40.3056
40.3056
40.3057
40.3057
40.3057
40.3059
40.3063
40.3063
40.3063
40.3064
40.3066
40.3067
40.3066
40.307
40.3071
40.3071
40.3074
40.3074
40.3075
40.3075
40.308
40.3081
40.3083
40.3084
40.3084
40.3087
40.3087
40.3089
40.3091
40.3091
40.3093
40.3094
40.3094
40.3095
40.3096
40.3097
40.3097
40.3099
40.3099
40.31
40.3099
40.3101
40.3101
40.3104
40.3107
40.3107
40.3108
40.3109
40.3111
40.3114
40.3114
40.3114
40.3114
40.3116
40.3116
40.3117
40.3117
40.3119
40.312
40.3121
40.3122
40.3124
40.3124
40.3126
40.3127
40.3129
40.313
40.313
40.3131
40.3132
40.3133
40.3134
40.3135
40.3136
40.314
40.3142
40.3143
40.3143
40.3145
40.3148
40.3148
40.3151
40.3151
40.3152
40.3155
40.3155
40.3155
40.3158
40.3158
40.3165
40.3165
40.3166
40.3168
40.3171
40.3173
40.3173
40.3174
40.3175
40.3176
40.3177
40.3179
40.318
40.3187
40.3188
40.3188
40.3189
40.3191
40.3195
40.3197
40.3202
40.3201
40.3206
40.3207
40.3208
40.3211
40.3214
40.3215
40.3215
40.3216
40.3217
40.3218
40.3218
40.3219
40.3221
40.3221
40.3221
40.3222
40.3222
40.3224
40.323
40.3229
40.323
40.323
40.3235
40.3237
40.3238
40.3237
40.3246
40.3247
40.3247
40.3249
40.3251
40.3253
40.3253
40.3254
40.3254
40.3255
40.3257
40.3258
40.326
40.3263
40.3263
40.3266
40.3267
40.3267
40.327
40.3271
40.3272
40.3274
40.3278
40.3279
40.3279
40.328
40.328
40.328
40.3281
40.3282
40.3283
40.3284
40.3286
40.3286
40.3288
40.3289
40.329
40.3294
40.3295
40.3295
40.3297
40.3297
40.3301
40.3304
40.3306
40.3307
40.3308
40.3309
40.331
40.3311
40.3312
40.3313
40.3312
40.3313
40.3314
40.3317
40.3317
40.3327
40.3327
40.333
40.3331
40.3332
40.3332
40.3335
40.3336
40.3338
40.3339
40.334
40.3339
40.3341
40.3342
40.3342
40.3342
40.3344
40.3344
40.3345
40.3347
40.3347
40.335
40.3351
40.3353
40.3354
40.3354
40.3357
40.3359
40.3361
40.3362
40.3364
40.3364
40.3367
40.3368
40.3367
40.3367
40.3369
40.337
40.3375
40.3375
40.3378
40.3379
40.3379
40.3379
40.338
40.3383
40.3384
40.3386
40.3387
40.3389
40.3391
40.339
40.3391
40.339
40.339
40.3395
40.3398
40.34
40.34
40.3401
40.3401
40.3406
40.341
40.3409
40.341
40.3411
40.3412
40.3413
40.3416
40.3417
40.3417
40.3418
40.3419
40.3419
40.3419
40.342
40.3422
40.3423
40.3423
40.3424
40.3424
40.3426
40.3428
40.3428
40.3429
40.343
40.343
40.3432
40.3433
40.3434
40.3434
40.3434
40.3436
40.3435
40.3437
40.3439
40.3441
40.3443
40.3445
40.3447
40.3449
40.3449
40.3449
40.3451
40.3452
40.3454
40.3456
40.3455
40.3457
40.3457
40.3458
40.3458
40.346
40.3464
40.3469
40.3471
40.3475
40.3477
40.3477
40.3477
40.3481
40.3481
40.3481
40.3483
40.3484
40.3485
40.3488
40.3493
40.3493
40.3494
40.3498
40.3499
40.35
40.3502
40.3503
40.3504
40.3504
40.3504
40.3505
40.3505
40.3508
40.3511
40.3512
40.3513
40.3513
40.3514
40.3518
40.3519
40.3521
40.352
40.3523
40.3523
40.3523
40.3523
40.3525
40.3527
40.3527
40.3528
40.3528
40.3528
40.353
40.3532
40.3532
40.3533
40.3533
40.3535
40.3537
40.3537
40.3538
40.3541
40.354
40.3545
40.3547
40.3547
40.3548
40.3551
40.3554
40.3553
40.3554
40.3554
40.3554
40.3555
40.3556
40.3557
40.3562
40.3562
40.3566
40.3566
40.3567
40.3568
40.357
40.3571
40.3574
40.3573
40.3574
40.3575
40.3577
40.3578
40.358
40.358
40.358
40.3581
40.3581
40.3581
40.3583
40.3583
40.3587
40.3589
40.3589
40.359
40.3591
40.3591
40.3592
40.3593
40.3593
40.3596
40.3598
40.36
40.3601
40.3601
40.3602
40.3603
40.3603
40.3608
40.3607
40.3609
40.3612
40.3611
40.3612
40.3612
40.3613
40.3615
40.3617
40.3617
40.362
40.3621
40.3626
40.3627
40.3628
40.3629
40.3629
40.3629
40.363
40.3632
40.3635
40.364
40.364
40.364
40.3645
40.3645
40.3646
40.3647
40.3649
40.365
40.3651
40.3651
40.3651
40.3652
40.3652
40.3659
40.366
40.366
40.3661
40.3663
40.3663
40.3668
40.367
40.3671
40.3672
40.3674
40.3678
40.3681
40.3681
40.3685
40.3685
40.3686
40.3688
40.3689
40.3692
40.3692
40.3694
40.3695
40.3695
40.3695
40.3695
40.3696
40.3696
40.3701
40.3702
40.3702
40.3704
40.3704
40.3704
40.3705
40.3706
40.3706
40.3708
40.3715
40.3715
40.3715
40.3715
40.3717
40.3717
40.3719
40.3719
40.372
40.372
40.3724
40.3725
40.3726
40.3728
40.3728
40.3728
40.3729
40.373
40.3731
40.3731
40.3731
40.3732
40.3733
40.3734
40.3734
40.3738
40.3738
40.3738
40.3739
40.3744
40.3743
40.3744
40.3745
40.3745
40.3746
40.3747
40.375
40.375
40.3752
40.3754
40.3756
40.3756
40.3756
40.3759
40.3759
40.3767
40.3767
40.3773
40.3774
40.3775
40.3778
40.3779
40.378
40.3784
40.3784
40.3785
40.3786
40.3786
40.3788
40.3789
40.379
40.3791
40.3791
40.3794
40.3794
40.3797
40.3798
40.3799
40.38
40.3802
40.3804
40.3806
40.3807
40.3808
40.3809
40.3808
40.3809
40.3812
40.3813
40.3813
40.3814
40.3818
40.3818
40.3818
40.3819
40.382
40.3823
40.3824
40.3824
40.3825
40.3827
40.3827
40.3828
40.3831
40.3831
40.3832
40.3833
40.3833
40.3833
40.3836
40.384
40.3842
40.3844
40.3845
40.3848
40.3849
40.3848
40.3849
40.3849
40.385
40.385
40.3852
40.3852
40.3853
40.3854
40.3855
40.3858
40.3859
40.3859
40.386
40.3861
40.3861
40.3862
40.3863
40.3863
40.3865
40.3866
40.3867
40.3867
40.3867
40.3867
40.3868
40.3869
40.387
40.3872
40.3872
40.3875
40.3875
40.3876
40.3876
40.3878
40.388
40.3881
40.3883
40.3883
40.3883
40.3884
40.3886
40.3886
40.3886
40.3891
40.3892
40.3893
40.3894
40.3896
40.3895
40.3897
40.3897
40.3898
40.3898
40.3898
40.3899
40.3902
40.3902
40.3904
40.3906
40.3906
40.3907
40.3907
40.3908
40.3908
40.3909
40.391
40.391
40.3911
40.3911
40.3912
40.3913
40.3913
40.3913
40.3915
40.3915
40.3916
40.3916
40.3918
40.392
40.3919
40.392
40.3922
40.3923
40.3923
40.3924
40.3925
40.3925
40.3926
40.3927
40.3928
40.3932
40.3934
40.394
40.3943
40.3944
40.3945
40.3945
40.3946
40.3948
40.395
40.3952
40.3952
40.3952
40.3953
40.3953
40.3954
40.3955
40.3955
40.3956
40.3957
40.3961
40.396
40.3962
40.3962
40.3962
40.3964
40.3966
40.3969
40.3968
40.3971
40.3972
40.3973
40.3973
40.3973
40.3977
40.3977
40.398
40.398
40.3981
40.3981
40.3982
40.3983
40.3984
40.3986
40.3987
40.3986
40.3987
40.3988
40.3988
40.3989
40.3989
40.399
40.399
40.399
40.399
40.399
40.3992
40.3993
40.3992
40.3993
40.3994
40.3995
40.3997
40.3997
40.3998
40.3998
40.3999
40.3999
40.4004
40.4007
40.4007
40.4007
40.4008
40.4009
40.4009
40.4009
40.4011
40.4011
40.4012
40.4015
40.4016
40.4016
40.402
40.402
40.4022
40.4022
40.4023
40.4026
40.4026
40.4026
40.4027
40.4028
40.4029
40.4029
40.4028
40.403
40.4031
40.4031
40.4033
40.4033
40.4034
40.4036
40.4037
40.4038
40.404
40.404
40.404
40.404
40.404
40.4042
40.4047
40.4048
40.4048
40.4049
40.4053
40.4054
40.4055
40.4057
40.4057
40.4058
40.4058
40.4059
40.406
40.4062
40.4061
40.4061
40.4063
40.4063
40.4064
40.4066
40.4067
40.4067
40.4068
40.4068
40.4069
40.407
40.4071
40.4072
40.4074
40.4077
40.4076
40.4077
40.408
40.408
40.4083
40.4085
40.4088
40.4089
40.4089
40.4089
40.4089
40.4093
40.4093
40.4094
40.4095
40.4097
40.4097
40.4098
40.4097
40.4098
40.4097
40.4098
40.4099
40.4101
40.4102
40.4101
40.4103
40.4104
40.4103
40.4107
40.4108
40.4108
40.411
40.4111
40.4112
40.4113
40.4114
40.4114
40.4116
40.4116
40.4117
40.4118
40.412
40.412
40.4122
40.4121
40.4122
40.4123
40.4127
40.4128
40.413
40.413
40.4133
40.4134
40.4135
40.4138
40.4138
40.4139
40.4139
40.4141
40.4143
40.4143
40.4148
40.4149
40.415
40.4153
40.4157
40.4158
40.4158
40.4159
40.4159
40.4161
40.4163
40.4166
40.4167
40.417
40.417
40.4173
40.4173
40.418
40.4181
40.4182
40.4182
40.4183
40.4184
40.4184
40.4187
40.4188
40.4189
40.4191
40.4195
40.4194
40.4197
40.4197
40.4198
40.4199
40.4199
40.42
40.42
40.4201
40.4201
40.4201
40.4202
40.4206
40.4206
40.421
40.4211
40.4211
40.4212
40.4215
40.4215
40.4215
40.4216
40.4218
40.4222
40.4221
40.4222
40.4224
40.4225
40.4225
40.4229
40.423
40.423
40.423
40.4231
40.4231
40.4233
40.4234
40.4234
40.4235
40.4236
40.4237
40.4239
40.4239
40.424
40.424
40.4241
40.4246
40.4246
40.4246
40.425
40.425
40.4251
40.4252
40.4251
40.4252
40.4252
40.4255
40.4255
40.4256
40.4256
40.4257
40.4257
40.4258
40.4258
40.4261
40.4263
40.4263
40.4264
40.4265
40.4266
40.4269
40.4269
40.4269
40.427
40.4271
40.4274
40.4276
40.4275
40.4278
40.4278
40.4279
40.428
40.4281
40.4281
40.4282
40.4283
40.4283
40.4283
40.4285
40.4285
40.4287
40.4288
40.4292
40.4292
40.4294
40.4295
40.4296
40.4297
40.4298
40.4298
40.4298
40.4298
40.43
40.4301
40.43
40.4301
40.43
40.4303
40.4304
40.4306
40.4307
40.4307
40.4308
40.4314
40.4314
40.4315
40.4316
40.4317
40.4317
40.4318
40.4319
40.4319
40.432
40.432
40.432
40.4323
40.4323
40.4324
40.4325
40.4325
40.4326
40.4329
40.4331
40.4332
40.4334
40.4335
40.4337
40.4336
40.4339
40.4341
40.4343
40.4343
40.4345
40.4348
40.4348
40.4349
40.4348
40.4349
40.4354
40.4354
40.4356
40.4357
40.4359
40.436
40.4361
40.4366
40.4373
40.4375
40.4375
40.4379
40.4379
40.4379
40.4381
40.4381
40.4381
40.4385
40.4388
40.4391
40.4392
40.4392
40.4393
40.4394
40.4394
40.4395
40.4397
40.4398
40.4399
40.44
40.4401
40.4402
40.4403
40.4403
40.4403
40.4404
40.4405
40.4405
40.4407
40.4407
40.4407
40.441
40.441
40.441
40.441
40.4411
40.4411
40.4413
40.4417
40.4417
40.4418
40.442
40.4422
40.4422
40.4422
40.4424
40.4423
40.4425
40.4425
40.4426
40.4428
40.4429
40.4429
40.4432
40.4435
40.4437
40.4442
40.4445
40.4446
40.4448
40.4448
40.4449
40.445
40.445
40.4453
40.4453
40.4454
40.4454
40.4455
40.4456
40.4457
40.4459
40.4459
40.446
40.446
40.446
40.4461
40.4464
40.4466
40.4468
40.4469
40.4468
40.447
40.4473
40.4474
40.4474
40.4474
40.4476
40.4479
40.4479
40.448
40.448
40.4482
40.4482
40.4483
40.4485
40.4487
40.4487
40.4489
40.4489
40.449
40.4494
40.4494
40.4495
40.4495
40.4496
40.4496
40.4497
40.4499
40.45
40.4504
40.4503
40.4504
40.4504
40.4505
40.4506
40.4508
40.4508
40.451
40.4509
40.451
40.451
40.4511
40.4513
40.4514
40.4514
40.4514
40.4515
40.4516
40.4516
40.4517
40.4518
40.4519
40.452
40.452
40.4521
40.4522
40.4523
40.4524
40.4524
40.4526
40.4526
40.4528
40.4527
40.4528
40.4531
40.453
40.4533
40.4533
40.4534
40.4533
40.4536
40.4538
40.4539
40.454
40.4541
40.4542
40.4542
40.4542
40.4543
40.4543
40.4545
40.4545
40.4545
40.4548
40.4548
40.4548
40.4549
40.4551
40.4554
40.4554
40.4555
40.4554
40.4558
40.456
40.4561
40.4565
40.4566
40.4569
40.4572
40.4572
40.4577
40.4578
40.458
40.4582
40.4582
40.4582
40.4586
40.4591
40.4592
40.4597
40.4598
40.4598
40.4599
40.46
40.4604
40.4607
40.4606
40.4607
40.4609
40.4611
40.4614
40.4617
40.4618
40.4621
40.4622
40.4624
40.4624
40.4625
40.4625
40.4625
40.4627
40.4627
40.4628
40.4631
40.4634
40.4634
40.4637
40.4637
40.4638
40.464
40.4642
40.4642
40.4651
40.4654
40.4654
40.4658
40.4659
40.4659
40.466
40.4662
40.4665
40.4666
40.4669
40.4669
40.4671
40.4671
40.4672
40.4674
40.4676
40.4675
40.4675
40.4677
40.468
40.468
40.468
40.4682
40.4684
40.4684
40.4686
40.469
40.4691
40.4691
40.4692
40.4693
40.4694
40.4701
40.4701
40.4702
40.4703
40.4703
40.4704
40.4703
40.4706
40.4706
40.4707
40.4706
40.4707
40.4707
40.4708
40.4709
40.4709
40.4712
40.4712
40.4715
40.4717
40.4719
40.4719
40.4719
40.4721
40.4721
40.4724
40.4724
40.4724
40.4726
40.4727
40.4728
40.4728
40.473
40.473
40.4731
40.4735
40.4736
40.4736
40.4736
40.4738
40.4738
40.4738
40.4739
40.4739
40.4739
40.4745
40.4745
40.4747
40.4751
40.4751
40.4752
40.4754
40.4755
40.4755
40.4759
40.476
40.476
40.4762
40.4762
40.4764
40.4765
40.4768
40.4768
40.4769
40.477
40.4769
40.4771
40.4771
40.4771
40.4775
40.4779
40.478
40.478
40.478
40.4784
40.4785
40.4785
40.4785
40.4786
40.4788
40.479
40.4789
40.4789
40.479
40.479
40.4791
40.4792
40.4792
40.4797
40.4798
40.4799
40.48
40.48
40.48
40.48
40.48
40.4807
40.4807
40.4808
40.4808
40.4808
40.4808
40.4811
40.4811
40.4811
40.4812
40.4813
40.4814
40.4815
40.4815
40.4816
40.4818
40.4819
40.4819
40.482
40.4819
40.4821
40.4823
40.4824
40.4824
40.4825
40.4827
40.4828
40.4831
40.4832
40.4834
40.4837
40.484
40.4842
40.4842
40.4846
40.4849
40.4849
40.485
40.485
40.4851
40.4857
40.4861
40.4862
40.4863
40.4864
40.4864
40.487
40.4875
40.4876
40.4877
40.4878
40.488
40.4882
40.4883
40.4883
40.4885
40.4887
40.4887
40.4889
40.4892
40.4896
40.4897
40.4897
40.4897
40.4899
40.4899
40.49
40.4904
40.4906
40.4906
40.4909
40.4909
40.491
40.491
40.4913
40.4914
40.4916
40.4918
40.4917
40.4919
40.4919
40.492
40.4921
40.4921
40.4922
40.4925
40.4927
40.4927
40.4929
40.4931
40.4934
40.4934
40.4934
40.4935
40.4936
40.4936
40.4937
40.4938
40.494
40.4944
40.4943
40.4943
40.4946
40.4947
40.495
40.495
40.4951
40.4951
40.4952
40.4952
40.4953
40.4956
40.4957
40.4957
40.4964
40.4966
40.4966
40.4967
40.4967
40.4969
40.4969
40.4971
40.4972
40.4973
40.4974
40.4974
40.4974
40.4977
40.4978
40.4979
40.4978
40.498
40.4981
40.498
40.4981
40.4985
40.4986
40.4986
40.4989
40.499
40.4992
40.4992
40.4992
40.4995
40.4995
40.4995
40.4998
40.4999
40.5
40.5
40.5003
40.5003
40.5005
40.5005
40.5006
40.5006
40.5007
40.5007
40.5008
40.5009
40.501
40.501
40.5012
40.5012
40.5014
40.5018
40.5018
40.5022
40.5023
40.5025
40.5027
40.5028
40.5029
40.5029
40.5029
40.5031
40.5035
40.5038
40.5039
40.5039
40.5039
40.5041
40.504
40.5041
40.5044
40.5044
40.5044
40.5045
40.5047
40.5047
40.5048
40.505
40.505
40.5051
40.5054
40.5055
40.5055
40.5055
40.5056
40.5057
40.5058
40.5058
40.5058
40.5059
40.5062
40.5062
40.5063
40.5064
40.5066
40.5066
40.5066
40.5067
40.5068
40.507
40.5071
40.5073
40.5074
40.5074
40.5076
40.5078
40.5078
40.5079
40.5083
40.5084
40.5085
40.5086
40.5086
40.5087
40.5089
40.509
40.5091
40.5092
40.5091
40.5093
40.5094
40.5094
40.5095
40.5096
40.5098
40.5098
40.5099
40.5099
40.5102
40.5101
40.5104
40.5104
40.5106
40.5106
40.511
40.5111
40.5113
40.5113
40.5114
40.5115
40.5118
40.5122
40.5122
40.5122
40.5124
40.5124
40.5124
40.5125
40.5126
40.5128
40.513
40.5131
40.5134
40.5133
40.5135
40.5136
40.5137
40.5138
40.5138
40.5139
40.5139
40.5143
40.5145
40.5145
40.5148
40.5149
40.5151
40.5152
40.5157
40.5163
40.5162
40.5164
40.5165
40.5165
40.5166
40.5167
40.5169
40.5169
40.517
40.5171
40.5172
40.5172
40.5173
40.5177
40.5178
40.5179
40.518
40.518
40.5181
40.5182
40.5183
40.5183
40.5184
40.5185
40.5186
40.5187
40.5189
40.5191
40.519
40.5191
40.5192
40.5193
40.5194
40.5194
40.5198
40.5198
40.5199
40.5199
40.5201
40.5202
40.5206
40.5208
40.5207
40.5209
40.521
40.521
40.521
40.5211
40.5212
40.5213
40.5217
40.5218
40.5219
40.522
40.5221
40.5227
40.5228
40.5228
40.5229
40.523
40.5233
40.5233
40.5234
40.5236
40.5236
40.5236
40.524
40.5241
40.5241
40.5242
40.5243
40.5243
40.5242
40.5245
40.5246
40.5246
40.5247
40.5249
40.525
40.5252
40.5254
40.5255
40.5255
40.5258
40.526
40.5263
40.5266
40.5267
40.5266
40.5268
40.5269
40.5271
40.5272
40.5272
40.5274
40.5275
40.5275
40.5275
40.5276
40.5278
40.528
40.528
40.5281
40.5281
40.5281
40.5282
40.5283
40.5283
40.5283
40.5282
40.5283
40.5285
40.5285
40.5285
40.5286
40.5288
40.5294
40.5296
40.5295
40.5296
40.5296
40.5296
40.5298
40.5299
40.53
40.5306
40.5306
40.5306
40.5307
40.531
40.5312
40.5312
40.5315
40.5316
40.5316
40.5318
40.5318
40.5319
40.5321
40.5324
40.5325
40.5325
40.5325
40.5327
40.5327
40.5329
40.533
40.5331
40.5333
40.5335
40.5335
40.5336
40.5337
40.5338
40.5341
40.5343
40.5343
40.5343
40.5344
40.5344
40.5346
40.5347
40.5347
40.5349
40.535
40.5351
40.5354
40.5356
40.5358
40.5358
40.5359
40.5364
40.5364
40.5366
40.5368
40.5369
40.537
40.537
40.5371
40.5373
40.5373
40.5374
40.5376
40.5377
40.5377
40.538
40.5382
40.5382
40.5383
40.5383
40.5383
40.5384
40.5385
40.5385
40.5386
40.5387
40.5389
40.539
40.539
40.5391
40.5394
40.5396
40.5398
40.5398
40.5399
40.5401
40.54
40.5401
40.5403
40.5404
40.5404
40.5404
40.5406
40.5406
40.541
40.5412
40.5414
40.5416
40.5418
40.542
40.5424
40.5423
40.5425
40.5426
40.5427
40.5429
40.5432
40.5431
40.5432
40.5433
40.5434
40.5434
40.5434
40.5434
40.5435
40.5436
40.5436
40.5437
40.5438
40.5439
40.544
40.544
40.544
40.5442
40.5445
40.5446
40.5447
40.5447
40.5448
40.5452
40.5453
40.5453
40.5454
40.5454
40.5454
40.5455
40.5455
40.5456
40.5456
40.5458
40.5458
40.5459
40.5461
40.5462
40.5465
40.5467
40.5468
40.5468
40.5469
40.5469
40.5469
40.5469
40.547
40.5471
40.5471
40.5472
40.5473
40.5473
40.5474
40.5474
40.5475
40.5478
40.548
40.548
40.5482
40.5483
40.5483
40.5483
40.5485
40.5487
40.5487
40.5487
40.549
40.5491
40.5493
40.5494
40.5495
40.5496
40.5496
40.5496
40.5496
40.5497
40.5498
40.5497
40.5498
40.55
40.5501
40.5501
40.5506
40.5508
40.5508
40.5508
40.5511
40.5512
40.5513
40.5515
40.5515
40.5517
40.5517
40.5519
40.5518
40.5522
40.5522
40.5523
40.5527
40.5529
40.553
40.553
40.5531
40.5534
40.5536
40.5537
40.5537
40.554
40.5545
40.5545
40.5547
40.5549
40.5554
40.5556
40.5556
40.5556
40.5557
40.5557
40.5558
40.5558
40.5559
40.556
40.5561
40.5563
40.5566
40.5567
40.5568
40.5569
40.5571
40.5571
40.5571
40.5572
40.5572
40.5574
40.558
40.5581
40.5583
40.5583
40.5586
40.5586
40.5589
40.5591
40.5592
40.5592
40.5592
40.5593
40.5593
40.5595
40.5595
40.5596
40.5596
40.5597
40.5597
40.5599
40.56
40.5601
40.5601
40.5601
40.5603
40.5606
40.5606
40.5607
40.5608
40.5607
40.5608
40.5609
40.561
40.5609
40.561
40.5611
40.5611
40.5611
40.5611
40.5614
40.5615
40.5616
40.5615
40.5617
40.5618
40.5618
40.5619
40.5619
40.5622
40.5623
40.5625
40.5632
40.5633
40.5634
40.5636
40.5636
40.5639
40.564
40.5642
40.5643
40.5643
40.5645
40.5645
40.5645
40.5649
40.565
40.565
40.5651
40.5651
40.5652
40.5652
40.5653
40.5654
40.5655
40.5657
40.5657
40.5658
40.5658
40.5659
40.5659
40.566
40.566
40.5663
40.5663
40.5664
40.5666
40.5667
40.5667
40.5667
40.5667
40.5668
40.5669
40.5674
40.5676
40.5676
40.5676
40.5676
40.5678
40.5679
40.568
40.5681
40.5684
40.5684
40.5684
40.5684
40.5685
40.5685
40.5686
40.5686
40.5687
40.5689
40.5691
40.5691
40.5692
40.5694
40.5694
40.5696
40.5698
40.5702
40.5703
40.5706
40.5709
40.5709
40.571
40.5711
40.5714
40.5715
40.5718
40.5718
40.5719
40.5718
40.572
40.5721
40.5725
40.5725
40.5726
40.5727
40.5732
40.5733
40.5734
40.5735
40.5734
40.5735
40.5735
40.5737
40.5738
40.5741
40.5742
40.5743
40.5747
40.5748
40.5748
40.5752
40.5752
40.5753
40.5753
40.5755
40.5756
40.5756
40.5757
40.5757
40.5758
40.5759
40.576
40.576
40.5769
40.5769
40.577
40.5772
40.5772
40.5774
40.5774
40.5774
40.5779
40.578
40.5781
40.5782
40.5784
40.5787
40.5792
40.5793
40.5797
40.5797
40.5797
40.5797
40.5798
40.5798
40.5798
40.5799
40.5799
40.5802
40.5802
40.5802
40.5804
40.5807
40.5808
40.5811
40.5812
40.5812
40.5812
40.5812
40.5812
40.5814
40.582
40.5821
40.5821
40.5821
40.5821
40.5826
40.5826
40.5825
40.5827
40.5828
40.5829
40.5829
40.583
40.5831
40.5832
40.5834
40.5839
40.5844
40.5848
40.5848
40.5849
40.585
40.5853
40.5854
40.5855
40.5856
40.5856
40.5856
40.5858
40.5858
40.586
40.5861
40.5862
40.5863
40.5863
40.5863
40.5863
40.5864
40.5864
40.5865
40.5866
40.5867
40.5867
40.5867
40.5872
40.5873
40.5874
40.5875
40.5877
40.5879
40.588
40.5881
40.5882
40.5883
40.5884
40.5884
40.5886
40.5888
40.5888
40.5889
40.589
40.589
40.5892
40.5892
40.5892
40.5893
40.5894
40.5896
40.5897
40.5898
40.5898
40.5901
40.5901
40.5901
40.5901
40.5903
40.5908
40.5909
40.5909
40.591
40.5911
40.5912
40.5916
40.5918
40.5922
40.5924
40.5925
40.5926
40.5928
40.593
40.5931
40.5934
40.5936
40.5937
40.5937
40.5939
40.5943
40.5945
40.5945
40.5946
40.5951
40.5952
40.5952
40.5954
40.5956
40.5957
40.5958
40.5958
40.5962
40.5964
40.5964
40.5966
40.5965
40.5966
40.5965
40.5966
40.5967
40.5968
40.5972
40.5975
40.5976
40.5978
40.598
40.5981
40.5981
40.5982
40.5983
40.5986
40.5988
40.5988
40.5989
40.5992
40.5993
40.5994
40.5995
40.5996
40.5997
40.5997
40.5997
40.6003
40.6004
40.6005
40.6008
40.6008
40.6008
40.601
40.6011
40.6012
40.6012
40.6013
40.6015
40.6016
40.6016
40.6018
40.6019
40.602
40.6022
40.6024
40.6024
40.6028
40.6031
40.6031
40.6031
40.6033
40.6033
40.6036
40.6038
40.604
40.6042
40.6041
40.6042
40.6044
40.6044
40.6045
40.6047
40.605
40.6051
40.6051
40.6053
40.6055
40.6058
40.6059
40.6059
40.6063
40.6064
40.6064
40.6065
40.6064
40.6066
40.607
40.6072
40.6077
40.6077
40.6082
40.6082
40.6083
40.6084
40.6086
40.6087
40.6087
40.6087
40.6089
40.6092
40.6092
40.6093
40.6095
40.6098
40.6098
40.6098
40.6098
40.6099
40.6105
40.6105
40.6105
40.6105
40.6106
40.6106
40.6106
40.6107
40.6108
40.6111
40.6111
40.6111
40.6112
40.6112
40.6115
40.6115
40.6119
40.6119
40.6123
40.6124
40.6124
40.6124
40.6126
40.6129
40.613
40.6129
40.6132
40.6133
40.6134
40.6135
40.6134
40.6136
40.6137
40.614
40.6141
40.6145
40.6145
40.6149
40.615
40.6152
40.6156
40.6159
40.6161
40.6163
40.6163
40.6165
40.6165
40.6165
40.6168
40.6168
40.6171
40.6173
40.6176
40.6178
40.6178
40.618
40.6181
40.6184
40.6188
40.619
40.6191
40.6191
40.6192
40.6193
40.6192
40.6193
40.6195
40.6196
40.6199
40.6199
40.6199
40.6199
40.6201
40.6208
40.6208
40.6208
40.6208
40.6209
40.6212
40.6213
40.6213
40.6213
40.6215
40.6215
40.622
40.6219
40.6222
40.6222
40.6224
40.6224
40.6226
40.6226
40.6227
40.6227
40.6236
40.6237
40.6237
40.6238
40.624
40.6241
40.6242
40.6244
40.6244
40.6246
40.6247
40.6247
40.6247
40.6247
40.6247
40.6251
40.6251
40.6252
40.6252
40.6254
40.6257
40.6259
40.6259
40.6259
40.6261
40.6261
40.6261
40.6263
40.6265
40.6271
40.6271
40.6273
40.6274
40.6278
40.628
40.628
40.628
40.6286
40.6289
40.6291
40.6292
40.6292
40.6292
40.6294
40.6294
40.6295
40.6295
40.6297
40.6297
40.6298
40.6298
40.6299
40.6305
40.6306
40.6307
40.6309
40.6309
40.6311
40.6313
40.6313
40.6316
40.6316
40.6316
40.6317
40.632
40.632
40.6321
40.6322
40.6324
40.6326
40.6326
40.6327
40.6331
40.6335
40.6335
40.6337
40.6337
40.6339
40.6339
40.6347
40.6351
40.6355
40.6355
40.6356
40.6359
40.6361
40.6363
40.6365
40.6366
40.6366
40.6367
40.6369
40.637
40.637
40.6372
40.6373
40.6375
40.6376
40.6377
40.6378
40.6379
40.6379
40.6381
40.6381
40.6381
40.6382
40.6384
40.6387
40.6387
40.6389
40.6389
40.639
40.6393
40.6394
40.6395
40.6395
40.6396
40.6397
40.6398
40.6398
40.64
40.6401
40.6404
40.6404
40.6411
40.6411
40.6412
40.6413
40.6413
40.6414
40.6414
40.6415
40.6417
40.6418
40.6419
40.642
40.6422
40.6424
40.6424
40.6425
40.6425
40.6428
40.6431
40.6434
40.6438
40.6441
40.644
40.6441
40.6443
40.6442
40.6443
40.6444
40.6445
40.6449
40.6452
40.6453
40.6454
40.6455
40.6456
40.6458
40.6463
40.6462
40.6464
40.6464
40.6466
40.6466
40.6468
40.6469
40.6468
40.6471
40.6472
40.6473
40.6474
40.6475
40.6478
40.6479
40.648
40.648
40.6483
40.6483
40.6484
40.6484
40.6484
40.6485
40.6485
40.6485
40.6486
40.6488
40.6488
40.649
40.6495
40.6496
40.6496
40.6497
40.6498
40.6498
40.6499
40.65
40.65
40.65
40.6501
40.6503
40.6504
40.6507
40.6508
40.6512
40.6513
40.6512
40.6513
40.6514
40.6516
40.6517
40.6519
40.6519
40.6519
40.6521
40.6523
40.6524
40.6525
40.6526
40.6527
40.6528
40.6529
40.6529
40.6531
40.6532
40.6533
40.6535
40.6535
40.6536
40.6536
40.6537
40.6537
40.6537
40.6538
40.6539
40.654
40.654
40.6541
40.6543
40.6544
40.6545
40.6546
40.6547
40.6547
40.6549
40.6553
40.6554
40.6556
40.6556
40.6557
40.6557
40.6558
40.6558
40.6558
40.6561
40.6564
40.6567
40.6568
40.6568
40.6569
40.6572
40.6572
40.6573
40.6574
40.6574
40.6575
40.6577
40.658
40.658
40.6582
40.6583
40.6584
40.6585
40.6585
40.6586
40.6586
40.6586
40.6586
40.6586
40.6589
40.6589
40.659
40.6591
40.6592
40.6593
40.6593
40.6595
40.6598
40.6598
40.6599
40.6602
40.6605
40.6605
40.6605
40.6606
40.6607
40.6608
40.6608
40.6609
40.661
40.661
40.661
40.6612
40.6611
40.6613
40.6613
40.6617
40.6619
40.6621
40.6622
40.6622
40.6622
40.6626
40.6627
40.6628
40.6633
40.6636
40.6637
40.6638
40.6638
40.6639
40.6641
40.6641
40.6643
40.6645
40.6646
40.6651
40.6652
40.6653
40.6654
40.6656
40.6655
40.6656
40.6656
40.666
40.6664
40.6666
40.6667
40.667
40.6671
40.6671
40.6672
40.6673
40.6673
40.6674
40.6674
40.6675
40.6676
40.6679
40.6679
40.6682
40.6683
40.6684
40.6685
40.6685
40.6688
40.6688
40.6689
40.669
40.669
40.6692
40.6692
40.6693
40.6695
40.6697
40.6698
40.6698
40.6698
40.6699
40.67
40.67
40.6702
40.6704
40.671
40.671
40.6711
40.6711
40.6711
40.6711
40.6714
40.6717
40.6718
40.6718
40.6718
40.6718
40.6723
40.6726
40.6726
40.6727
40.6727
40.6727
40.6727
40.6728
40.673
40.673
40.6733
40.6734
40.6735
40.6738
40.6737
40.6738
40.6739
40.6741
40.6742
40.6744
40.6746
40.6747
40.6747
40.6747
40.675
40.675
40.6753
40.6754
40.6754
40.6754
40.6756
40.6756
40.6757
40.6758
40.6759
40.6759
40.676
40.6761
40.6765
40.6766
40.6766
40.6767
40.6768
40.6768
40.6769
40.6771
40.6774
40.6775
40.6777
40.6777
40.6779
40.678
40.678
40.6782
40.6782
40.6782
40.6782
40.6783
40.6783
40.6785
40.6786
40.6786
40.6787
40.6788
40.6789
40.6789
40.679
40.6791
40.6793
40.6796
40.6797
40.6797
40.6798
40.6798
40.68
40.68
40.6801
40.6802
40.6802
40.6803
40.6805
40.6806
40.6806
40.6808
40.6808
40.6811
40.6812
40.6813
40.6814
40.6815
40.6818
40.6818
40.6821
40.6821
40.6823
40.6823
40.6824
40.6826
40.6826
40.6827
40.6828
40.6829
40.683
40.6832
40.6833
40.6833
40.6833
40.6834
40.6834
40.6834
40.6836
40.6837
40.6838
40.6838
40.6839
40.684
40.684
40.6846
40.6847
40.6848
40.6848
40.6848
40.6848
40.6849
40.6848
40.685
40.6854
40.6854
40.6855
40.6858
40.6859
40.6861
40.6861
40.6862
40.6864
40.6865
40.6868
40.6868
40.6868
40.6871
40.6873
40.6873
40.6874
40.6875
40.6875
40.6876
40.6877
40.6878
40.688
40.6881
40.6884
40.6885
40.6887
40.6892
40.6894
40.6895
40.6895
40.6897
40.6898
40.6898
40.6898
40.6899
40.6901
40.6903
40.6908
40.6908
40.6909
40.691
40.691
40.6912
40.6914
40.6916
40.6922
40.6921
40.6922
40.6922
40.6923
40.6924
40.6923
40.6925
40.6927
40.6927
40.6929
40.693
40.6934
40.6934
40.6936
40.6939
40.694
40.694
40.6942
40.6947
40.6949
40.695
40.695
40.695
40.695
40.6951
40.6951
40.6953
40.6954
40.6954
40.6957
40.6958
40.6958
40.6959
40.6962
40.6962
40.6969
40.6969
40.697
40.6972
40.6971
40.6973
40.6974
40.6974
40.6976
40.6976
40.6977
40.6976
40.6978
40.6978
40.6979
40.698
40.698
40.698
40.698
40.6983
40.6983
40.6983
40.6985
40.6985
40.6988
40.6991
40.6992
40.6995
40.6994
40.6995
40.6997
40.6999
40.7002
40.7003
40.7004
40.7004
40.7005
40.7005
40.7005
40.7007
40.7008
40.7007
40.701
40.701
40.7012
40.7013
40.7014
40.7016
40.7017
40.7019
40.7019
40.7026
40.7028
40.7028
40.7029
40.7029
40.703
40.703
40.7031
40.7032
40.7033
40.7034
40.7034
40.7035
40.7037
40.7038
40.7038
40.7038
40.7039
40.704
40.7042
40.7042
40.7043
40.7043
40.7045
40.7047
40.7047
40.7047
40.7055
40.7055
40.7055
40.7057
40.7058
40.7059
40.7063
40.7063
40.7064
40.7066
40.7066
40.7069
40.7071
40.707
40.7071
40.7073
40.7079
40.7081
40.7081
40.7082
40.7082
40.7083
40.7084
40.7084
40.7084
40.7085
40.7085
40.7086
40.7086
40.7088
40.7089
40.7089
40.7092
40.7094
40.7096
40.7097
40.7097
40.7097
40.7098
40.7102
40.7103
40.7105
40.7105
40.7106
40.7107
40.7109
40.7111
40.7111
40.7115
40.7118
40.7118
40.712
40.712
40.7125
40.7126
40.7125
40.7127
40.7127
40.7127
40.7128
40.7129
40.713
40.7132
40.7132
40.7134
40.7135
40.7135
40.7135
40.7136
40.7136
40.7137
40.7137
40.7139
40.714
40.7141
40.7145
40.7144
40.7146
40.7147
40.7147
40.7147
40.7149
40.7149
40.7149
40.7151
40.7153
40.7158
40.7159
40.7159
40.716
40.7161
40.7162
40.7163
40.7165
40.7166
40.7166
40.7167
40.7168
40.7169
40.7169
40.717
40.7171
40.7172
40.7175
40.7175
40.7176
40.7179
40.7178
40.7179
40.718
40.7182
40.7186
40.7186
40.7191
40.7195
40.7195
40.7196
40.7198
40.7199
40.7203
40.7203
40.7204
40.7205
40.7205
40.7205
40.7212
40.7214
40.7218
40.7219
40.7221
40.7221
40.7223
40.7224
40.7225
40.7226
40.7226
40.723
40.7231
40.7234
40.7235
40.7237
40.7238
40.7239
40.7241
40.7242
40.7243
40.7242
40.7245
40.7245
40.7248
40.7248
40.7249
40.725
40.7251
40.7252
40.7252
40.7252
40.7259
40.7263
40.7263
40.7264
40.7264
40.7265
40.7266
40.7267
40.7267
40.7269
40.727
40.7273
40.7273
40.7274
40.7275
40.7277
40.7279
40.728
40.7283
40.7284
40.7287
40.7287
40.7288
40.7288
40.7289
40.7288
40.7293
40.7296
40.7297
40.7301
40.7301
40.7305
40.7307
40.7308
40.7312
40.7313
40.7314
40.7315
40.7315
40.7315
40.7315
40.7317
40.732
40.732
40.7324
40.7323
40.7324
40.7329
40.7331
40.7333
40.7333
40.7333
40.7335
40.7338
40.7338
40.734
40.7342
40.7344
40.7344
40.7346
40.7347
40.7348
40.7348
40.7352
40.7354
40.7356
40.7357
40.7359
40.736
40.7362
40.7362
40.7364
40.7366
40.7368
40.7372
40.7372
40.7373
40.7374
40.7379
40.7379
40.738
40.738
40.7383
40.7383
40.7383
40.7389
40.7392
40.7398
40.7399
40.74
40.7401
40.7402
40.7402
40.7406
40.7409
40.7409
40.7419
40.7422
40.7427
40.7427
40.7427
40.7428
40.7431
40.7431
40.7432
40.7433
40.7434
40.7435
40.7436
40.7439
40.7441
40.7444
40.7444
40.7446
40.7447
40.7447
40.7448
40.7451
40.7451
40.7452
40.7455
40.7456
40.7458
40.7461
40.7462
40.7462
40.7465
40.7465
40.7467
40.7472
40.7475
40.7476
40.7477
40.7479
40.7479
40.7481
40.7483
40.7485
40.7486
40.7487
40.7488
40.7495
40.7495
40.7495
40.7502
40.751
40.7509
40.7511
40.7511
40.7514
40.7514
40.7516
40.7518
40.7518
40.7523
40.7523
40.7523
40.7523
40.7525
40.7525
40.7526
40.7527
40.7533
40.7532
40.7533
40.7535
40.7537
40.7538
40.7538
40.7538
40.7543
40.7545
40.7545
40.7546
40.7547
40.7547
40.7548
40.755
40.7552
40.7553
40.7553
40.7555
40.7556
40.7558
40.7559
40.7563
40.7568
40.7569
40.757
40.7572
40.7573
40.7575
40.7575
40.7575
40.7579
40.758
40.7581
40.7585
40.7587
40.7588
40.7588
40.759
40.7593
40.7593
40.7596
40.7596
40.7597
40.7597
40.7598
40.7597
40.7602
40.7603
40.7604
40.7607
40.7608
40.7611
40.7613
40.7615
40.7616
40.7618
40.762
40.7621
40.7622
40.7623
40.7623
40.7625
40.7627
40.7632
40.7635
40.7634
40.7636
40.7636
40.7637
40.7642
40.7643
40.7648
40.765
40.7654
40.7655
40.7655
40.7656
40.7656
40.7659
40.7659
40.7658
40.766
40.7663
40.7664
40.7664
40.7668
40.7668
40.7667
40.7669
40.7669
40.767
40.7673
40.7673
40.7674
40.7674
40.7675
40.7678
40.7682
40.7683
40.7684
40.7684
40.7686
40.7688
40.7699
40.7699
40.77
40.7701
40.7701
40.7704
40.7705
40.7705
40.7711
40.7714
40.7715
40.7719
40.772
40.772
40.772
40.7721
40.7722
40.7723
40.7723
40.7727
40.7729
40.773
40.7729
40.7731
40.7733
40.7734
40.7738
40.7739
40.774
40.774
40.7741
40.7741
40.7745
40.7745
40.7747
40.7748
40.7748
40.775
40.775
40.7757
40.7757
40.7758
40.7758
40.7758
40.7759
40.7759
40.7761
40.7762
40.7764
40.7765
40.7765
40.7768
40.7769
40.777
40.7771
40.7772
40.7772
40.7772
40.7773
40.7774
40.7774
40.7776
40.7778
40.7779
40.778
40.778
40.7781
40.7781
40.7782
40.7782
40.7784
40.7785
40.7786
40.7786
40.7787
40.7788
40.7789
40.7791
40.7791
40.7792
40.7792
40.7793
40.7796
40.7796
40.7799
40.7801
40.7802
40.7803
40.7804
40.7807
40.7808
40.7809
40.781
40.781
40.7812
40.7816
40.7817
40.782
40.7821
40.7821
40.7822
40.7823
40.7824
40.7823
40.7827
40.7828
40.7831
40.7832
40.7835
40.7836
40.7835
40.7836
40.7837
40.7839
40.7841
40.7842
40.7843
40.7843
40.7846
40.7847
40.7848
40.785
40.7852
40.7853
40.7854
40.7854
40.7855
40.7855
40.7857
40.7857
40.7858
40.7859
40.7861
40.7861
40.7861
40.7864
40.7864
40.7865
40.7867
40.7867
40.7872
40.7873
40.7873
40.7874
40.7876
40.7876
40.7879
40.788
40.7881
40.7881
40.7883
40.7887
40.7887
40.7894
40.7895
40.7895
40.7898
40.7897
40.7904
40.7906
40.7906
40.7906
40.7909
40.791
40.7911
40.7911
40.7911
40.7912
40.7914
40.7915
40.7917
40.7918
40.792
40.7922
40.7924
40.7926
40.7927
40.7927
40.7928
40.7928
40.7929
40.7931
40.7931
40.7932
40.7933
40.7933
40.7934
40.7935
40.7937
40.7937
40.7939
40.794
40.794
40.7941
40.7941
40.7944
40.7945
40.7945
40.7946
40.7947
40.7948
40.7949
40.7951
40.7953
40.7954
40.7955
40.7958
40.7959
40.796
40.796
40.7962
40.7963
40.7964
40.7968
40.7968
40.7968
40.797
40.797
40.7971
40.7971
40.7973
40.7975
40.7975
40.7975
40.798
40.798
40.7983
40.7983
40.7984
40.7984
40.7984
40.7986
40.7985
40.7985
40.7985
40.7985
40.7987
40.7988
40.7988
40.7989
40.7991
40.7993
40.7994
40.7995
40.7996
40.7997
40.8001
40.8001
40.8003
40.8003
40.8004
40.801
40.8012
40.8013
40.8014
40.8016
40.8017
40.8018
40.8018
40.8019
40.802
40.8021
40.8022
40.8022
40.8024
40.8031
40.8031
40.8031
40.8044
40.8044
40.8044
40.8044
40.8046
40.8046
40.8048
40.8049
40.8049
40.8051
40.8051
40.8053
40.8053
40.8053
40.8058
40.8059
40.806
40.8064
40.8064
40.8065
40.8068
40.8069
40.8069
40.8071
40.8071
40.8072
40.8074
40.8075
40.8075
40.8077
40.8077
40.8079
40.8081
40.8087
40.8087
40.8088
40.8089
40.8091
40.8096
40.8096
40.8097
40.8098
40.8102
40.8103
40.8103
40.8103
40.8104
40.8105
40.8106
40.8107
40.8107
40.8111
40.8111
40.8112
40.8113
40.8116
40.8117
40.8117
40.8117
40.8118
40.812
40.812
40.8123
40.8123
40.8124
40.8126
40.8127
40.8129
40.8129
40.8129
40.8129
40.8132
40.8132
40.8133
40.8136
40.8135
40.8138
40.8138
40.814
40.814
40.8141
40.8141
40.8142
40.8142
40.8145
40.8147
40.8148
40.8149
40.815
40.8151
40.8151
40.8151
40.8152
40.8153
40.8153
40.8154
40.8156
40.8158
40.8158
40.8159
40.8159
40.8159
40.8159
40.8161
40.8162
40.8162
40.8163
40.8163
40.8162
40.8165
40.8165
40.8166
40.8166
40.8167
40.8167
40.8168
40.817
40.8172
40.8173
40.8173
40.8175
40.8177
40.8177
40.8177
40.8178
40.818
40.8181
40.8184
40.8185
40.8185
40.8186
40.8186
40.8188
40.8188
40.819
40.8192
40.8194
40.8195
40.8195
40.8196
40.8197
40.8197
40.8198
40.8201
40.8202
40.8205
40.8206
40.8208
40.821
40.8211
40.8214
40.8215
40.8216
40.8215
40.8217
40.8217
40.8218
40.8219
40.8219
40.8219
40.8221
40.8222
40.8225
40.8228
40.8228
40.8229
40.8229
40.8232
40.8233
40.8235
40.8235
40.8236
40.8235
40.8236
40.8236
40.824
40.8242
40.8242
40.8243
40.8245
40.8248
40.825
40.8252
40.8253
40.8254
40.8254
40.8255
40.8258
40.8261
40.8261
40.8263
40.8264
40.8265
40.8266
40.827
40.8271
40.827
40.8271
40.8273
40.8273
40.8282
40.8281
40.8284
40.8284
40.8286
40.8286
40.8288
40.8287
40.8289
40.8291
40.8291
40.8293
40.8296
40.8296
40.8304
40.8304
40.8305
40.8306
40.8307
40.8309
40.831
40.8317
40.8317
40.8319
40.8321
40.832
40.8324
40.8327
40.8327
40.8328
40.8328
40.833
40.833
40.8331
40.8331
40.8335
40.8337
40.8337
40.834
40.8339
40.834
40.8342
40.8344
40.8345
40.8347
40.8347
40.8348
40.8349
40.8349
40.8351
40.835
40.8352
40.8351
40.8353
40.8359
40.836
40.8361
40.8361
40.8363
40.8364
40.8364
40.8368
40.8369
40.837
40.8371
40.8372
40.8375
40.8378
40.8377
40.8378
40.8379
40.8379
40.8379
40.838
40.8381
40.8381
40.8384
40.8386
40.8395
40.8396
40.8398
40.84
40.8401
40.8402
40.8402
40.8402
40.8404
40.8404
40.8407
40.8407
40.8408
40.8409
40.8409
40.8411
40.8413
40.8413
40.8413
40.8415
40.8416
40.8417
40.8418
40.8424
40.8428
40.8428
40.8431
40.8432
40.8432
40.8435
40.8438
40.8441
40.8442
40.8443
40.8444
40.8449
40.845
40.8453
40.8452
40.8452
40.8456
40.8458
40.8461
40.8461
40.8464
40.8465
40.8465
40.8466
40.8467
40.8469
40.8472
40.8473
40.8474
40.8476
40.8478
40.8478
40.848
40.8481
40.8485
40.8487
40.8491
40.8491
40.8492
40.8493
40.8493
40.8496
40.8496
40.8496
40.8497
40.8498
40.8499
40.8499
40.85
40.8501
40.8502
40.8503
40.8504
40.8508
40.8511
40.8517
40.8517
40.8518
40.8519
40.8519
40.8519
40.8521
40.8521
40.8522
40.8525
40.8526
40.8526
40.8526
40.8528
40.8529
40.853
40.8532
40.8533
40.8538
40.8538
40.8538
40.8539
40.8543
40.8544
40.8545
40.8545
40.8547
40.8549
40.855
40.8549
40.8549
40.8552
40.8554
40.8553
40.8554
40.8555
40.8556
40.8559
40.8559
40.8559
40.8559
40.856
40.856
40.856
40.8563
40.8563
40.8564
40.8569
40.8569
40.8572
40.8575
40.8579
40.8581
40.8582
40.8584
40.8585
40.8588
40.8588
40.8589
40.8589
40.8592
40.8594
40.8597
40.8599
40.8601
40.8601
40.8604
40.8605
40.8605
40.8609
40.861
40.8611
40.8612
40.8613
40.8614
40.8616
40.8618
40.8622
40.8622
40.8628
40.8629
40.8631
40.8634
40.8634
40.8636
40.8641
40.8647
40.8649
40.8654
40.8654
40.8654
40.8656
40.8659
40.8662
40.8664
40.8664
40.8665
40.8666
40.8668
40.8669
40.8673
40.8676
40.8679
40.868
40.868
40.8682
40.8685
40.8686
40.8686
40.8687
40.8687
40.8688
40.8689
40.8689
40.869
40.8691
40.8692
40.8693
40.8695
40.8698
40.8699
40.87
40.8702
40.8703
40.8703
40.8705
40.8705
40.8706
40.8708
40.871
40.871
40.8711
40.8713
40.8713
40.8715
40.8716
40.8717
40.8718
40.8725
40.8726
40.8729
40.8729
40.873
40.8731
40.8732
40.8733
40.8733
40.8736
40.8736
40.8737
40.8738
40.8739
40.8742
40.8745
40.8748
40.8748
40.8749
40.8751
40.8751
40.875
40.8756
40.8759
40.8761
40.8762
40.8762
40.8763
40.8766
40.8769
40.8769
40.8769
40.877
40.8772
40.8773
40.8774
40.8777
40.8777
40.8778
40.8781
40.8784
40.8788
40.8789
40.879
40.879
40.8791
40.8792
40.8792
40.8795
40.8796
40.8796
40.8797
40.8797
40.8797
40.8798
40.8801
40.8801
40.8801
40.8804
40.8806
40.8806
40.8807
40.8809
40.881
40.8812
40.8811
40.8812
40.8814
40.8815
40.8817
40.8818
40.8819
40.882
40.8821
40.8822
40.8822
40.8824
40.8824
40.8825
40.8825
40.8832
40.8832
40.8832
40.8833
40.8834
40.8834
40.8836
40.884
40.8842
40.8845
40.8845
40.8845
40.8845
40.8848
40.8849
40.8854
40.8856
40.8857
40.8857
40.8858
40.8858
40.887
40.887
40.8874
40.8875
40.8875
40.8877
40.8876
40.8877
40.8877
40.8878
40.8882
40.8883
40.8885
40.8884
40.8891
40.8893
40.8902
40.8904
40.8908
40.8908
40.8908
40.891
40.8917
40.8923
40.8926
40.8927
40.8927
40.8929
40.893
40.893
40.8933
40.8938
40.8939
40.8941
40.8941
40.8944
40.8947
40.8947
40.8947
40.8949
40.895
40.8953
40.8955
40.8958
40.8961
40.8964
40.8968
40.897
40.897
40.8971
40.8972
40.8972
40.8974
40.8975
40.8976
40.8976
40.8977
40.8977
40.8977
40.8985
40.8986
40.8988
40.8989
40.899
40.8991
40.8992
40.8993
40.8996
40.8999
40.9001
40.9001
40.9005
40.9009
40.901
40.9012
40.9012
40.9012
40.9014
40.9015
40.9016
40.9017
40.9017
40.9019
40.9021
40.9023
40.9026
40.9027
40.903
40.9029
40.9032
40.9034
40.9035
40.9035
40.9038
40.9041
40.9043
40.9044
40.9044
40.905
40.9057
40.9061
40.9061
40.9065
40.9065
40.9066
40.9068
40.9068
40.9068
40.907
40.9071
40.9072
40.9074
40.9074
40.9074
40.9077
40.9077
40.9078
40.9078
40.9081
40.9082
40.9083
40.9084
40.9086
40.9089
40.909
40.909
40.9093
40.9094
40.9094
40.9096
40.9099
40.9101
40.9103
40.9107
40.9111
40.9114
40.9117
40.9117
40.9118
40.9118
40.9119
40.912
40.9124
40.9126
40.9127
40.9128
40.9127
40.913
40.9129
40.9132
40.9133
40.9137
40.9138
40.914
40.914
40.9142
40.9144
40.9146
40.9146
40.9149
40.915
40.9149
40.9155
40.9155
40.9157
40.9158
40.9164
40.9165
40.9166
40.9168
40.9168
40.9168
40.9169
40.9173
40.9173
40.9175
40.9176
40.9178
40.9182
40.9184
40.9185
40.9186
40.9187
40.9188
40.9191
40.9191
40.9196
40.92
40.92
40.9203
40.9204
40.9207
40.9207
40.9207
40.9208
40.9208
40.9211
40.9212
40.9215
40.9215
40.9216
40.9219
40.9224
40.9225
40.9227
40.9229
40.9231
40.923
40.9232
40.9235
40.9235
40.9239
40.9242
40.9242
40.9242
40.9243
40.9246
40.9249
40.9251
40.9255
40.9257
40.9256
40.9258
40.9259
40.926
40.9261
40.9263
40.9265
40.9268
40.9269
40.9269
40.9271
40.9271
40.9272
40.9271
40.9272
40.9272
40.9272
40.9275
40.9278
40.9278
40.9281
40.9284
40.9284
40.929
40.9289
40.9289
40.9291
40.9298
40.9299
40.93
40.93
40.9303
40.9305
40.9308
40.931
40.931
40.9312
40.9317
40.9317
40.9319
40.9321
40.9321
40.9322
40.9322
40.9328
40.9329
40.9329
40.933
40.9331
40.9331
40.9331
40.9333
40.9333
40.9334
40.9338
40.9339
40.934
40.9341
40.9342
40.9343
40.9343
40.9345
40.9347
40.935
40.935
40.9351
40.9351
40.9353
40.9354
40.9356
40.9356
40.9356
40.9359
40.9364
40.9366
40.9371
40.9375
40.9377
40.9378
40.9378
40.9379
40.9381
40.9383
40.9385
40.9388
40.9389
40.939
40.939
40.939
40.9391
40.9397
40.9398
40.9399
40.9399
40.9401
40.9406
40.9407
40.9409
40.9416
40.9417
40.9418
40.9418
40.9418
40.9419
40.9419
40.9424
40.9429
40.9431
40.9433
40.9436
40.9437
40.9438
40.9442
40.9443
40.9443
40.9444
40.9447
40.945
40.9454
40.9458
40.9459
40.9465
40.9466
40.9469
40.9469
40.9469
40.9469
40.9471
40.9471
40.9471
40.9472
40.9474
40.9474
40.9475
40.9479
40.948
40.9482
40.9484
40.9485
40.9487
40.949
40.9491
40.9491
40.9491
40.9503
40.9504
40.9507
40.9508
40.9508
40.951
40.951
40.9513
40.9514
40.952
40.9519
40.9521
40.9522
40.9525
40.9526
40.9531
40.9531
40.9532
40.9532
40.9532
40.9533
40.9534
40.9536
40.9536
40.9536
40.954
40.954
40.9541
40.9541
40.9543
40.9548
40.955
40.955
40.9551
40.9553
40.9555
40.9556
40.9556
40.9558
40.9561
40.9561
40.9562
40.9562
40.9564
40.9564
40.9566
40.9567
40.9568
40.9573
40.9575
40.9578
40.958
40.9581
40.9582
40.9584
40.9585
40.9586
40.9587
40.9588
40.959
40.9589
40.9592
40.9592
40.9593
40.9595
40.9596
40.9598
40.96
40.9601
40.9602
40.9605
40.9606
40.9613
40.9614
40.9616
40.9616
40.9616
40.9618
40.9621
40.9622
40.9622
40.9623
40.9623
40.9623
40.9631
40.9632
40.9632
40.9633
40.9637
40.9638
40.964
40.9644
40.9645
40.9648
40.9648
40.9649
40.9648
40.9649
40.965
40.965
40.965
40.9656
40.9657
40.9658
40.9661
40.9662
40.9668
40.9668
40.9668
40.9668
40.9671
40.9673
40.9675
40.9676
40.9678
40.9678
40.968
40.968
40.968
40.9681
40.9682
40.9684
40.9686
40.9689
40.969
40.969
40.9691
40.9692
40.9692
40.9696
40.9696
40.9699
40.9703
40.9704
40.9706
40.9708
40.9713
40.9714
40.9714
40.9714
40.9716
40.9716
40.9717
40.972
40.9722
40.9723
40.9723
40.9726
40.973
40.9732
40.9732
40.9736
40.9737
40.9738
40.9742
40.9742
40.9743
40.9745
40.9747
40.9747
40.9748
40.9749
40.9751
40.9751
40.9753
40.9758
40.9761
40.9762
40.9764
40.9764
40.9765
40.9767
40.9767
40.9772
40.9773
40.9776
40.9778
40.9779
40.9779
40.9781
40.9782
40.9782
40.9783
40.9786
40.9786
40.9791
40.9792
40.9792
40.9792
40.9796
40.9798
40.9804
40.9805
40.9805
40.9805
40.9807
40.9807
40.981
40.9813
40.9814
40.9819
40.9822
40.9822
40.9823
40.9823
40.9826
40.9831
40.9832
40.9833
40.9836
40.9835
40.9836
40.9836
40.9837
40.9839
40.9839
40.984
40.984
40.9843
40.9848
40.9847
40.9849
40.985
40.9852
40.9854
40.9856
40.9859
40.986
40.9862
40.9862
40.9863
40.9864
40.9864
40.9871
40.9875
40.9875
40.9875
40.9879
40.9881
40.9882
40.9883
40.9885
40.9885
40.9887
40.9888
40.9889
40.9892
40.9891
40.9894
40.9894
40.9898
40.9898
40.9899
40.9906
40.9906
40.9909
40.991
40.9912
40.9916
40.9918
40.9919
40.992
40.9921
40.9921
40.9922
40.9923
40.9923
40.9925
40.9926
40.9928
40.993
40.9931
40.9932
40.994
40.9942
40.9949
40.9951
40.995
40.9952
40.9952
40.9953
40.9954
40.9958
40.9959
40.9962
40.9963
40.9968
40.9972
40.9974
40.9976
40.9976
40.9977
40.9981
40.9987
40.9987
40.9988
40.9992
41.0001
41.0001
41.0002
41.0002
41.0003
41.0007
41.0008
41.001
41.0017
41.0019
41.0022
41.0022
41.0022
41.0023
41.0024
41.0028
41.0031
41.0038
41.004
41.0042
41.0043
41.0046
41.0048
41.0049
41.0054
41.0059
41.0062
41.0063
41.0065
41.0065
41.007
41.0077
41.008
41.0083
41.0091
41.0093
41.0097
41.0098
41.0105
41.0105
41.0106
41.0108
41.0109
41.0111
41.0113
41.0114
41.0116
41.0119
41.0119
41.0121
41.0126
41.0129
41.013
41.0132
41.0136
41.0137
41.014
41.0144
41.0146
41.0147
41.015
41.0153
41.0156
41.0156
41.0156
41.0163
41.0164
41.0166
41.0172
41.0173
41.0174
41.0176
41.0177
41.0177
41.0185
41.0187
41.0189
41.0193
41.0194
41.0195
41.0195
41.0198
41.0199
41.02
41.02
41.02
41.0204
41.0204
41.0206
41.0211
41.0215
41.0214
41.0217
41.0219
41.0223
41.0224
41.023
41.0233
41.0237
41.0243
41.0242
41.0245
41.0245
41.0249
41.0249
41.025
41.025
41.0253
41.0254
41.0254
41.0255
41.0257
41.0265
41.0269
41.0269
41.0272
41.0273
41.0278
41.0281
41.0285
41.0289
41.0294
41.0293
41.0293
41.0296
41.0298
41.0299
41.03
41.0302
41.0303
41.0304
41.0305
41.0308
41.0308
41.031
41.0314
41.0315
41.0317
41.0319
41.0321
41.0321
41.0321
41.0325
41.0325
41.0327
41.0328
41.033
41.0334
41.0335
