51.5432
51.5641
51.5643
51.5647
51.5677
51.5752
51.5989
51.6014
51.6141
51.6324
51.6334
51.6513
51.6647
51.671
51.675
51.7022
51.7319
51.7341
51.7399
51.7746
51.7848
51.7944
51.8083
51.8252
51.8293
51.8458
51.8574
51.8663
51.8673
51.8691
51.8727
51.9002
51.9043
51.9105
51.9121
51.9219
51.9236
51.9273
51.9297
51.9395
51.9608
51.9731
51.9884
51.9893
51.993
51.993
51.9966
52.0281
52.0448
52.0492
52.0519
52.0584
52.0769
52.0783
52.0841
52.0878
52.1067
52.1136
52.1154
52.12
52.1313
52.1371
52.1422
52.1564
52.1564
52.1712
52.18
52.1816
52.208
52.2117
52.2209
52.2317
52.2324
52.236
52.2454
52.2476
52.2508
52.2532
52.2586
52.2612
52.2615
52.2619
52.2699
52.2701
52.2765
52.2847
52.2993
52.3024
52.3087
52.3125
52.3159
52.3237
52.3303
52.3341
52.3358
52.3713
52.379
52.3977
52.4037
52.4097
52.411
52.4124
52.4126
52.416
52.4245
52.431
52.4331
52.4384
52.445
52.4515
52.4578
52.4586
52.4593
52.4621
52.4621
52.4637
52.4711
52.4795
52.4806
52.4852
52.4877
52.4893
52.4904
52.5207
52.5318
52.5378
52.5463
52.552
52.5689
52.5711
52.5737
52.5805
52.581
52.5915
52.6075
52.6079
52.6122
52.6284
52.6332
52.6385
52.6389
52.6416
52.653
52.6594
52.663
52.6661
52.6685
52.6739
52.6778
52.6813
52.6919
52.7034
52.7325
52.7619
52.762
52.764
52.7741
52.7791
52.7807
52.7853
52.7942
52.7982
52.8038
52.804
52.8093
52.8131
52.8131
52.8161
52.8164
52.8244
52.828
52.8366
52.8372
52.8448
52.8538
52.8569
52.8838
52.8961
52.898
52.927
52.9342
52.9369
52.9378
52.9642
52.9654
52.995
53.0046
53.0142
53.0765
53.0778
53.0793
53.0844
53.0925
53.096
53.11
53.1285
53.1513
53.204
53.2098
53.2475
53.2772
53.2786
53.2852
53.2895
53.3018
53.3144
53.3189
53.3218
53.3649
53.3703
58.2186
58.2427
58.243
58.2435
58.2469
58.2556
58.283
58.2859
58.3005
58.3216
58.3227
58.3434
58.3589
58.3661
58.3708
58.4021
58.4364
58.439
58.4457
58.4857
58.4974
58.5085
58.5245
58.5302
58.544
58.5488
58.5543
58.5547
58.5551
58.5585
58.5672
58.5678
58.5812
58.5915
58.5922
58.5927
58.5946
58.5947
58.5975
58.5989
58.6121
58.6159
58.6163
58.6166
58.6171
58.6205
58.6292
58.6306
58.6332
58.6344
58.6354
58.64
58.6403
58.6407
58.6424
58.6441
58.6443
58.6528
58.655
58.6556
58.6565
58.6576
58.6594
58.6618
58.6619
58.6646
58.6705
58.6741
58.676
58.6777
58.6802
58.6824
58.6831
58.6859
58.6862
58.6866
58.6901
58.6939
58.6952
58.6963
58.6978
58.6987
58.7006
58.7137
58.7147
58.717
58.718
58.7183
58.7188
58.7188
58.72
58.7222
58.7261
58.729
58.7309
58.7324
58.7324
58.7334
58.7377
58.7377
58.7396
58.7407
58.7418
58.7437
58.7443
58.7443
58.748
58.7506
58.7561
58.7573
58.7582
58.7611
58.7633
58.7647
58.7659
58.768
58.7684
58.7687
58.7692
58.7726
58.7756
58.7758
58.7782
58.7813
58.7866
58.79
58.7969
58.7973
58.7974
58.798
58.7993
58.802
58.8025
58.8056
58.8086
58.8091
58.8092
58.81
58.8115
58.8125
58.8132
58.8139
58.8141
58.8144
58.8148
58.8183
58.8187
58.8192
58.8201
58.8262
58.827
58.8337
58.8341
58.8345
58.8361
58.8361
58.8362
58.8413
58.8428
58.8429
58.8452
58.846
58.847
58.8473
58.8484
58.8543
58.8556
58.8572
58.8592
58.8604
58.8645
58.8689
58.8691
58.871
58.8719
58.8768
58.8773
58.8789
58.8794
58.8796
58.882
58.8821
58.8829
58.8842
58.8846
58.8886
58.8888
58.8889
58.8893
58.8918
58.8927
58.8928
58.893
58.8941
58.8947
58.8964
58.8973
58.8981
58.9014
58.9031
58.9039
58.9043
58.9057
58.9063
58.9098
58.9105
58.9117
58.9142
58.9148
58.9176
58.9209
58.9218
58.9223
58.9262
58.9263
58.9277
58.9288
58.9288
58.9302
58.9317
58.9374
58.9406
58.9412
58.9414
58.9421
58.9422
58.9433
58.946
58.9464
58.947
58.9516
58.9534
58.954
58.9547
58.9552
58.9559
58.9609
58.9621
58.9646
58.9651
58.9651
58.9662
58.9672
58.9674
58.9677
58.9683
58.9686
58.9692
58.9713
58.9725
58.9727
58.9734
58.9735
58.9762
58.9784
58.9837
58.9857
58.9872
58.9876
58.9888
58.9893
58.9899
58.99
58.9919
58.992
58.9961
58.9998
59.0006
59.0041
59.0047
59.0078
59.0089
59.0103
59.011
59.0113
59.0119
59.0122
59.013
59.014
59.016
59.0166
59.017
59.0179
59.0181
59.0193
59.0231
59.024
59.0243
59.0263
59.0278
59.0289
59.0292
59.0312
59.0315
59.0326
59.0341
59.0347
59.0352
59.0354
59.0358
59.0379
59.0379
59.0381
59.0397
59.0416
59.042
59.0431
59.044
59.0442
59.045
59.0471
59.0474
59.0479
59.0479
59.0493
59.0493
59.0495
59.0502
59.0528
59.0534
59.0548
59.0564
59.057
59.0572
59.0573
59.0591
59.0618
59.0648
59.0668
59.0679
59.0688
59.0697
59.07
59.0732
59.0737
59.0741
59.0742
59.0743
59.0744
59.0785
59.0798
59.0823
59.0848
59.0856
59.0875
59.0882
59.0898
59.0911
59.0915
59.0935
59.0947
59.0959
59.0978
59.0987
59.1007
59.1019
59.105
59.1058
59.1059
59.1063
59.1068
59.1069
59.1077
59.109
59.1103
59.1106
59.1113
59.1113
59.1119
59.1141
59.1153
59.1154
59.1172
59.1172
59.1177
59.1183
59.1191
59.1193
59.1196
59.1201
59.1204
59.1246
59.1248
59.1269
59.1296
59.1306
59.1309
59.1313
59.1315
59.1329
59.1332
59.1349
59.135
59.1371
59.139
59.1392
59.1398
59.1433
59.1437
59.1461
59.1477
59.1493
59.1512
59.1517
59.1525
59.1543
59.1544
59.1563
59.1578
59.1586
59.161
59.1629
59.164
59.1661
59.1664
59.1681
59.17
59.1703
59.1704
59.1709
59.1734
59.1737
59.1742
59.1742
59.1754
59.1755
59.1758
59.1761
59.1765
59.1776
59.1792
59.1805
59.1808
59.1809
59.1813
59.183
59.1833
59.1849
59.1863
59.1867
59.1875
59.1884
59.1898
59.1899
59.1903
59.1905
59.1905
59.1908
59.1912
59.1946
59.1946
59.1947
59.1958
59.1998
59.2016
59.2019
59.2028
59.2033
59.2047
59.2067
59.2076
59.208
59.2086
59.2089
59.2089
59.2096
59.2104
59.2116
59.213
59.213
59.2137
59.2137
59.2138
59.2155
59.2157
59.2163
59.2165
59.217
59.2184
59.22
59.2206
59.2213
59.2214
59.2216
59.2218
59.2258
59.2262
59.227
59.227
59.229
59.2307
59.2312
59.2317
59.2331
59.2332
59.2333
59.2334
59.2336
59.2338
59.2355
59.2359
59.2372
59.2374
59.2378
59.2379
59.2385
59.24
59.2403
59.2405
59.2406
59.2424
59.2431
59.2442
59.2447
59.2455
59.2457
59.2459
59.2473
59.2483
59.2487
59.2504
59.2516
59.2523
59.2525
59.2534
59.2534
59.2547
59.2549
59.2563
59.2578
59.258
59.2591
59.2592
59.2634
59.2634
59.265
59.2661
59.2667
59.2668
59.2674
59.2693
59.2705
59.2708
59.2719
59.2726
59.2728
59.2733
59.2739
59.2741
59.2741
59.2749
59.2757
59.2761
59.2762
59.2764
59.2775
59.2776
59.2778
59.2788
59.2789
59.279
59.2791
59.2792
59.2796
59.2808
59.2809
59.2812
59.2814
59.283
59.2833
59.2859
59.286
59.2883
59.2884
59.2893
59.2896
59.2901
59.2902
59.2908
59.2912
59.2917
59.2945
59.2968
59.2969
59.2972
59.2973
59.2977
59.299
59.2995
59.2997
59.2998
59.3003
59.3011
59.3012
59.3014
59.3015
59.3016
59.3034
59.3037
59.3039
59.3047
59.3056
59.3066
59.307
59.3077
59.3085
59.3091
59.3091
59.3097
59.3098
59.3103
59.3104
59.3113
59.3116
59.3119
59.312
59.3122
59.3131
59.3131
59.3138
59.3168
59.318
59.3185
59.319
59.32
59.3218
59.3219
59.322
59.3223
59.3231
59.3234
59.3235
59.3237
59.324
59.3244
59.3246
59.3256
59.327
59.3273
59.3278
59.3282
59.3288
59.3297
59.3313
59.3315
59.3328
59.3337
59.3365
59.3366
59.3372
59.3388
59.3401
59.3404
59.3405
59.3405
59.3431
59.3441
59.3464
59.3465
59.3468
59.3471
59.3492
59.3495
59.3495
59.3498
59.3507
59.3521
59.3525
59.3529
59.3542
59.3547
59.3556
59.3558
59.3559
59.3564
59.3564
59.3577
59.3587
59.3588
59.359
59.3593
59.3594
59.3595
59.3595
59.3598
59.3601
59.3605
59.3611
59.3617
59.3635
59.3639
59.3663
59.3668
59.3671
59.3685
59.3685
59.3687
59.3688
59.3689
59.3693
59.3694
59.3697
59.3725
59.3727
59.3739
59.3741
59.3758
59.3761
59.3764
59.3764
59.3769
59.377
59.3782
59.3792
59.3792
59.3795
59.3814
59.3827
59.3829
59.3835
59.3836
59.3842
59.3845
59.385
59.3859
59.3864
59.3866
59.3867
59.3872
59.3875
59.3876
59.3917
59.3924
59.3934
59.3945
59.395
59.3958
59.3966
59.3976
59.3978
59.3984
59.3987
59.4014
59.4015
59.4022
59.4022
59.4024
59.4025
59.4025
59.4027
59.4037
59.4046
59.4047
59.405
59.4058
59.4063
59.4068
59.4074
59.4078
59.4087
59.4099
59.4103
59.4112
59.4115
59.4131
59.4134
59.4135
59.4141
59.4153
59.4156
59.4161
59.4163
59.4177
59.4179
59.4184
59.4185
59.4199
59.4203
59.4207
59.421
59.4215
59.4219
59.4229
59.424
59.4243
59.425
59.4261
59.4267
59.4281
59.4283
59.4287
59.4287
59.4288
59.4293
59.4296
59.4305
59.4307
59.4309
59.4309
59.4324
59.4331
59.4334
59.4345
59.4352
59.4354
59.4356
59.436
59.4382
59.4384
59.4385
59.4392
59.4398
59.4402
59.4414
59.4429
59.4432
59.4437
59.444
59.4443
59.4443
59.4447
59.4447
59.4448
59.4451
59.4452
59.4467
59.447
59.4471
59.4479
59.4482
59.4482
59.4483
59.4503
59.4514
59.4514
59.4517
59.4518
59.4519
59.4521
59.4544
59.4546
59.4552
59.4556
59.4562
59.4562
59.4563
59.4563
59.4569
59.4571
59.459
59.461
59.4612
59.462
59.4647
59.4652
59.4682
59.4686
59.469
59.4708
59.4715
59.4718
59.472
59.4723
59.4725
59.4746
59.4747
59.475
59.4753
59.4755
59.4756
59.4758
59.4759
59.476
59.4763
59.4763
59.4783
59.479
59.4791
59.4795
59.4797
59.4799
59.4803
59.4809
59.4811
59.4811
59.4817
59.4819
59.4824
59.4829
59.483
59.4836
59.4838
59.4842
59.4858
59.486
59.4871
59.4873
59.4878
59.4883
59.4883
59.4884
59.4886
59.4892
59.4902
59.4906
59.4906
59.491
59.4918
59.4919
59.4928
59.4929
59.4932
59.4934
59.4946
59.4965
59.4975
59.4976
59.4985
59.4988
59.4992
59.4992
59.4999
59.5003
59.5004
59.5005
59.5018
59.5036
59.5041
59.5049
59.5066
59.5067
59.5067
59.5075
59.5079
59.5104
59.5108
59.5114
59.5116
59.5119
59.5132
59.5144
59.5146
59.5147
59.5148
59.515
59.5156
59.5157
59.5158
59.5163
59.5165
59.5171
59.5173
59.5174
59.5187
59.5194
59.5199
59.5217
59.5222
59.5224
59.5226
59.5227
59.5227
59.5229
59.5232
59.5232
59.5233
59.5233
59.524
59.5241
59.5247
59.5248
59.5254
59.5263
59.5266
59.5266
59.5278
59.5285
59.5289
59.5296
59.53
59.5301
59.5304
59.5316
59.5318
59.5324
59.5326
59.5332
59.5333
59.5334
59.5335
59.5342
59.5343
59.5357
59.536
59.5364
59.5374
59.5378
59.5387
59.5391
59.5393
59.5396
59.5399
59.5399
59.5401
59.5404
59.5425
59.5431
59.5438
59.544
59.5445
59.5447
59.5451
59.5467
59.5467
59.547
59.5471
59.5474
59.5478
59.5485
59.5493
59.5495
59.5496
59.5498
59.5509
59.5517
59.5518
59.553
59.5534
59.5544
59.5544
59.5545
59.5547
59.5556
59.5556
59.5566
59.5571
59.5571
59.5571
59.5574
59.5581
59.5585
59.5596
59.5601
59.5606
59.5608
59.5613
59.5613
59.5624
59.5627
59.5632
59.5636
59.5661
59.5664
59.5666
59.5673
59.5699
59.5699
59.57
59.5708
59.5715
59.5715
59.5719
59.572
59.572
59.5721
59.5728
59.5731
59.5731
59.5736
59.5744
59.575
59.5759
59.5762
59.5763
59.5771
59.5772
59.5774
59.5774
59.5778
59.5782
59.5783
59.5783
59.5784
59.5785
59.5787
59.5788
59.5788
59.5792
59.5801
59.5803
59.5812
59.5816
59.5816
59.5818
59.5826
59.5828
59.583
59.583
59.5831
59.5844
59.5848
59.585
59.5852
59.5853
59.5855
59.5855
59.5863
59.5865
59.5869
59.5873
59.5883
59.5891
59.5892
59.5894
59.5895
59.5898
59.5899
59.5902
59.5905
59.5905
59.5906
59.5909
59.5913
59.5917
59.592
59.5921
59.5924
59.5925
59.5935
59.5935
59.5945
59.5951
59.5953
59.5953
59.5982
59.5985
59.5989
59.5993
59.5993
59.6
59.6002
59.6009
59.6011
59.6015
59.6018
59.6019
59.6021
59.6022
59.6028
59.603
59.6033
59.6033
59.6036
59.6039
59.6045
59.6053
59.6054
59.6057
59.6057
59.606
59.6065
59.6065
59.6066
59.6067
59.6085
59.6089
59.6091
59.6093
59.6096
59.6099
59.6103
59.6106
59.6119
59.6123
59.6144
59.6145
59.6155
59.6157
59.6157
59.6166
59.6168
59.6172
59.6172
59.6172
59.6173
59.6174
59.6185
59.6186
59.6187
59.6188
59.6188
59.619
59.6191
59.6193
59.6201
59.6202
59.6203
59.6209
59.6209
59.6213
59.6216
59.6219
59.622
59.623
59.6232
59.6237
59.6249
59.6249
59.6249
59.6251
59.6255
59.6257
59.6262
59.6267
59.6273
59.6276
59.6276
59.6285
59.6287
59.6287
59.6297
59.6308
59.6312
59.6315
59.632
59.6327
59.6327
59.6328
59.6346
59.6349
59.6349
59.635
59.6354
59.6358
59.636
59.6362
59.6363
59.6364
59.6374
59.6377
59.6389
59.6402
59.6403
59.6403
59.6417
59.6428
59.6446
59.6447
59.645
59.6451
59.6454
59.6454
59.6457
59.6457
59.6458
59.6459
59.6459
59.6464
59.6466
59.6468
59.6469
59.6474
59.6475
59.6478
59.6479
59.6483
59.6484
59.6487
59.6488
59.6488
59.6489
59.6492
59.6493
59.6495
59.6518
59.6518
59.6522
59.6525
59.6525
59.6525
59.6531
59.6544
59.6547
59.6549
59.6559
59.6564
59.6569
59.657
59.6571
59.6573
59.6579
59.6581
59.6583
59.6585
59.6589
59.6589
59.659
59.6593
59.6598
59.6616
59.6616
59.6621
59.6621
59.6624
59.6625
59.6628
59.6628
59.6631
59.6631
59.6635
59.6637
59.6639
59.6639
59.6641
59.6647
59.6649
59.666
59.6663
59.6667
59.6668
59.6684
59.6684
59.6689
59.6692
59.67
59.671
59.6712
59.6715
59.6718
59.6721
59.6724
59.6725
59.6725
59.673
59.6732
59.6733
59.6734
59.6736
59.6739
59.6742
59.6747
59.6747
59.6756
59.6761
59.6762
59.6773
59.6777
59.6778
59.6779
59.6781
59.6785
59.6785
59.6787
59.6791
59.6792
59.6795
59.6798
59.6799
59.6801
59.6804
59.6804
59.6807
59.681
59.6811
59.6815
59.6816
59.682
59.6838
59.6839
59.6839
59.6839
59.6846
59.6848
59.6851
59.6853
59.6854
59.6855
59.6857
59.6862
59.6865
59.6869
59.6869
59.6873
59.6877
59.6877
59.6882
59.6887
59.6895
59.6896
59.69
59.6907
59.6909
59.6917
59.6929
59.6932
59.6933
59.6937
59.6937
59.6937
59.694
59.6943
59.6946
59.6947
59.695
59.6952
59.6962
59.6966
59.6968
59.697
59.6971
59.6975
59.6979
59.6982
59.6983
59.6985
59.6987
59.6987
59.6991
59.6999
59.7004
59.7007
59.701
59.7011
59.7018
59.7022
59.7023
59.7025
59.7027
59.7028
59.7028
59.703
59.7032
59.7044
59.7045
59.705
59.7051
59.7055
59.7057
59.706
59.7064
59.7065
59.7075
59.7076
59.7087
59.7088
59.7089
59.7097
59.7098
59.7098
59.7106
59.7108
59.711
59.7112
59.7115
59.7118
59.7118
59.7118
59.7121
59.7138
59.7156
59.716
59.7163
59.7163
59.7171
59.7176
59.718
59.7183
59.7185
59.7188
59.7189
59.7194
59.7201
59.7201
59.7205
59.7208
59.7219
59.722
59.7221
59.7227
59.7234
59.7237
59.7239
59.7239
59.7248
59.7251
59.7253
59.7258
59.7259
59.7268
59.7272
59.7277
59.728
59.728
59.7281
59.7291
59.7294
59.7295
59.7302
59.7303
59.7304
59.7309
59.7319
59.7321
59.7324
59.733
59.7332
59.7337
59.7344
59.7345
59.7363
59.7364
59.7365
59.7366
59.7369
59.7373
59.7378
59.7385
59.7386
59.7386
59.7397
59.7399
59.7399
59.74
59.7404
59.7404
59.7405
59.7413
59.7415
59.742
59.7421
59.7428
59.7429
59.7434
59.7435
59.7438
59.7438
59.7439
59.7441
59.7451
59.7453
59.7455
59.7456
59.7457
59.7457
59.7472
59.7475
59.7478
59.7483
59.7487
59.7492
59.7496
59.7496
59.75
59.7501
59.7503
59.7507
59.751
59.7515
59.7516
59.7522
59.7525
59.7533
59.7534
59.7542
59.7542
59.7544
59.7547
59.7548
59.7553
59.7561
59.7561
59.7561
59.7563
59.7566
59.7569
59.7572
59.7573
59.7584
59.7585
59.7587
59.7598
59.7608
59.7609
59.7612
59.7612
59.7636
59.7637
59.7645
59.7651
59.7651
59.7652
59.7655
59.7667
59.7672
59.7684
59.7684
59.7685
59.7685
59.7688
59.7689
59.7691
59.7694
59.7705
59.7708
59.7712
59.7722
59.7727
59.7731
59.7733
59.7733
59.7735
59.7738
59.7738
59.7742
59.7747
59.7747
59.7756
59.7758
59.776
59.7768
59.7771
59.7772
59.7773
59.7775
59.7777
59.7778
59.7783
59.7784
59.7786
59.779
59.7797
59.7799
59.7799
59.78
59.7808
59.7813
59.7814
59.7815
59.7816
59.7819
59.7822
59.7824
59.7824
59.7826
59.7828
59.7829
59.783
59.7833
59.7837
59.7838
59.7839
59.7842
59.7847
59.7849
59.7856
59.7866
59.7868
59.7868
59.7876
59.7877
59.7879
59.7881
59.7889
59.7892
59.7896
59.7896
59.7897
59.7898
59.7904
59.7905
59.7913
59.7913
59.7915
59.7916
59.7919
59.7919
59.7921
59.7924
59.7928
59.7928
59.7929
59.7931
59.7939
59.794
59.7945
59.7948
59.7952
59.7954
59.7955
59.7956
59.7959
59.796
59.796
59.7968
59.7971
59.7975
59.7976
59.7977
59.799
59.7994
59.7995
59.7995
59.7996
59.8002
59.8005
59.8007
59.8014
59.8014
59.8014
59.8018
59.8019
59.802
59.8025
59.8035
59.8042
59.8044
59.8044
59.8046
59.8047
59.805
59.8065
59.8069
59.8075
59.8086
59.8095
59.8096
59.8108
59.8124
59.8128
59.8133
59.8134
59.8134
59.814
59.8143
59.8143
59.8144
59.8145
59.8149
59.8149
59.8153
59.8156
59.8159
59.8163
59.8166
59.8169
59.8175
59.8182
59.8185
59.8186
59.8186
59.8192
59.8197
59.8198
59.82
59.8201
59.8203
59.8207
59.8214
59.8217
59.8218
59.8224
59.8227
59.8228
59.8229
59.823
59.8237
59.8241
59.8243
59.8246
59.8247
59.8248
59.8255
59.8255
59.8257
59.8257
59.8258
59.826
59.826
59.8264
59.8264
59.8266
59.8268
59.827
59.8275
59.8275
59.8278
59.8279
59.8285
59.8285
59.8287
59.8289
59.8305
59.8312
59.8316
59.8317
59.8318
59.8318
59.8319
59.8324
59.8331
59.8332
59.8335
59.8341
59.8343
59.8345
59.8346
59.8347
59.8349
59.836
59.8366
59.837
59.8372
59.8373
59.8381
59.8386
59.8387
59.8395
59.8404
59.8404
59.8405
59.8413
59.8416
59.8417
59.8417
59.8417
59.8428
59.8434
59.8437
59.844
59.8442
59.8444
59.8444
59.8444
59.845
59.8452
59.8453
59.8454
59.8456
59.8462
59.8463
59.8471
59.8471
59.8474
59.8479
59.8479
59.848
59.848
59.8486
59.8491
59.8492
59.8494
59.8499
59.8503
59.8503
59.8505
59.8506
59.8506
59.8509
59.8513
59.8514
59.8516
59.8517
59.8522
59.8527
59.8546
59.8556
59.8558
59.8558
59.856
59.8562
59.8565
59.8567
59.8569
59.8569
59.857
59.8575
59.8575
59.8577
59.858
59.8583
59.8584
59.8587
59.8587
59.8587
59.8589
59.8589
59.8591
59.8591
59.8592
59.8593
59.8596
59.8597
59.8598
59.86
59.8603
59.8604
59.8606
59.8608
59.8614
59.8626
59.8626
59.8628
59.863
59.8631
59.8634
59.8639
59.8643
59.8658
59.8658
59.8671
59.8672
59.8674
59.8674
59.8676
59.8677
59.868
59.8682
59.869
59.8692
59.8702
59.8703
59.8705
59.8712
59.8713
59.8714
59.8714
59.8716
59.8717
59.8718
59.8721
59.8722
59.8727
59.8734
59.8736
59.8739
59.874
59.874
59.8741
59.8745
59.8752
59.8767
59.8769
59.8771
59.8772
59.8775
59.8783
59.8783
59.8789
59.8797
59.8797
59.8798
59.88
59.8801
59.8801
59.8814
59.8817
59.8829
59.883
59.8831
59.8831
59.8833
59.8833
59.8833
59.8834
59.8841
59.8843
59.8845
59.8845
59.8846
59.8851
59.8851
59.8856
59.8859
59.8865
59.8873
59.8875
59.8876
59.8877
59.8879
59.888
59.8884
59.8887
59.8889
59.8899
59.8902
59.8903
59.8903
59.8904
59.8907
59.8909
59.891
59.8911
59.8914
59.8914
59.8919
59.892
59.892
59.892
59.8938
59.8941
59.8942
59.8945
59.8946
59.8947
59.8953
59.8955
59.8956
59.8964
59.8966
59.8969
59.897
59.8974
59.8974
59.8986
59.8987
59.8987
59.899
59.8998
59.9
59.9001
59.9008
59.9011
59.9012
59.9012
59.9013
59.9014
59.9015
59.9016
59.9018
59.9018
59.9022
59.9025
59.9028
59.9029
59.903
59.9035
59.9036
59.9038
59.9049
59.9049
59.9049
59.905
59.905
59.9054
59.9059
59.907
59.9072
59.9075
59.9075
59.908
59.9084
59.9088
59.9103
59.9106
59.9108
59.9116
59.9117
59.9119
59.9125
59.9129
59.9137
59.9139
59.9144
59.9147
59.915
59.9154
59.9154
59.9155
59.9159
59.916
59.9162
59.9163
59.9164
59.9165
59.9166
59.9169
59.917
59.9176
59.9179
59.9185
59.9194
59.9195
59.9198
59.9203
59.9206
59.9207
59.9207
59.9216
59.922
59.9224
59.9231
59.9235
59.9237
59.9247
59.9248
59.9251
59.9256
59.9258
59.926
59.926
59.926
59.9266
59.9267
59.9268
59.927
59.9271
59.9272
59.9274
59.9279
59.9279
59.9283
59.9284
59.9291
59.9291
59.9292
59.9304
59.9305
59.9308
59.9308
59.9309
59.931
59.9313
59.9317
59.9331
59.9332
59.9333
59.9334
59.9334
59.9334
59.9334
59.9336
59.9336
59.9345
59.9346
59.9346
59.9351
59.9354
59.9359
59.9365
59.9366
59.9372
59.9373
59.9377
59.9377
59.9384
59.9384
59.9389
59.9389
59.9389
59.939
59.9393
59.9399
59.94
59.941
59.9413
59.9413
59.9413
59.9418
59.9419
59.9423
59.9426
59.943
59.9432
59.9436
59.9437
59.9437
59.9439
59.9441
59.9446
59.9448
59.9455
59.9458
59.9461
59.9461
59.9463
59.9464
59.9473
59.9474
59.9475
59.9478
59.9483
59.9483
59.9485
59.9488
59.9489
59.9497
59.9498
59.9503
59.9505
59.9505
59.9507
59.9511
59.9514
59.9514
59.9515
59.9516
59.9531
59.9535
59.9539
59.9539
59.9541
59.9543
59.9545
59.9546
59.9548
59.9556
59.9557
59.9561
59.9563
59.9574
59.9575
59.9575
59.9577
59.9577
59.9577
59.9577
59.9581
59.9582
59.9582
59.9586
59.9591
59.9596
59.9596
59.9598
59.9599
59.9603
59.9608
59.9613
59.9616
59.9617
59.9619
59.9622
59.9622
59.9623
59.9633
59.9635
59.964
59.9641
59.9645
59.9649
59.9651
59.9652
59.9658
59.9658
59.9659
59.9662
59.9663
59.9665
59.9685
59.9686
59.9689
59.9689
59.9697
59.9701
59.9705
59.9705
59.9705
59.971
59.9711
59.9724
59.9728
59.9736
59.9737
59.9744
59.9745
59.9746
59.9749
59.9749
59.975
59.9751
59.976
59.9761
59.9763
59.9766
59.9768
59.9776
59.9778
59.9778
59.9781
59.9782
59.9782
59.9784
59.9786
59.9787
59.9788
59.9791
59.9792
59.9794
59.9794
59.9797
59.9799
59.9801
59.9801
59.9801
59.9803
59.9804
59.9805
59.9808
59.9817
59.9817
59.9818
59.9822
59.9826
59.9829
59.9835
59.9848
59.9848
59.985
59.985
59.9855
59.9857
59.986
59.9864
59.9868
59.987
59.9872
59.9875
59.9876
59.9878
59.9879
59.988
59.9881
59.9893
59.9894
59.9895
59.9896
59.9897
59.9899
59.9907
59.9909
59.9911
59.9911
59.9913
59.9913
59.9918
59.9919
59.9919
59.9923
59.9924
59.993
59.9933
59.9933
59.9935
59.9936
59.9938
59.9938
59.9941
59.9943
59.9944
59.9948
59.995
59.9952
59.9955
59.9955
59.9956
59.9956
59.9962
59.9965
59.9969
59.997
59.9971
59.9972
59.9975
59.9976
59.9984
59.9985
59.9985
59.9986
59.9986
59.9989
59.999
59.9993
59.9996
59.9996
60.0003
60.0005
60.0008
60.0012
60.0012
60.0015
60.002
60.0031
60.0031
60.0033
60.0038
60.0043
60.0044
60.0045
60.0049
60.005
60.0051
60.0052
60.0054
60.0054
60.0059
60.0063
60.0064
60.0064
60.0066
60.0069
60.007
60.0071
60.0071
60.0072
60.0073
60.0076
60.0076
60.0081
60.0084
60.0086
60.0086
60.0093
60.0094
60.0101
60.0102
60.0103
60.0103
60.0105
60.011
60.0117
60.0117
60.0118
60.0122
60.0125
60.0125
60.0127
60.0141
60.0144
60.0144
60.0164
60.0168
60.017
60.0177
60.0181
60.0183
60.0185
60.0185
60.0186
60.0186
60.0191
60.0192
60.0193
60.0201
60.0206
60.0206
60.0215
60.0218
60.0218
60.0218
60.0219
60.0221
60.0222
60.0222
60.0226
60.0226
60.0233
60.0234
60.0234
60.0235
60.0242
60.0242
60.0245
60.0248
60.0248
60.0253
60.0253
60.0254
60.0255
60.0255
60.0261
60.0263
60.0265
60.0268
60.0276
60.0282
60.0285
60.0289
60.0302
60.0306
60.0307
60.0321
60.0322
60.0326
60.0326
60.0329
60.0332
60.034
60.0343
60.0343
60.0343
60.0345
60.0346
60.0347
60.0347
60.0349
60.035
60.0353
60.0357
60.0357
60.0361
60.0362
60.0362
60.0363
60.0363
60.0365
60.0367
60.0368
60.037
60.0373
60.0373
60.0373
60.0374
60.0377
60.0377
60.0382
60.0382
60.0384
60.0385
60.0385
60.0386
60.0389
60.0389
60.039
60.039
60.0391
60.0399
60.04
60.0403
60.0408
60.0409
60.041
60.0416
60.0417
60.0419
60.0422
60.0424
60.0424
60.0425
60.0428
60.0433
60.0438
60.044
60.0442
60.0447
60.0457
60.0457
60.046
60.0461
60.0461
60.0465
60.0466
60.0467
60.047
60.0471
60.0471
60.0475
60.0476
60.0477
60.0479
60.0481
60.0482
60.0483
60.0483
60.049
60.049
60.0491
60.0491
60.0494
60.0496
60.0497
60.05
60.05
60.05
60.0503
60.0504
60.0506
60.0508
60.051
60.0521
60.0531
60.0535
60.0536
60.0538
60.0541
60.0542
60.0543
60.0545
60.0546
60.0548
60.0551
60.0562
60.0571
60.0574
60.0574
60.0575
60.0575
60.0576
60.0579
60.058
60.0585
60.0593
60.0593
60.0599
60.0602
60.0609
60.0613
60.0613
60.0614
60.062
60.062
60.0635
60.0639
60.064
60.0641
60.0642
60.0644
60.0646
60.0648
60.0649
60.0657
60.0662
60.0663
60.0666
60.0667
60.0669
60.067
60.0672
60.0673
60.0676
60.0677
60.0681
60.0681
60.0681
60.0681
60.0681
60.0689
60.0691
60.0697
60.0701
60.0703
60.0704
60.0704
60.0705
60.0705
60.0707
60.0709
60.0711
60.0712
60.0719
60.072
60.0721
60.0723
60.073
60.0731
60.0734
60.0734
60.0734
60.074
60.0741
60.0742
60.0745
60.0746
60.0746
60.0756
60.0761
60.0768
60.0772
60.0774
60.0775
60.0776
60.0779
60.0781
60.0781
60.0783
60.0784
60.079
60.0798
60.0802
60.0803
60.0809
60.0811
60.0812
60.0813
60.0813
60.0814
60.0815
60.0821
60.0821
60.0821
60.0831
60.0831
60.0832
60.0835
60.0839
60.084
60.0846
60.0846
60.0849
60.085
60.0851
60.0852
60.0853
60.0855
60.0857
60.0857
60.0862
60.0863
60.0878
60.0885
60.0885
60.0886
60.0894
60.0896
60.0897
60.0899
60.09
60.0901
60.0903
60.091
60.0911
60.0913
60.0917
60.0921
60.0921
60.0921
60.0922
60.0926
60.0926
60.093
60.0932
60.0934
60.0935
60.0937
60.0939
60.0941
60.0942
60.0945
60.0947
60.0949
60.095
60.0953
60.0955
60.0958
60.096
60.0964
60.0965
60.0965
60.0966
60.097
60.0974
60.0974
60.0979
60.098
60.0983
60.0984
60.0985
60.0985
60.0986
60.099
60.0992
60.0999
60.1002
60.1002
60.1005
60.1006
60.1007
60.1007
60.1009
60.1013
60.1013
60.1013
60.1016
60.1017
60.1018
60.1021
60.1025
60.1029
60.1029
60.1032
60.1038
60.1045
60.1047
60.1049
60.1052
60.1052
60.1061
60.1065
60.107
60.1077
60.1081
60.1083
60.109
60.109
60.1091
60.1096
60.1096
60.1096
60.1098
60.1099
60.1104
60.111
60.1112
60.1114
60.1115
60.1117
60.1124
60.1125
60.1128
60.1131
60.1131
60.1132
60.1135
60.1137
60.1139
60.1142
60.1143
60.1143
60.1146
60.115
60.1154
60.1161
60.1163
60.1164
60.1164
60.1166
60.1166
60.1166
60.1169
60.117
60.117
60.117
60.1171
60.1172
60.1175
60.1177
60.1182
60.1184
60.1188
60.119
60.12
60.1202
60.121
60.121
60.1216
60.1216
60.1218
60.122
60.1222
60.1223
60.1224
60.1227
60.1235
60.1241
60.1251
60.1259
60.1268
60.1269
60.127
60.1271
60.1271
60.1271
60.1272
60.1274
60.1274
60.1275
60.1275
60.128
60.1282
60.1283
60.1283
60.1285
60.1287
60.1287
60.1288
60.1289
60.129
60.1296
60.1298
60.1301
60.1305
60.1307
60.1308
60.1308
60.131
60.1314
60.1316
60.1317
60.1317
60.1319
60.1323
60.1325
60.1327
60.1331
60.1338
60.1341
60.1343
60.1346
60.1347
60.135
60.135
60.1353
60.1354
60.1357
60.1357
60.1359
60.1367
60.1368
60.1369
60.1374
60.138
60.1381
60.1382
60.1383
60.1384
60.1384
60.1388
60.1389
60.1391
60.1394
60.1394
60.1399
60.1399
60.14
60.14
60.14
60.1401
60.1401
60.1401
60.1402
60.1407
60.1412
60.1412
60.1413
60.1413
60.1417
60.1417
60.142
60.1423
60.1424
60.1425
60.1426
60.1433
60.1437
60.1441
60.1442
60.1444
60.1445
60.145
60.1453
60.1457
60.1464
60.1467
60.1475
60.1475
60.148
60.1484
60.1484
60.1487
60.1489
60.1489
60.1491
60.1504
60.1506
60.1506
60.1507
60.1508
60.151
60.1523
60.1523
60.1524
60.1524
60.1525
60.1525
60.1529
60.1531
60.1533
60.154
60.1542
60.1543
60.1545
60.1545
60.1547
60.1548
60.1549
60.1552
60.1554
60.1554
60.1555
60.1561
60.1561
60.1562
60.1565
60.1565
60.1566
60.1571
60.1574
60.1576
60.1582
60.1585
60.1588
60.1589
60.159
60.1591
60.1592
60.1592
60.1594
60.1597
60.16
60.1602
60.1603
60.1604
60.1605
60.1608
60.1613
60.1615
60.1615
60.1618
60.1622
60.1623
60.1623
60.1623
60.1626
60.1627
60.1628
60.1629
60.163
60.163
60.1636
60.1641
60.1644
60.1644
60.1644
60.1645
60.1645
60.1646
60.1655
60.1655
60.1656
60.1662
60.1662
60.1662
60.1665
60.1666
60.1669
60.1673
60.1674
60.1676
60.1677
60.1686
60.1688
60.1692
60.1693
60.1693
60.1695
60.1698
60.1699
60.17
60.1702
60.1702
60.1703
60.1704
60.1704
60.1704
60.1707
60.171
60.1713
60.1717
60.1718
60.1718
60.1718
60.1719
60.172
60.172
60.1722
60.1722
60.1722
60.1728
60.1729
60.1733
60.1735
60.1735
60.1737
60.1738
60.1741
60.175
60.1752
60.1756
60.1761
60.1761
60.1762
60.1763
60.1765
60.177
60.1771
60.1771
60.1775
60.1776
60.1777
60.1777
60.1785
60.1791
60.1792
60.1794
60.1805
60.1808
60.1811
60.1813
60.1823
60.1823
60.1826
60.1827
60.1828
60.1829
60.1833
60.1835
60.1836
60.184
60.1842
60.1852
60.1855
60.1855
60.1855
60.1862
60.1863
60.1863
60.1866
60.1867
60.1868
60.187
60.187
60.1871
60.1871
60.1872
60.1872
60.1874
60.1876
60.1878
60.188
60.188
60.1882
60.1882
60.1885
60.1889
60.189
60.189
60.1892
60.1899
60.1899
60.1902
60.1905
60.1908
60.191
60.191
60.1912
60.1912
60.1924
60.1925
60.1929
60.1931
60.1932
60.1933
60.1933
60.1933
60.1936
60.1943
60.1948
60.195
60.1954
60.1958
60.1959
60.1959
60.1963
60.1963
60.1968
60.1968
60.1969
60.197
60.1973
60.1974
60.1974
60.1974
60.1974
60.1975
60.1975
60.1984
60.1986
60.1988
60.1988
60.199
60.1991
60.1991
60.1991
60.1992
60.1993
60.1994
60.1997
60.1997
60.1998
60.2
60.2002
60.2004
60.2011
60.2012
60.2013
60.2014
60.2015
60.2017
60.2018
60.2019
60.2021
60.2025
60.2027
60.203
60.2032
60.2032
60.2032
60.2033
60.2034
60.204
60.2042
60.2044
60.2046
60.2046
60.2048
60.2052
60.2054
60.2055
60.2057
60.2058
60.2058
60.2062
60.2062
60.2064
60.2068
60.2068
60.2069
60.2072
60.2075
60.2078
60.2079
60.2079
60.2082
60.2083
60.2087
60.2088
60.2092
60.2096
60.2096
60.2096
60.2097
60.2097
60.2098
60.21
60.2103
60.2103
60.2103
60.2104
60.2104
60.2112
60.2115
60.2116
60.2119
60.2119
60.2121
60.2122
60.2126
60.2126
60.213
60.2132
60.2132
60.2134
60.2137
60.2141
60.2143
60.2144
60.2146
60.2146
60.2148
60.2149
60.2152
60.2153
60.2155
60.2158
60.216
60.2161
60.2161
60.2165
60.2171
60.2172
60.2179
60.2185
60.2185
60.2191
60.2191
60.2192
60.2192
60.2194
60.2195
60.2199
60.22
60.221
60.221
60.2217
60.2226
60.2226
60.2228
60.2229
60.2232
60.2232
60.2235
60.2236
60.224
60.2243
60.2246
60.225
60.2251
60.2258
60.2259
60.2265
60.2266
60.2267
60.2268
60.2271
60.2276
60.2276
60.228
60.2284
60.2284
60.2284
60.2286
60.2287
60.2293
60.2294
60.2297
60.2299
60.2301
60.2301
60.2302
60.2303
60.2304
60.2304
60.2305
60.231
60.2313
60.2316
60.2318
60.2318
60.2319
60.2322
60.2327
60.233
60.2333
60.2334
60.2334
60.2335
60.2336
60.2338
60.2344
60.2346
60.2347
60.2347
60.235
60.2356
60.2358
60.2359
60.2362
60.2363
60.2364
60.2367
60.2367
60.2368
60.237
60.237
60.2372
60.2372
60.2374
60.2374
60.2376
60.2377
60.2381
60.2382
60.2383
60.2384
60.2387
60.2392
60.2392
60.2393
60.2393
60.2397
60.2397
60.2397
60.2398
60.2404
60.2407
60.2408
60.241
60.2411
60.2417
60.2419
60.2419
60.2422
60.2423
60.2423
60.243
60.2441
60.2441
60.2442
60.2445
60.2446
60.2448
60.2451
60.2454
60.2454
60.2455
60.2458
60.246
60.2461
60.2462
60.2462
60.2464
60.2466
60.2467
60.2468
60.2468
60.2472
60.2472
60.2477
60.2477
60.2477
60.2478
60.248
60.2481
60.2482
60.2484
60.2485
60.2487
60.2487
60.2488
60.2491
60.2492
60.2492
60.2493
60.2495
60.2496
60.2507
60.2509
60.2509
60.251
60.2519
60.2528
60.253
60.2533
60.2545
60.2545
60.255
60.2551
60.2552
60.2553
60.2555
60.2558
60.256
60.2561
60.2562
60.2566
60.2569
60.257
60.257
60.257
60.2571
60.2574
60.2577
60.2579
60.258
60.2581
60.2581
60.2584
60.2585
60.2586
60.2587
60.2587
60.2589
60.2589
60.2591
60.2592
60.2593
60.26
60.26
60.2602
60.2602
60.2605
60.2606
60.2606
60.261
60.2612
60.2617
60.2619
60.2619
60.262
60.262
60.2624
60.2627
60.2633
60.2639
60.2642
60.2643
60.2652
60.2652
60.2657
60.2658
60.266
60.2661
60.2662
60.2663
60.2668
60.2669
60.2669
60.2671
60.2673
60.2674
60.2675
60.268
60.2682
60.2683
60.2685
60.2688
60.269
60.2692
60.2693
60.2699
60.2707
60.2708
60.2708
60.2708
60.271
60.2711
60.2712
60.2712
60.2716
60.272
60.2722
60.2724
60.2727
60.2727
60.2731
60.2732
60.2732
60.2734
60.2735
60.2736
60.2742
60.2743
60.2745
60.2748
60.2751
60.2756
60.2758
60.276
60.277
60.2772
60.2772
60.2775
60.2775
60.2776
60.2776
60.2779
60.2784
60.2786
60.2789
60.2789
60.279
60.2791
60.2791
60.2792
60.2796
60.2799
60.28
60.2802
60.2802
60.2803
60.2807
60.281
60.2811
60.2812
60.2815
60.2816
60.2816
60.282
60.2824
60.2827
60.2829
60.2829
60.2831
60.2848
60.2849
60.285
60.2856
60.2862
60.2863
60.2863
60.2865
60.287
60.2871
60.2875
60.2875
60.2877
60.2878
60.2879
60.2881
60.2887
60.2889
60.289
60.2891
60.2892
60.2892
60.2893
60.2895
60.2896
60.2897
60.2897
60.2899
60.29
60.2901
60.2901
60.2902
60.2904
60.2905
60.2906
60.2906
60.2908
60.291
60.2911
60.2912
60.2916
60.2917
60.2919
60.2924
60.2924
60.2925
60.2929
60.2935
60.2935
60.2939
60.2943
60.2943
60.2943
60.2946
60.2952
60.2959
60.2959
60.2959
60.297
60.2973
60.2976
60.2977
60.2984
60.2988
60.299
60.299
60.2994
60.2994
60.2994
60.2996
60.2997
60.2998
60.3
60.3005
60.3006
60.3009
60.301
60.3014
60.3019
60.302
60.3021
60.3021
60.3023
60.3024
60.3025
60.3025
60.3025
60.3026
60.3027
60.3027
60.3028
60.3028
60.303
60.3031
60.3032
60.3039
60.3043
60.3045
60.3049
60.3052
60.3054
60.3055
60.3058
60.3059
60.306
60.3062
60.3062
60.3063
60.3067
60.3068
60.3069
60.3071
60.3071
60.3076
60.3076
60.3076
60.3079
60.3079
60.3085
60.3097
60.31
60.3101
60.3102
60.3105
60.3105
60.3106
60.3109
60.311
60.3115
60.3116
60.3118
60.3121
60.3122
60.3123
60.3126
60.3132
60.3134
60.3134
60.3137
60.314
60.3141
60.3144
60.3146
60.3149
60.315
60.3151
60.3152
60.3157
60.3161
60.3162
60.3162
60.3164
60.3164
60.3169
60.317
60.3172
60.3175
60.3176
60.3179
60.318
60.318
60.3181
60.3182
60.319
60.319
60.3193
60.3193
60.3197
60.3199
60.32
60.32
60.3205
60.3206
60.3209
60.3214
60.3218
60.3219
60.3221
60.3224
60.3227
60.3238
60.3239
60.324
60.3243
60.3244
60.3245
60.3245
60.3253
60.3254
60.3257
60.3259
60.3264
60.3266
60.3268
60.3269
60.3271
60.3275
60.3277
60.3281
60.3281
60.3281
60.3285
60.3286
60.3291
60.3297
60.3298
60.3299
60.3303
60.3304
60.3309
60.3313
60.3314
60.3314
60.3314
60.3324
60.3325
60.3326
60.3328
60.3329
60.3329
60.333
60.3331
60.3332
60.3332
60.3335
60.3335
60.3341
60.3345
60.3345
60.3345
60.3347
60.3347
60.3349
60.335
60.335
60.3351
60.3354
60.3354
60.3356
60.3363
60.3364
60.3367
60.3368
60.3369
60.337
60.3371
60.3372
60.3377
60.3381
60.3384
60.3385
60.3387
60.3391
60.3391
60.3394
60.3397
60.3398
60.34
60.3401
60.3403
60.3404
60.3408
60.341
60.3416
60.3418
60.3419
60.3421
60.3421
60.3424
60.3428
60.3429
60.3431
60.3435
60.3437
60.3438
60.3439
60.3441
60.3442
60.3445
60.3445
60.3445
60.3447
60.345
60.3455
60.3456
60.3457
60.346
60.3461
60.3462
60.3463
60.3464
60.3468
60.3468
60.3469
60.3474
60.3475
60.3476
60.3476
60.3479
60.348
60.348
60.3481
60.3483
60.3484
60.3484
60.3487
60.3487
60.3488
60.349
60.3492
60.3494
60.3497
60.3497
60.35
60.3501
60.3503
60.351
60.351
60.3511
60.3511
60.3514
60.3518
60.3519
60.3521
60.3524
60.3525
60.3525
60.3529
60.353
60.353
60.3532
60.3532
60.3533
60.3534
60.3535
60.3538
60.3542
60.3543
60.3544
60.3545
60.3548
60.3551
60.3555
60.3557
60.3558
60.356
60.3562
60.3566
60.3566
60.3567
60.3569
60.3572
60.3574
60.3575
60.3576
60.3577
60.3583
60.3584
60.3584
60.3586
60.359
60.3591
60.3593
60.3594
60.3595
60.3595
60.3597
60.3598
60.3598
60.3599
60.3603
60.3604
60.3611
60.3611
60.3613
60.3614
60.3617
60.3618
60.3624
60.3627
60.3628
60.3629
60.3632
60.3633
60.3633
60.3636
60.3639
60.3639
60.3641
60.3645
60.3645
60.3646
60.3646
60.3654
60.3658
60.3658
60.3658
60.366
60.3663
60.3664
60.3672
60.3672
60.3688
60.369
60.3691
60.3695
60.3695
60.3702
60.3702
60.3705
60.3709
60.3711
60.3718
60.3721
60.3723
60.3727
60.3727
60.3728
60.373
60.3737
60.3738
60.3743
60.3754
60.3755
60.3756
60.3757
60.3758
60.3759
60.376
60.376
60.3766
60.3768
60.3769
60.3769
60.3772
60.3774
60.3778
60.3781
60.3783
60.3784
60.3785
60.3796
60.3799
60.3799
60.3799
60.38
60.38
60.3801
60.3803
60.3805
60.3808
60.3811
60.3811
60.3812
60.3814
60.3818
60.3818
60.3819
60.3819
60.3822
60.3826
60.3826
60.3826
60.3826
60.3828
60.3828
60.3831
60.3831
60.3831
60.3832
60.3836
60.3839
60.3839
60.3839
60.384
60.3841
60.3842
60.3843
60.3844
60.3845
60.3847
60.3848
60.3851
60.3853
60.3854
60.3856
60.3858
60.386
60.3863
60.3865
60.3866
60.3867
60.3868
60.3868
60.3869
60.387
60.3876
60.3876
60.3877
60.388
60.3881
60.3882
60.3883
60.3886
60.3887
60.3893
60.3894
60.3898
60.3902
60.3902
60.3904
60.3905
60.3911
60.3912
60.3913
60.3914
60.3915
60.3915
60.3917
60.3918
60.3918
60.3919
60.3923
60.3925
60.3925
60.3927
60.3928
60.3929
60.3931
60.3937
60.3938
60.3939
60.3941
60.3942
60.3942
60.3943
60.3945
60.3945
60.3946
60.3949
60.3949
60.395
60.3951
60.3951
60.3953
60.3955
60.3956
60.3958
60.3958
60.396
60.3967
60.3967
60.3974
60.3981
60.3981
60.3982
60.3986
60.3989
60.3989
60.3991
60.3992
60.3993
60.3999
60.3999
60.4001
60.4005
60.4007
60.4009
60.4009
60.4011
60.4015
60.4016
60.4017
60.402
60.4021
60.4022
60.4024
60.4025
60.4029
60.4029
60.4029
60.4032
60.4036
60.4059
60.4059
60.4059
60.4059
60.4059
60.406
60.4062
60.4064
60.4064
60.4067
60.4067
60.4069
60.407
60.407
60.4071
60.4072
60.4073
60.4076
60.4079
60.4079
60.4086
60.4087
60.4089
60.409
60.4095
60.41
60.41
60.41
60.4101
60.4103
60.4104
60.4108
60.4109
60.4114
60.4119
60.4121
60.4122
60.4122
60.4129
60.4129
60.413
60.4131
60.4132
60.4136
60.4136
60.4142
60.4148
60.4151
60.4153
60.4155
60.4156
60.4158
60.4159
60.4161
60.4163
60.4167
60.4167
60.4175
60.4175
60.418
60.4182
60.4184
60.4185
60.4186
60.4188
60.4188
60.4191
60.4195
60.4197
60.4198
60.4198
60.4201
60.4201
60.4203
60.4203
60.4204
60.4205
60.4208
60.4211
60.4211
60.4212
60.4212
60.4213
60.4213
60.4214
60.4216
60.4221
60.4226
60.4228
60.423
60.4231
60.4232
60.4232
60.4232
60.4236
60.4237
60.4238
60.4239
60.424
60.4241
60.4242
60.4244
60.4247
60.425
60.4254
60.4254
60.4254
60.4254
60.4256
60.426
60.4261
60.4262
60.4268
60.4269
60.427
60.4274
60.4275
60.4276
60.4277
60.4278
60.4281
60.4288
60.429
60.4292
60.4296
60.4297
60.4299
60.4302
60.4303
60.4304
60.4306
60.4306
60.4308
60.4308
60.431
60.4311
60.4311
60.4312
60.4323
60.4325
60.4328
60.4331
60.4337
60.4338
60.4338
60.434
60.4342
60.4353
60.4359
60.4363
60.4363
60.4368
60.4369
60.4371
60.4371
60.4371
60.4372
60.4373
60.4375
60.4375
60.4375
60.4377
60.4379
60.4383
60.4384
60.4388
60.4394
60.4395
60.4398
60.44
60.4401
60.4402
60.4402
60.4403
60.4404
60.4407
60.4408
60.441
60.4413
60.4414
60.4415
60.4415
60.4417
60.4417
60.442
60.4421
60.4423
60.4424
60.4424
60.4429
60.4438
60.4438
60.4439
60.4444
60.4444
60.4445
60.4446
60.445
60.4451
60.4451
60.4453
60.4456
60.4459
60.446
60.4465
60.4466
60.4468
60.4469
60.4471
60.4472
60.4472
60.4477
60.4478
60.4483
60.4491
60.4494
60.4495
60.4496
60.4497
60.4497
60.4499
60.4501
60.4502
60.4504
60.4506
60.4508
60.4509
60.451
60.4513
60.4514
60.4517
60.4517
60.4518
60.4521
60.4522
60.4522
60.4525
60.4526
60.4527
60.4528
60.4528
60.453
60.4533
60.4534
60.4534
60.4535
60.4536
60.4538
60.4539
60.454
60.4541
60.4543
60.4544
60.4546
60.455
60.4555
60.4561
60.4562
60.4564
60.457
60.457
60.4573
60.4576
60.4584
60.4584
60.4585
60.4585
60.4586
60.4589
60.4594
60.4594
60.4595
60.4597
60.4599
60.46
60.46
60.4604
60.4606
60.4607
60.4611
60.4611
60.4612
60.4612
60.462
60.4621
60.4625
60.4626
60.4627
60.463
60.4631
60.4634
60.4636
60.4637
60.464
60.4641
60.4642
60.4642
60.4643
60.4645
60.4646
60.4648
60.4649
60.4649
60.4649
60.4651
60.4652
60.4656
60.466
60.4661
60.4662
60.4663
60.4666
60.467
60.4671
60.4671
60.4672
60.4673
60.4674
60.4675
60.4675
60.4678
60.468
60.4681
60.4683
60.4686
60.4686
60.4689
60.469
60.4693
60.4696
60.4696
60.4696
60.4698
60.47
60.4701
60.4703
60.4704
60.4711
60.4713
60.4714
60.4714
60.4718
60.4722
60.4723
60.4726
60.4726
60.4727
60.4732
60.4732
60.4733
60.4737
60.4737
60.4747
60.4748
60.4749
60.4752
60.4756
60.4759
60.476
60.4761
60.4762
60.4763
60.4766
60.4768
60.477
60.4781
60.4782
60.4782
60.4783
60.4786
60.4792
60.4796
60.4802
60.4802
60.4809
60.481
60.4812
60.4816
60.4821
60.4822
60.4823
60.4825
60.4826
60.4826
60.4826
60.4828
60.4831
60.4831
60.4832
60.4833
60.4833
60.4836
60.4844
60.4844
60.4845
60.4845
60.4852
60.4856
60.4856
60.4856
60.4869
60.487
60.4871
60.4873
60.4876
60.488
60.488
60.4881
60.4881
60.4882
60.4886
60.4887
60.489
60.4895
60.4895
60.4898
60.49
60.4901
60.4905
60.4906
60.4908
60.491
60.4917
60.4918
60.4919
60.4919
60.492
60.492
60.4921
60.4923
60.4925
60.4925
60.4929
60.4929
60.4933
60.4934
60.4935
60.4941
60.4942
60.4943
60.4945
60.4946
60.4951
60.4956
60.4959
60.496
60.4962
60.4964
60.4965
60.4966
60.4968
60.4969
60.4969
60.497
60.497
60.4975
60.4976
60.499
60.4991
60.4995
60.4997
60.4998
60.4998
60.5002
60.5003
60.5007
60.5008
60.5009
60.5009
60.5011
60.5012
60.5013
60.5013
60.5016
60.5016
60.5018
60.502
60.5021
60.5024
60.5027
60.5029
60.503
60.5031
60.5035
60.5038
60.5041
60.5042
60.5046
60.5047
60.505
60.5051
60.5051
60.5051
60.5053
60.5055
60.5062
60.5063
60.5067
60.5068
60.5069
60.5069
60.507
60.5074
60.5077
60.5079
60.5081
60.5083
60.5086
60.5086
60.5086
60.5086
60.5086
60.5092
60.5097
60.5099
60.51
60.5101
60.5102
60.5109
60.5114
60.5114
60.5116
60.5117
60.5118
60.5119
60.5124
60.5125
60.5126
60.5128
60.5128
60.5129
60.5129
60.5129
60.5133
60.5134
60.5135
60.5136
60.5136
60.514
60.5141
60.5141
60.5143
60.5144
60.5145
60.5147
60.5149
60.515
60.515
60.5151
60.5153
60.5153
60.5156
60.5159
60.5161
60.5165
60.5168
60.517
60.5173
60.5173
60.5174
60.5176
60.5178
60.5182
60.5183
60.5183
60.5185
60.5186
60.5187
60.5188
60.519
60.5196
60.5204
60.5206
60.5212
60.5215
60.5216
60.5216
60.5221
60.5221
60.5221
60.5224
60.5226
60.5227
60.5231
60.5239
60.5239
60.5242
60.5248
60.5249
60.525
60.5253
60.5254
60.5255
60.5255
60.5255
60.5257
60.5258
60.5263
60.5266
60.5269
60.5269
60.527
60.5271
60.5277
60.5278
60.5281
60.5281
60.5284
60.5284
60.5285
60.5285
60.5288
60.529
60.5291
60.5292
60.5292
60.5293
60.5295
60.5297
60.5298
60.5299
60.5299
60.5302
60.5305
60.5305
60.5306
60.5311
60.5311
60.5318
60.532
60.5321
60.5323
60.5326
60.533
60.533
60.5331
60.5331
60.5332
60.5333
60.5334
60.5336
60.5343
60.5343
60.5349
60.5349
60.5351
60.5352
60.5355
60.5356
60.536
60.536
60.5361
60.5362
60.5366
60.5367
60.537
60.537
60.537
60.5371
60.5372
60.5372
60.5375
60.5375
60.5381
60.5383
60.5384
60.5385
60.5386
60.5386
60.5388
60.539
60.539
60.5395
60.5397
60.54
60.5402
60.5402
60.5403
60.5404
60.5404
60.5411
60.5411
60.5413
60.5417
60.5417
60.5418
60.5418
60.5419
60.5423
60.5425
60.5426
60.543
60.5431
60.5438
60.544
60.5442
60.5444
60.5444
60.5444
60.5445
60.5448
60.5452
60.5459
60.546
60.546
60.5467
60.5467
60.5469
60.547
60.5473
60.5475
60.5476
60.5477
60.5477
60.5478
60.5478
60.5489
60.549
60.549
60.5492
60.5494
60.5495
60.5503
60.5504
60.5507
60.5508
60.5511
60.5517
60.5521
60.5522
60.5528
60.5528
60.5529
60.5532
60.5534
60.5537
60.5538
60.5541
60.5542
60.5542
60.5543
60.5543
60.5543
60.5544
60.5551
60.5552
60.5553
60.5555
60.5556
60.5556
60.5557
60.5559
60.5559
60.5561
60.5572
60.5572
60.5573
60.5573
60.5575
60.5575
60.5578
60.5579
60.558
60.558
60.5586
60.5588
60.5589
60.5592
60.5592
60.5593
60.5594
60.5594
60.5596
60.5596
60.5596
60.5598
60.56
60.5601
60.5602
60.5607
60.5607
60.5607
60.5609
60.5615
60.5615
60.5616
60.5617
60.5618
60.5619
60.562
60.5624
60.5625
60.5628
60.5631
60.5633
60.5634
60.5634
60.5638
60.5639
60.565
60.565
60.5659
60.5661
60.5663
60.5667
60.5669
60.5669
60.5676
60.5677
60.5678
60.5679
60.5679
60.5682
60.5683
60.5686
60.5687
60.5687
60.5691
60.5691
60.5696
60.5697
60.5698
60.57
60.5704
60.5706
60.5709
60.571
60.5712
60.5713
60.5713
60.5713
60.5718
60.5719
60.5719
60.5721
60.5726
60.5727
60.5727
60.5728
60.573
60.5734
60.5736
60.5736
60.5737
60.574
60.5741
60.5742
60.5746
60.5747
60.5748
60.5749
60.575
60.575
60.5754
60.576
60.5763
60.5765
60.5767
60.5772
60.5773
60.5773
60.5774
60.5774
60.5775
60.5775
60.5777
60.5778
60.5779
60.5781
60.5782
60.5787
60.5788
60.5788
60.579
60.5791
60.5791
60.5793
60.5794
60.5795
60.5797
60.5798
60.58
60.5801
60.5801
60.5801
60.5802
60.5803
60.5805
60.5807
60.5808
60.5812
60.5813
60.5814
60.5814
60.5817
60.582
60.5822
60.5825
60.5825
60.5825
60.5825
60.5829
60.5829
60.583
60.5837
60.5838
60.584
60.584
60.5843
60.5843
60.5845
60.5846
60.5847
60.5848
60.5848
60.5849
60.5853
60.5853
60.5857
60.5859
60.5859
60.586
60.586
60.5862
60.5862
60.5863
60.5865
60.5865
60.5867
60.5867
60.5868
60.5869
60.5869
60.5869
60.5873
60.5873
60.5874
60.5875
60.5877
60.5879
60.5879
60.588
60.5883
60.5884
60.5884
60.5886
60.5888
60.5888
60.5889
60.5891
60.5892
60.5898
60.5901
60.591
60.5914
60.5916
60.5917
60.5917
60.5919
60.5922
60.5924
60.5928
60.5928
60.5928
60.593
60.593
60.5931
60.5932
60.5933
60.5935
60.5935
60.5941
60.5941
60.5943
60.5943
60.5943
60.5946
60.5949
60.5953
60.5953
60.5957
60.5958
60.5959
60.5959
60.596
60.5965
60.5965
60.597
60.597
60.5971
60.5972
60.5973
60.5975
60.5976
60.5979
60.598
60.598
60.598
60.5982
60.5982
60.5983
60.5984
60.5985
60.5985
60.5985
60.5985
60.5985
60.5988
60.5989
60.5989
60.599
60.5991
60.5992
60.5996
60.5996
60.5997
60.5997
60.5998
60.5999
60.6007
60.601
60.601
60.6011
60.6012
60.6013
60.6014
60.6014
60.6017
60.6017
60.6018
60.6022
60.6024
60.6024
60.6029
60.6031
60.6032
60.6033
60.6035
60.6039
60.6039
60.6039
60.6041
60.6042
60.6043
60.6043
60.6043
60.6045
60.6046
60.6047
60.6049
60.605
60.6051
60.6054
60.6056
60.6058
60.6059
60.6059
60.606
60.606
60.6061
60.6063
60.607
60.6071
60.6072
60.6073
60.608
60.6082
60.6083
60.6085
60.6086
60.6087
60.6088
60.6089
60.609
60.6092
60.6092
60.6092
60.6095
60.6095
60.6097
60.6098
60.6101
60.6101
60.6102
60.6103
60.6103
60.6105
60.6106
60.6108
60.6111
60.6115
60.6115
60.6116
60.6119
60.612
60.6124
60.6127
60.6132
60.6133
60.6133
60.6133
60.6134
60.6139
60.6139
60.6142
60.6143
60.6145
60.6145
60.6146
60.6146
60.6146
60.6146
60.6147
60.6148
60.6151
60.6152
60.6152
60.6155
60.6155
60.6155
60.616
60.6162
60.6162
60.6165
60.6167
60.6169
60.617
60.617
60.6171
60.6174
60.6174
60.6176
60.6177
60.6179
60.618
60.6182
60.6182
60.6183
60.6184
60.6191
60.6192
60.6194
60.6196
60.6199
60.6201
60.6203
60.6207
60.6208
60.6209
60.6209
60.6212
60.6214
60.6214
60.6222
60.6223
60.6225
60.6229
60.6236
60.6237
60.6238
60.6238
60.6239
60.6241
60.6244
60.625
60.625
60.6255
60.6256
60.6259
60.626
60.627
60.6271
60.6272
60.6273
60.6274
60.6276
60.6277
60.6281
60.6282
60.6283
60.6287
60.6292
60.6292
60.6295
60.6296
60.6297
60.6298
60.6299
60.63
60.63
60.6301
60.6301
60.6302
60.6303
60.6308
60.631
60.6315
60.6316
60.6317
60.6318
60.6322
60.6323
60.6323
60.6324
60.6327
60.6332
60.6332
60.6333
60.6336
60.6337
60.6338
60.6343
60.6345
60.6345
60.6345
60.6346
60.6347
60.635
60.635
60.6351
60.6352
60.6355
60.6356
60.6358
60.6358
60.6359
60.636
60.6362
60.6369
60.6369
60.6369
60.6375
60.6375
60.6377
60.6377
60.6377
60.6378
60.6378
60.6382
60.6383
60.6385
60.6385
60.6385
60.6385
60.6386
60.6387
60.6392
60.6395
60.6395
60.6396
60.6397
60.6399
60.6404
60.6404
60.6404
60.6406
60.6407
60.6411
60.6413
60.6413
60.6417
60.6418
60.6419
60.642
60.6422
60.6422
60.6423
60.6424
60.6424
60.6425
60.6428
60.6428
60.6431
60.6432
60.6438
60.6438
60.6441
60.6442
60.6444
60.6445
60.6446
60.6446
60.6447
60.6447
60.645
60.6451
60.6451
60.6451
60.6451
60.6454
60.6455
60.6459
60.646
60.646
60.6462
60.6471
60.6472
60.6473
60.6474
60.6475
60.6475
60.6477
60.6478
60.6478
60.648
60.648
60.6481
60.6484
60.6484
60.6486
60.6488
60.6488
60.6489
60.6493
60.6497
60.6498
60.6501
60.6502
60.6505
60.6505
60.6508
60.6512
60.6514
60.6515
60.6518
60.6522
60.6522
60.6523
60.6523
60.6524
60.6531
60.6531
60.6534
60.6536
60.6539
60.654
60.6542
60.6549
60.656
60.6562
60.6562
60.6569
60.6569
60.6569
60.6571
60.6572
60.6572
60.6577
60.6583
60.6587
60.6588
60.6588
60.6589
60.6591
60.6591
60.6593
60.6595
60.6596
60.6598
60.66
60.6601
60.6603
60.6604
60.6604
60.6605
60.6606
60.6607
60.6608
60.661
60.661
60.6611
60.6615
60.6615
60.6615
60.6615
60.6616
60.6617
60.662
60.6626
60.6626
60.6627
60.6631
60.6633
60.6633
60.6634
60.6635
60.6635
60.6637
60.6637
60.664
60.6641
60.6643
60.6643
60.6648
60.6652
60.6656
60.6663
60.6667
60.6668
60.6672
60.6672
60.6674
60.6675
60.6675
60.6679
60.6679
60.668
60.6681
60.6683
60.6684
60.6685
60.6689
60.6689
60.669
60.669
60.6691
60.6692
60.6696
60.6698
60.6703
60.6703
60.6703
60.6704
60.671
60.6711
60.6711
60.6712
60.6714
60.6718
60.6718
60.672
60.6721
60.6723
60.6723
60.6725
60.6728
60.673
60.673
60.6733
60.6733
60.6735
60.674
60.6741
60.6742
60.6743
60.6743
60.6744
60.6745
60.6748
60.675
60.6755
60.6755
60.6756
60.6756
60.6757
60.676
60.6762
60.6762
60.6764
60.6764
60.6765
60.6765
60.6767
60.677
60.6771
60.6771
60.6772
60.6772
60.6774
60.6775
60.6776
60.6777
60.6778
60.678
60.6781
60.6781
60.6782
60.6785
60.6787
60.6787
60.6788
60.6789
60.6791
60.6791
60.6792
60.6796
60.6796
60.6799
60.68
60.68
60.68
60.6804
60.6808
60.6808
60.681
60.6812
60.6813
60.6813
60.6813
60.6814
60.6815
60.6818
60.6818
60.6818
60.6822
60.6822
60.6822
60.6823
60.6826
60.6831
60.6831
60.6832
60.6832
60.6837
60.684
60.6842
60.6847
60.6849
60.6854
60.6858
60.6859
60.6866
60.6867
60.687
60.6872
60.6873
60.6873
60.6879
60.6887
60.6888
60.6896
60.6897
60.6897
60.6898
60.69
60.6905
60.691
60.691
60.6911
60.6914
60.6916
60.6921
60.6926
60.6927
60.6931
60.6932
60.6935
60.6936
60.6937
60.6937
60.6937
60.694
60.694
60.6941
60.6947
60.6951
60.6952
60.6955
60.6955
60.6958
60.696
60.6962
60.6963
60.6977
60.6981
60.6982
60.6987
60.6989
60.6989
60.699
60.6994
60.6997
60.6999
60.7004
60.7004
60.7007
60.7007
60.7008
60.7011
60.7013
60.7013
60.7013
60.7016
60.702
60.702
60.7021
60.7023
60.7026
60.7026
60.7029
60.7035
60.7036
60.7037
60.7038
60.7039
60.7041
60.7052
60.7052
60.7053
60.7055
60.7055
60.7055
60.7055
60.7058
60.7059
60.706
60.706
60.706
60.706
60.7062
60.7063
60.7064
60.7068
60.7068
60.7072
60.7076
60.7078
60.7078
60.7079
60.7082
60.7082
60.7085
60.7085
60.7087
60.7088
60.7091
60.7091
60.7092
60.7095
60.7095
60.7096
60.7103
60.7103
60.7104
60.7104
60.7107
60.7107
60.7107
60.7108
60.7108
60.7109
60.7117
60.7118
60.712
60.7126
60.7126
60.7128
60.7131
60.7133
60.7133
60.7139
60.714
60.7141
60.7143
60.7144
60.7146
60.7148
60.7152
60.7153
60.7154
60.7154
60.7154
60.7156
60.7156
60.7157
60.7163
60.7169
60.717
60.717
60.7171
60.7176
60.7177
60.7178
60.7178
60.7179
60.7182
60.7184
60.7184
60.7184
60.7185
60.7185
60.7187
60.7188
60.7188
60.7196
60.7197
60.7198
60.72
60.72
60.72
60.72
60.7201
60.721
60.721
60.7212
60.7212
60.7212
60.7213
60.7216
60.7216
60.7217
60.7218
60.722
60.7221
60.7223
60.7223
60.7224
60.7227
60.7228
60.7229
60.7229
60.7229
60.7231
60.7234
60.7236
60.7237
60.7238
60.7241
60.7242
60.7246
60.7248
60.7251
60.7256
60.7259
60.7263
60.7263
60.7269
60.7273
60.7274
60.7275
60.7275
60.7276
60.7286
60.7291
60.7293
60.7294
60.7295
60.7296
60.7305
60.7312
60.7313
60.7316
60.7316
60.732
60.7322
60.7324
60.7325
60.7328
60.733
60.7331
60.7333
60.7337
60.7344
60.7345
60.7345
60.7346
60.7348
60.7348
60.7349
60.7357
60.7359
60.736
60.7364
60.7364
60.7365
60.7366
60.737
60.7371
60.7374
60.7376
60.7376
60.7378
60.7378
60.738
60.7381
60.7382
60.7384
60.7387
60.739
60.7391
60.7394
60.7397
60.74
60.7401
60.7401
60.7402
60.7404
60.7404
60.7406
60.7407
60.741
60.7415
60.7415
60.7415
60.7419
60.7421
60.7425
60.7425
60.7427
60.7427
60.7428
60.7428
60.743
60.7435
60.7435
60.7436
60.7445
60.7449
60.745
60.7451
60.7451
60.7453
60.7454
60.7457
60.7458
60.7459
60.746
60.7461
60.7461
60.7466
60.7467
60.7468
60.7468
60.7469
60.7471
60.7471
60.7472
60.7477
60.7478
60.748
60.7483
60.7485
60.7488
60.7488
60.7489
60.7492
60.7492
60.7492
60.7497
60.7499
60.7499
60.7499
60.7504
60.7505
60.7507
60.7507
60.7508
60.751
60.7511
60.7511
60.7512
60.7513
60.7515
60.7515
60.7518
60.7519
60.7521
60.7527
60.7528
60.7533
60.7535
60.7537
60.7541
60.7542
60.7543
60.7543
60.7544
60.7546
60.7553
60.7557
60.7559
60.7559
60.7559
60.7561
60.7561
60.7561
60.7566
60.7566
60.7566
60.7568
60.757
60.757
60.7573
60.7575
60.7576
60.7576
60.7581
60.7582
60.7583
60.7583
60.7584
60.7585
60.7586
60.7586
60.7587
60.7588
60.7593
60.7593
60.7594
60.7596
60.7598
60.7599
60.7599
60.76
60.7602
60.7604
60.7607
60.761
60.7611
60.7612
60.7614
60.7616
60.7617
60.7619
60.7624
60.7626
60.7627
60.7629
60.763
60.7631
60.7633
60.7635
60.7636
60.7637
60.7637
60.764
60.7641
60.7641
60.7642
60.7644
60.7646
60.7647
60.7648
60.7649
60.7652
60.7652
60.7656
60.7656
60.7659
60.766
60.7665
60.7666
60.7669
60.767
60.7671
60.7672
60.7677
60.7683
60.7684
60.7684
60.7686
60.7686
60.7686
60.7688
60.7688
60.7693
60.7695
60.7696
60.77
60.77
60.7702
60.7704
60.7706
60.7707
60.7707
60.7708
60.7709
60.7715
60.7717
60.7718
60.7722
60.7724
60.7727
60.7728
60.7735
60.7744
60.7744
60.7745
60.7747
60.7748
60.7749
60.775
60.7754
60.7754
60.7755
60.7756
60.7758
60.7758
60.7759
60.7766
60.7767
60.7768
60.777
60.777
60.7772
60.7772
60.7774
60.7775
60.7775
60.7777
60.7779
60.778
60.7784
60.7786
60.7786
60.7786
60.7788
60.779
60.7791
60.7791
60.7796
60.7797
60.7798
60.7799
60.7802
60.7803
60.7808
60.7811
60.7811
60.7813
60.7815
60.7815
60.7815
60.7816
60.7817
60.782
60.7825
60.7828
60.7829
60.7829
60.7832
60.7841
60.7842
60.7843
60.7843
60.7845
60.785
60.785
60.7851
60.7854
60.7854
60.7854
60.786
60.7861
60.7862
60.7863
60.7864
60.7864
60.7864
60.7867
60.7868
60.7869
60.787
60.7874
60.7876
60.7878
60.7881
60.7882
60.7883
60.7887
60.7889
60.7894
60.7899
60.79
60.79
60.7902
60.7904
60.7906
60.7908
60.7908
60.7911
60.7912
60.7913
60.7913
60.7914
60.7917
60.7919
60.7919
60.7921
60.7921
60.7921
60.7923
60.7924
60.7924
60.7924
60.7924
60.7925
60.7927
60.7927
60.7927
60.7928
60.7932
60.7941
60.7943
60.7943
60.7944
60.7944
60.7945
60.7946
60.7948
60.795
60.7958
60.7959
60.7959
60.796
60.7965
60.7968
60.7968
60.7972
60.7974
60.7974
60.7977
60.7977
60.7978
60.7982
60.7986
60.7987
60.7987
60.7988
60.799
60.7991
60.7994
60.7995
60.7996
60.8
60.8002
60.8002
60.8003
60.8006
60.8007
60.8012
60.8014
60.8015
60.8015
60.8016
60.8016
60.8019
60.8021
60.8021
60.8024
60.8025
60.8027
60.8031
60.8033
60.8036
60.8037
60.8038
60.8045
60.8046
60.8049
60.8051
60.8054
60.8055
60.8055
60.8057
60.8059
60.806
60.8062
60.8064
60.8065
60.8065
60.807
60.8072
60.8073
60.8074
60.8074
60.8075
60.8076
60.8077
60.8078
60.8079
60.808
60.8084
60.8085
60.8085
60.8087
60.8091
60.8094
60.8096
60.8097
60.8099
60.8101
60.8101
60.8101
60.8105
60.8106
60.8106
60.8107
60.8109
60.811
60.8114
60.8118
60.8121
60.8124
60.8127
60.813
60.8135
60.8135
60.8138
60.814
60.814
60.8143
60.8147
60.8147
60.8148
60.815
60.815
60.8151
60.8151
60.8151
60.8153
60.8154
60.8154
60.8156
60.8157
60.8158
60.8159
60.816
60.816
60.8163
60.8168
60.8169
60.8171
60.8171
60.8172
60.8177
60.8179
60.818
60.8181
60.8181
60.8182
60.8183
60.8183
60.8184
60.8184
60.8186
60.8187
60.8188
60.8192
60.8194
60.8198
60.8201
60.8201
60.8202
60.8203
60.8204
60.8204
60.8204
60.8205
60.8207
60.8207
60.8208
60.8209
60.8209
60.8211
60.8211
60.8213
60.8218
60.8219
60.822
60.8223
60.8224
60.8225
60.8225
60.8228
60.823
60.823
60.8231
60.8235
60.8237
60.8239
60.824
60.8243
60.8243
60.8244
60.8244
60.8244
60.8245
60.8246
60.8246
60.8248
60.8249
60.8252
60.8252
60.8259
60.8262
60.8262
60.8262
60.8267
60.8268
60.8269
60.8273
60.8273
60.8275
60.8276
60.8278
60.8278
60.8283
60.8283
60.8285
60.8291
60.8294
60.8295
60.8296
60.8297
60.8302
60.8304
60.8306
60.8306
60.8311
60.8317
60.8318
60.832
60.8323
60.8332
60.8334
60.8334
60.8334
60.8335
60.8336
60.8337
60.8337
60.8338
60.8339
60.8341
60.8344
60.8349
60.8351
60.8352
60.8354
60.8356
60.8356
60.8357
60.8357
60.8358
60.8361
60.837
60.8372
60.8374
60.8375
60.8378
60.8379
60.8383
60.8386
60.8387
60.8388
60.8388
60.8389
60.839
60.8392
60.8393
60.8394
60.8394
60.8396
60.8396
60.8399
60.84
60.8401
60.8402
60.8402
60.8405
60.8408
60.8409
60.841
60.8411
60.8411
60.8412
60.8413
60.8414
60.8414
60.8415
60.8416
60.8416
60.8417
60.8417
60.8421
60.8422
60.8423
60.8423
60.8425
60.8427
60.8427
60.8428
60.8429
60.8433
60.8434
60.8438
60.8448
60.8449
60.8451
60.8454
60.8454
60.8459
60.846
60.8463
60.8465
60.8465
60.8467
60.8467
60.8468
60.8474
60.8475
60.8475
60.8476
60.8477
60.8478
60.8478
60.848
60.848
60.8483
60.8486
60.8486
60.8487
60.8487
60.8489
60.8489
60.849
60.8491
60.8494
60.8494
60.8496
60.8499
60.85
60.85
60.8501
60.8501
60.8501
60.8503
60.8512
60.8514
60.8514
60.8515
60.8515
60.8517
60.8518
60.852
60.8522
60.8525
60.8526
60.8526
60.8526
60.8527
60.8528
60.8529
60.8529
60.8531
60.8534
60.8536
60.8537
60.8539
60.8541
60.8542
60.8544
60.8547
60.8552
60.8555
60.8559
60.8563
60.8563
60.8564
60.8566
60.8571
60.8572
60.8577
60.8577
60.8578
60.8578
60.8579
60.8582
60.8587
60.8587
60.8589
60.8591
60.8598
60.86
60.8601
60.8602
60.8602
60.8603
60.8603
60.8605
60.8606
60.8612
60.8613
60.8615
60.8621
60.8621
60.8622
60.8628
60.8628
60.8629
60.8629
60.8633
60.8634
60.8634
60.8635
60.8636
60.8637
60.8639
60.864
60.864
60.8653
60.8653
60.8655
60.8658
60.8658
60.8661
60.8661
60.8661
60.8668
60.8669
60.8671
60.8672
60.8675
60.868
60.8689
60.869
60.8695
60.8695
60.8695
60.8696
60.8697
60.8697
60.8698
60.8699
60.8699
60.8703
60.8703
60.8704
60.8707
60.8711
60.8712
60.8716
60.8717
60.8717
60.8717
60.8718
60.8718
60.8721
60.873
60.8731
60.8731
60.8732
60.8732
60.8738
60.8738
60.8738
60.8741
60.8741
60.8744
60.8744
60.8745
60.8747
60.8748
60.8752
60.8759
60.8765
60.8771
60.8772
60.8773
60.8775
60.8779
60.8781
60.8783
60.8784
60.8784
60.8784
60.8786
60.8787
60.8791
60.8792
60.8792
60.8794
60.8794
60.8795
60.8795
60.8796
60.8797
60.8798
60.8799
60.88
60.8801
60.8801
60.8808
60.881
60.8811
60.8813
60.8816
60.8818
60.882
60.8821
60.8823
60.8825
60.8826
60.8826
60.8828
60.8832
60.8833
60.8834
60.8835
60.8835
60.8838
60.8839
60.8839
60.8839
60.8841
60.8844
60.8846
60.8847
60.8847
60.8852
60.8852
60.8852
60.8852
60.8855
60.8862
60.8863
60.8864
60.8865
60.8866
60.8869
60.8874
60.8877
60.8883
60.8886
60.8887
60.889
60.8892
60.8896
60.8896
60.8901
60.8904
60.8905
60.8906
60.8908
60.8914
60.8917
60.8918
60.8919
60.8926
60.8928
60.8928
60.8931
60.8935
60.8936
60.8936
60.8937
60.8943
60.8945
60.8946
60.8948
60.8948
60.8948
60.8948
60.8949
60.8951
60.8952
60.8958
60.8963
60.8965
60.8967
60.897
60.8971
60.8972
60.8974
60.8975
60.8979
60.8982
60.8982
60.8984
60.8988
60.8989
60.8992
60.8992
60.8993
60.8995
60.8996
60.8996
60.9004
60.9006
60.9007
60.9011
60.9012
60.9012
60.9015
60.9016
60.9018
60.9018
60.902
60.9022
60.9023
60.9024
60.9027
60.9028
60.903
60.9034
60.9035
60.9036
60.9043
60.9046
60.9047
60.9047
60.9049
60.9049
60.9054
60.9057
60.906
60.9062
60.9062
60.9063
60.9066
60.9067
60.9068
60.907
60.9075
60.9077
60.9077
60.908
60.9082
60.9088
60.9089
60.9089
60.9095
60.9095
60.9097
60.9097
60.9097
60.9099
60.9105
60.9108
60.9115
60.9116
60.9123
60.9123
60.9125
60.9125
60.9128
60.913
60.9131
60.9131
60.9134
60.9138
60.9138
60.9139
60.9142
60.9146
60.9147
60.9147
60.9147
60.9149
60.9157
60.9157
60.9158
60.9158
60.9159
60.9159
60.916
60.916
60.9161
60.9167
60.9167
60.9167
60.9167
60.9168
60.9173
60.9173
60.9179
60.9179
60.9184
60.9185
60.9186
60.9186
60.9189
60.9194
60.9194
60.9194
60.9199
60.92
60.9201
60.9202
60.9202
60.9204
60.9205
60.9211
60.9212
60.9218
60.9218
60.9223
60.9225
60.9228
60.9233
60.9239
60.9241
60.9244
60.9245
60.9247
60.9247
60.9248
60.9252
60.9252
60.9256
60.9259
60.9264
60.9266
60.9267
60.927
60.9272
60.9276
60.9282
60.9285
60.9286
60.9287
60.9289
60.9289
60.9289
60.929
60.9293
60.9294
60.9298
60.9298
60.9299
60.9299
60.9302
60.9311
60.9312
60.9312
60.9312
60.9313
60.9319
60.9319
60.9319
60.932
60.9322
60.9322
60.9329
60.9329
60.9332
60.9333
60.9335
60.9336
60.9338
60.9339
60.9341
60.9341
60.9354
60.9355
60.9356
60.9358
60.936
60.9361
60.9363
60.9366
60.9367
60.9369
60.937
60.9371
60.9371
60.9371
60.9371
60.9376
60.9376
60.9378
60.9378
60.938
60.9385
60.9388
60.9389
60.9389
60.9392
60.9392
60.9392
60.9395
60.9397
60.9406
60.9407
60.941
60.941
60.9416
60.9419
60.942
60.9421
60.9429
60.9434
60.9437
60.9438
60.9439
60.9439
60.9441
60.9442
60.9443
60.9443
60.9446
60.9446
60.9447
60.9447
60.9448
60.9458
60.9459
60.946
60.9463
60.9463
60.9466
60.9469
60.947
60.9474
60.9474
60.9474
60.9476
60.948
60.948
60.9481
60.9483
60.9487
60.9489
60.9489
60.949
60.9497
60.9502
60.9503
60.9505
60.9506
60.9508
60.9509
60.9521
60.9527
60.9533
60.9533
60.9534
60.9539
60.9541
60.9544
60.9548
60.9549
60.9549
60.955
60.9553
60.9555
60.9555
60.9558
60.956
60.9563
60.9563
60.9566
60.9568
60.9568
60.9569
60.9571
60.9571
60.9572
60.9573
60.9575
60.958
60.9581
60.9584
60.9584
60.9585
60.959
60.9591
60.9592
60.9593
60.9594
60.9596
60.9597
60.9597
60.9599
60.9602
60.9606
60.9607
60.9616
60.9617
60.9618
60.9619
60.962
60.9622
60.9622
60.9622
60.9625
60.9626
60.9629
60.963
60.9633
60.9636
60.9636
60.9637
60.9638
60.9642
60.9647
60.965
60.9658
60.9661
60.9661
60.9662
60.9664
60.9664
60.9664
60.9666
60.9668
60.9673
60.9677
60.968
60.9681
60.9682
60.9684
60.9687
60.9694
60.9694
60.9697
60.9697
60.9699
60.97
60.9702
60.9703
60.9703
60.9707
60.9707
60.9709
60.9711
60.9712
60.9717
60.9718
60.9719
60.9721
60.9725
60.9725
60.9726
60.9726
60.9726
60.9727
60.9727
60.9728
60.973
60.9733
60.9733
60.9734
60.9742
60.9743
60.9744
60.9746
60.9747
60.9748
60.9749
60.975
60.9751
60.9751
60.9752
60.9755
60.9756
60.976
60.9762
60.9768
60.9769
60.9769
60.9769
60.9771
60.9774
60.9776
60.9778
60.9778
60.9779
60.9781
60.9785
60.9786
60.9787
60.9789
60.979
60.9792
60.9794
60.9794
60.9797
60.9798
60.9799
60.9802
60.9803
60.9804
60.9805
60.9806
60.9806
60.9806
60.9807
60.9809
60.981
60.981
60.9812
60.9814
60.9815
60.9818
60.982
60.982
60.982
60.9823
60.983
60.9832
60.9834
60.9834
60.9835
60.9835
60.9837
60.9837
60.9837
60.9842
60.9846
60.9851
60.9852
60.9852
60.9853
60.9858
60.9858
60.986
60.9861
60.9861
60.9862
60.9866
60.987
60.9871
60.9872
60.9874
60.9876
60.9878
60.9878
60.9878
60.9879
60.9879
60.9879
60.9879
60.9883
60.9883
60.9885
60.9886
60.9888
60.989
60.989
60.9893
60.9897
60.9897
60.9899
60.9902
60.9907
60.9907
60.9908
60.9909
60.991
60.9912
60.9913
60.9913
60.9915
60.9915
60.9915
60.9917
60.9917
60.992
60.992
60.9926
60.9929
60.9932
60.9933
60.9934
60.9934
60.9939
60.994
60.9943
60.995
60.9953
60.9955
60.9956
60.9957
60.9958
60.9961
60.9962
60.9964
60.9967
60.9969
60.9977
60.9978
60.9979
60.9981
60.9983
60.9983
60.9984
60.9984
60.9991
60.9996
60.9998
61.0001
61.0005
61.0006
61.0007
61.0008
61.0009
61.0009
61.0011
61.0011
61.0013
61.0014
61.0019
61.0019
61.0022
61.0025
61.0026
61.0028
61.0028
61.0032
61.0032
61.0034
61.0035
61.0035
61.0037
61.0037
61.004
61.0042
61.0046
61.0047
61.0047
61.0048
61.0049
61.005
61.005
61.0053
61.0056
61.0065
61.0065
61.0066
61.0066
61.0067
61.0067
61.007
61.0075
61.0077
61.0077
61.0077
61.0078
61.0084
61.0089
61.0089
61.0091
61.0091
61.0091
61.0091
61.0092
61.0094
61.0095
61.01
61.0101
61.0103
61.0106
61.0106
61.0107
61.0108
61.0111
61.0113
61.0115
61.012
61.012
61.012
61.0121
61.0126
61.0126
61.013
61.0131
61.0131
61.0132
61.0133
61.0135
61.0135
61.0137
61.0139
61.0139
61.0141
61.0142
61.0147
61.0148
61.0149
61.015
61.0151
61.0153
61.0154
61.0157
61.0161
61.0162
61.0166
61.0166
61.0168
61.017
61.017
61.0172
61.0173
61.0173
61.0174
61.0175
61.0175
61.0178
61.0179
61.0179
61.018
61.0182
61.0183
61.0184
61.0185
61.0186
61.0189
61.0194
61.0196
61.0196
61.0197
61.0198
61.02
61.02
61.0201
61.0203
61.0204
61.0205
61.0207
61.0209
61.0209
61.0211
61.0212
61.0217
61.0218
61.0219
61.022
61.0223
61.0227
61.0227
61.0231
61.0231
61.0234
61.0234
61.0236
61.0239
61.0239
61.0241
61.0242
61.0244
61.0245
61.0248
61.0249
61.025
61.025
61.0251
61.0251
61.0251
61.0254
61.0255
61.0257
61.0257
61.0259
61.026
61.026
61.0269
61.0271
61.0272
61.0272
61.0272
61.0272
61.0273
61.0273
61.0274
61.028
61.0281
61.0283
61.0288
61.0289
61.0291
61.0292
61.0293
61.0296
61.0298
61.0301
61.0302
61.0302
61.0306
61.031
61.031
61.0311
61.0312
61.0313
61.0315
61.0315
61.0318
61.0319
61.0322
61.0326
61.0327
61.033
61.0338
61.0341
61.0342
61.0343
61.0346
61.0346
61.0347
61.0347
61.0349
61.0352
61.0354
61.0361
61.0363
61.0364
61.0365
61.0366
61.0368
61.0371
61.0375
61.0382
61.0382
61.0383
61.0383
61.0384
61.0385
61.0385
61.0387
61.039
61.039
61.0393
61.0395
61.0401
61.0401
61.0403
61.0408
61.041
61.041
61.0412
61.042
61.0423
61.0424
61.0425
61.0425
61.0425
61.0426
61.0427
61.0429
61.0431
61.0431
61.0436
61.0436
61.0437
61.0439
61.0443
61.0444
61.0453
61.0454
61.0455
61.0457
61.0457
61.046
61.0461
61.0461
61.0464
61.0464
61.0465
61.0465
61.0467
61.0468
61.0469
61.0469
61.047
61.047
61.047
61.0474
61.0474
61.0475
61.0477
61.0478
61.0482
61.0486
61.0489
61.0492
61.0492
61.0493
61.0496
61.0499
61.0503
61.0504
61.0506
61.0506
61.0507
61.0507
61.0507
61.051
61.0511
61.0511
61.0515
61.0515
61.0518
61.0519
61.0521
61.0524
61.0525
61.0528
61.0529
61.0539
61.0542
61.0542
61.0543
61.0544
61.0545
61.0546
61.0546
61.0548
61.0549
61.0551
61.0552
61.0553
61.0555
61.0557
61.0557
61.0558
61.0558
61.056
61.0562
61.0563
61.0565
61.0565
61.0567
61.057
61.057
61.057
61.0582
61.0583
61.0583
61.0585
61.0587
61.0589
61.0594
61.0595
61.0596
61.0598
61.06
61.0603
61.0606
61.0606
61.0606
61.061
61.0618
61.0621
61.0621
61.0623
61.0623
61.0624
61.0625
61.0626
61.0627
61.0628
61.0628
61.0629
61.063
61.0632
61.0634
61.0634
61.0639
61.0641
61.0644
61.0645
61.0645
61.0645
61.0648
61.0653
61.0655
61.0657
61.0657
61.0658
61.066
61.0664
61.0666
61.0667
61.0673
61.0677
61.0678
61.0679
61.068
61.0688
61.0688
61.0688
61.069
61.0691
61.0691
61.0692
61.0694
61.0695
61.0698
61.0698
61.0702
61.0702
61.0703
61.0703
61.0704
61.0705
61.0705
61.0705
61.0708
61.071
61.0712
61.0717
61.0717
61.0719
61.072
61.072
61.072
61.0723
61.0724
61.0724
61.0727
61.073
61.0737
61.0738
61.0739
61.074
61.0742
61.0743
61.0744
61.0747
61.0748
61.0749
61.0751
61.0752
61.0753
61.0754
61.0755
61.0756
61.0757
61.0762
61.0762
61.0764
61.0768
61.0768
61.0768
61.077
61.0773
61.0778
61.0779
61.0787
61.0793
61.0793
61.0794
61.0797
61.0799
61.0804
61.0805
61.0806
61.0807
61.0807
61.0808
61.0818
61.082
61.0828
61.0829
61.0831
61.0832
61.0835
61.0836
61.0837
61.0839
61.084
61.0846
61.0847
61.0851
61.0852
61.0856
61.0857
61.0858
61.0862
61.0863
61.0864
61.0864
61.0867
61.0868
61.0872
61.0873
61.0873
61.0875
61.0876
61.0878
61.0879
61.0879
61.0889
61.0895
61.0895
61.0896
61.0897
61.0897
61.09
61.09
61.09
61.0904
61.0905
61.091
61.091
61.0911
61.0913
61.0915
61.0919
61.092
61.0925
61.0926
61.093
61.0931
61.0932
61.0932
61.0933
61.0933
61.0939
61.0944
61.0945
61.0951
61.0952
61.0957
61.0961
61.0962
61.0968
61.097
61.0971
61.0972
61.0973
61.0973
61.0973
61.0975
61.098
61.0981
61.0985
61.0985
61.0986
61.0993
61.0996
61.0999
61.1
61.1
61.1003
61.1007
61.1007
61.101
61.1013
61.1016
61.1017
61.1018
61.1021
61.1022
61.1022
61.1027
61.1031
61.1034
61.1035
61.1039
61.104
61.1043
61.1044
61.1047
61.1048
61.1052
61.1057
61.1058
61.106
61.1061
61.1069
61.1069
61.107
61.107
61.1074
61.1074
61.1075
61.1083
61.1087
61.1097
61.1098
61.1101
61.1102
61.1103
61.1104
61.1109
61.1113
61.1114
61.1129
61.1133
61.1141
61.1141
61.1141
61.1142
61.1146
61.1147
61.1148
61.115
61.1152
61.1153
61.1155
61.1159
61.1162
61.1166
61.1167
61.1169
61.117
61.1171
61.1172
61.1176
61.1177
61.1178
61.1183
61.1184
61.1187
61.1191
61.1193
61.1193
61.1197
61.1197
61.1201
61.1208
61.1213
61.1214
61.1215
61.1219
61.1219
61.1222
61.1224
61.1228
61.1229
61.1231
61.1232
61.1242
61.1243
61.1243
61.1253
61.1264
61.1264
61.1266
61.1266
61.127
61.1271
61.1275
61.1277
61.1277
61.1284
61.1285
61.1285
61.1285
61.1288
61.1288
61.1289
61.129
61.1299
61.1299
61.13
61.1302
61.1306
61.1307
61.1307
61.1308
61.1315
61.1318
61.1318
61.1318
61.132
61.1321
61.1322
61.1325
61.1328
61.133
61.133
61.1332
61.1333
61.1337
61.1339
61.1344
61.1351
61.1354
61.1354
61.1359
61.136
61.1362
61.1362
61.1363
61.1368
61.137
61.1372
61.1377
61.1381
61.1382
61.1382
61.1385
61.139
61.139
61.1394
61.1394
61.1395
61.1395
61.1396
61.1396
61.1402
61.1405
61.1406
61.141
61.1412
61.1416
61.1419
61.1423
61.1424
61.1427
61.143
61.1432
61.1433
61.1435
61.1435
61.1438
61.1441
61.1449
61.1452
61.1452
61.1454
61.1454
61.1456
61.1462
61.1464
61.1473
61.1475
61.1481
61.1482
61.1483
61.1484
61.1485
61.1488
61.1488
61.1488
61.1489
61.1494
61.1496
61.1497
61.1501
61.1501
61.1501
61.1503
61.1504
61.1505
61.1509
61.1509
61.1511
61.1511
61.1512
61.1517
61.1523
61.1525
61.1526
61.1526
61.1529
61.1532
61.1548
61.1548
61.155
61.1551
61.1552
61.1556
61.1557
61.1557
61.1567
61.1571
61.1573
61.1579
61.158
61.158
61.158
61.1582
61.1584
61.1585
61.1585
61.159
61.1593
61.1594
61.1594
61.1597
61.1599
61.16
61.1608
61.1608
61.1609
61.161
61.1611
61.1611
61.1618
61.1618
61.162
61.1622
61.1622
61.1625
61.1625
61.1636
61.1636
61.1637
61.1637
61.1637
61.1638
61.1639
61.1641
61.1643
61.1646
61.1648
61.1648
61.1652
61.1654
61.1655
61.1657
61.1658
61.1658
61.1659
61.1659
61.1661
61.1661
61.1664
61.1666
61.1669
61.167
61.167
61.1671
61.1672
61.1673
61.1674
61.1676
61.1678
61.1679
61.1679
61.1681
61.1683
61.1684
61.1686
61.1687
61.1688
61.1688
61.1689
61.1693
61.1694
61.1699
61.1701
61.1704
61.1705
61.1706
61.1711
61.1712
61.1713
61.1715
61.1715
61.1718
61.1724
61.1725
61.173
61.1731
61.1731
61.1732
61.1734
61.1735
61.1735
61.1741
61.1742
61.1746
61.1748
61.1752
61.1753
61.1753
61.1754
61.1755
61.1759
61.1761
61.1763
61.1764
61.1765
61.1769
61.1771
61.1772
61.1776
61.1778
61.1779
61.1781
61.1781
61.1782
61.1783
61.1785
61.1785
61.1787
61.1788
61.1791
61.1791
61.1792
61.1796
61.1797
61.1797
61.18
61.1801
61.1808
61.1809
61.181
61.1811
61.1813
61.1814
61.1818
61.182
61.1821
61.1821
61.1825
61.183
61.1831
61.1841
61.1842
61.1843
61.1846
61.1846
61.1856
61.1859
61.1859
61.186
61.1864
61.1865
61.1866
61.1867
61.1867
61.1868
61.1871
61.1872
61.1875
61.1877
61.188
61.1883
61.1886
61.1889
61.1891
61.1891
61.1892
61.1892
61.1894
61.1896
61.1897
61.1898
61.1899
61.1899
61.1901
61.1903
61.1905
61.1906
61.1908
61.1909
61.191
61.1911
61.1912
61.1915
61.1917
61.1918
61.1918
61.192
61.1921
61.1923
61.1926
61.193
61.1931
61.1933
61.1938
61.1939
61.194
61.194
61.1943
61.1944
61.1946
61.1952
61.1952
61.1953
61.1954
61.1956
61.1957
61.1957
61.1959
61.1962
61.1962
61.1963
61.197
61.197
61.1974
61.1974
61.1976
61.1976
61.1977
61.1978
61.1978
61.1978
61.1978
61.1978
61.198
61.1982
61.1982
61.1983
61.1987
61.1989
61.1991
61.1993
61.1994
61.1996
61.2001
61.2002
61.2005
61.2005
61.2006
61.2015
61.2018
61.202
61.2021
61.2024
61.2025
61.2027
61.2028
61.2028
61.203
61.2032
61.2033
61.2033
61.2036
61.2046
61.2046
61.2047
61.2065
61.2065
61.2066
61.2066
61.2069
61.207
61.2071
61.2073
61.2074
61.2076
61.2077
61.2079
61.2079
61.208
61.2087
61.2088
61.2089
61.2096
61.2097
61.2098
61.2101
61.2103
61.2103
61.2107
61.2107
61.2108
61.211
61.2113
61.2113
61.2116
61.2116
61.2118
61.2122
61.213
61.2131
61.2132
61.2133
61.2136
61.2143
61.2144
61.2146
61.2147
61.2153
61.2154
61.2155
61.2155
61.2157
61.2157
61.2159
61.216
61.2161
61.2166
61.2166
61.2168
61.217
61.2174
61.2175
61.2176
61.2176
61.2177
61.218
61.218
61.2184
61.2185
61.2186
61.2189
61.219
61.2193
61.2194
61.2194
61.2194
61.2198
61.2198
61.2199
61.2203
61.2203
61.2206
61.2207
61.221
61.2211
61.2212
61.2212
61.2212
61.2213
61.2218
61.222
61.2222
61.2223
61.2225
61.2226
61.2226
61.2227
61.2228
61.223
61.223
61.2231
61.2234
61.2237
61.2237
61.2238
61.2239
61.2239
61.2239
61.2241
61.2243
61.2243
61.2244
61.2244
61.2244
61.2247
61.2248
61.2249
61.225
61.2251
61.2251
61.2252
61.2255
61.2257
61.226
61.226
61.2263
61.2266
61.2266
61.2266
61.2268
61.227
61.2272
61.2276
61.2277
61.2278
61.2279
61.2279
61.2281
61.2282
61.2285
61.2289
61.2291
61.2293
61.2293
61.2294
61.2295
61.2296
61.2298
61.2301
61.2303
61.2308
61.2309
61.2312
61.2314
61.2316
61.2321
61.2323
61.2323
61.2323
61.2325
61.2326
61.2327
61.2328
61.2329
61.2329
61.2332
61.2334
61.2338
61.2341
61.2342
61.2343
61.2344
61.2347
61.2349
61.2352
61.2353
61.2353
61.2353
61.2354
61.2354
61.236
61.2363
61.2363
61.2364
61.2368
61.2371
61.2375
61.2378
61.2379
61.2381
61.2381
61.2383
61.2387
61.2392
61.2392
61.2394
61.2396
61.2397
61.2399
61.2405
61.2406
61.2406
61.2406
61.2409
61.241
61.2422
61.2422
61.2426
61.2426
61.2429
61.2429
61.2431
61.2431
61.2433
61.2437
61.2437
61.2439
61.2444
61.2445
61.2456
61.2456
61.2458
61.246
61.246
61.2463
61.2464
61.2476
61.2476
61.2479
61.2481
61.2481
61.2486
61.249
61.2491
61.2491
61.2492
61.2494
61.2496
61.2497
61.2497
61.2503
61.2505
61.2506
61.2509
61.2509
61.251
61.2513
61.2516
61.2517
61.2521
61.2521
61.2522
61.2524
61.2524
61.2526
61.2526
61.2527
61.2527
61.2529
61.2539
61.2539
61.2541
61.2542
61.2544
61.2546
61.2546
61.2552
61.2553
61.2555
61.2557
61.2558
61.2562
61.2566
61.2566
61.2567
61.2568
61.2568
61.2568
61.257
61.2571
61.2571
61.2575
61.2578
61.2593
61.2594
61.2596
61.26
61.2602
61.2603
61.2604
61.2604
61.2606
61.2606
61.261
61.2611
61.2612
61.2614
61.2614
61.2617
61.2619
61.2619
61.262
61.2622
61.2623
61.2625
61.2627
61.2636
61.2642
61.2643
61.2646
61.2647
61.2648
61.2653
61.2658
61.2661
61.2662
61.2665
61.2666
61.2674
61.2675
61.2679
61.2679
61.2679
61.2683
61.2686
61.2691
61.2692
61.2697
61.2697
61.2698
61.2699
61.2701
61.2703
61.2708
61.2709
61.2712
61.2715
61.2717
61.2718
61.272
61.2721
61.2728
61.2731
61.2736
61.2736
61.2737
61.2739
61.274
61.2743
61.2743
61.2744
61.2746
61.2747
61.2748
61.2749
61.275
61.2752
61.2753
61.2754
61.2757
61.2762
61.2767
61.2775
61.2776
61.2777
61.2778
61.2779
61.2779
61.2781
61.2782
61.2783
61.2787
61.2788
61.2789
61.279
61.2793
61.2793
61.2795
61.2798
61.28
61.2807
61.2807
61.2807
61.2808
61.2815
61.2817
61.2817
61.2818
61.2821
61.2823
61.2824
61.2824
61.2824
61.2829
61.283
61.283
61.2831
61.2832
61.2834
61.2839
61.2839
61.2839
61.2839
61.284
61.284
61.2841
61.2844
61.2844
61.2846
61.2853
61.2853
61.2858
61.2863
61.2869
61.2871
61.2873
61.2876
61.2878
61.2882
61.2883
61.2883
61.2884
61.2888
61.2891
61.2895
61.2899
61.2901
61.2901
61.2906
61.2907
61.2907
61.2914
61.2915
61.2917
61.2918
61.292
61.2921
61.2924
61.2926
61.2933
61.2934
61.2942
61.2943
61.2946
61.295
61.2952
61.2954
61.2961
61.297
61.2974
61.2981
61.2981
61.2981
61.2985
61.2988
61.2993
61.2995
61.2996
61.2998
61.2999
61.3002
61.3004
61.3009
61.3013
61.3019
61.302
61.302
61.3023
61.3028
61.3028
61.3029
61.303
61.303
61.3032
61.3033
61.3034
61.3035
61.3036
61.3038
61.304
61.3043
61.3046
61.3049
61.305
61.3053
61.3054
61.3055
61.3057
61.3058
61.3059
61.3062
61.3065
61.3065
61.3067
61.3069
61.307
61.3072
61.3074
61.3076
61.3077
61.3087
61.3089
61.3093
61.3094
61.3094
61.3096
61.3098
61.3099
61.3099
61.3103
61.3104
61.3105
61.3107
61.3109
61.3113
61.3118
61.3122
61.3122
61.3123
61.3126
61.3126
61.3126
61.3134
61.3139
61.3141
61.3143
61.3143
61.3145
61.3149
61.3153
61.3153
61.3154
61.3156
61.3157
61.316
61.3161
61.3166
61.3166
61.3167
61.3172
61.3177
61.3183
61.3183
61.3185
61.3185
61.3187
61.3188
61.3188
61.3193
61.3194
61.3194
61.3195
61.3196
61.3196
61.3197
61.3201
61.3202
61.3202
61.3206
61.3209
61.3209
61.321
61.3214
61.3216
61.3217
61.3217
61.3217
61.3222
61.3222
61.3226
61.3227
61.3228
61.3231
61.3232
61.3233
61.3234
61.3236
61.3236
61.3237
61.3237
61.3248
61.3248
61.3249
61.3249
61.325
61.3251
61.3254
61.326
61.3263
61.3267
61.3268
61.3268
61.3268
61.3273
61.3274
61.3282
61.3283
61.3285
61.3285
61.3287
61.3287
61.3305
61.3305
61.331
61.3313
61.3313
61.3315
61.3315
61.3316
61.3316
61.3316
61.3323
61.3324
61.3327
61.3327
61.3337
61.3339
61.3353
61.3356
61.3362
61.3362
61.3363
61.3366
61.3376
61.3384
61.3389
61.339
61.3391
61.3393
61.3394
61.3395
61.3399
61.3407
61.3408
61.3412
61.3412
61.3415
61.342
61.342
61.3421
61.3423
61.3425
61.343
61.3433
61.3437
61.3441
61.3447
61.3452
61.3454
61.3455
61.3457
61.3458
61.3458
61.3461
61.3463
61.3465
61.3465
61.3466
61.3466
61.3466
61.3477
61.3479
61.3481
61.3483
61.3484
61.3486
61.3488
61.3489
61.3494
61.3498
61.3501
61.3502
61.3508
61.3513
61.3515
61.3518
61.3518
61.3518
61.3521
61.3523
61.3523
61.3526
61.3526
61.3528
61.3532
61.3534
61.3539
61.3541
61.3544
61.3544
61.3547
61.3551
61.3552
61.3552
61.3557
61.3561
61.3565
61.3566
61.3567
61.3575
61.3586
61.3592
61.3592
61.3597
61.3597
61.3599
61.3602
61.3602
61.3602
61.3605
61.3607
61.3608
61.361
61.3611
61.3611
61.3616
61.3616
61.3617
61.3618
61.3622
61.3622
61.3625
61.3626
61.3629
61.3633
61.3636
61.3636
61.3639
61.3641
61.3641
61.3644
61.3649
61.3651
61.3654
61.366
61.3667
61.3671
61.3675
61.3676
61.3677
61.3677
61.3678
61.368
61.3685
61.3689
61.369
61.3691
61.3691
61.3694
61.3694
61.3699
61.3699
61.3706
61.3707
61.371
61.3711
61.3713
61.3716
61.3719
61.3719
61.3723
61.3724
61.3724
61.3733
61.3733
61.3736
61.3737
61.3745
61.3748
61.375
61.3752
61.3752
61.3753
61.3754
61.3759
61.3759
61.3762
61.3764
61.3768
61.3773
61.3775
61.3777
61.3779
61.3781
61.3781
61.3786
61.3787
61.3794
61.3799
61.38
61.3804
61.3806
61.381
61.3811
61.3811
61.3812
61.3812
61.3817
61.3818
61.3822
61.3823
61.3824
61.3828
61.3836
61.3837
61.3841
61.3844
61.3846
61.3846
61.3849
61.3852
61.3853
61.3859
61.3862
61.3863
61.3863
61.3865
61.387
61.3873
61.3877
61.3882
61.3885
61.3885
61.3887
61.3888
61.389
61.3892
61.3895
61.3897
61.3901
61.3903
61.3903
61.3906
61.3906
61.3907
61.3907
61.3908
61.3908
61.3908
61.3912
61.3917
61.3918
61.3922
61.3926
61.3926
61.3934
61.3934
61.3934
61.3936
61.3946
61.3949
61.395
61.395
61.3954
61.3957
61.3962
61.3965
61.3966
61.3968
61.3975
61.3976
61.3979
61.3981
61.3981
61.3983
61.3983
61.3993
61.3994
61.3994
61.3996
61.3997
61.3997
61.3997
61.3999
61.4
61.4002
61.4007
61.4009
61.401
61.4012
61.4013
61.4015
61.4015
61.4018
61.4021
61.4025
61.4025
61.4026
61.4027
61.4029
61.4031
61.4033
61.4034
61.4035
61.4039
61.4046
61.405
61.4056
61.4062
61.4066
61.4066
61.4067
61.4069
61.4072
61.4075
61.4078
61.4082
61.4083
61.4084
61.4085
61.4085
61.4087
61.4095
61.4097
61.4098
61.4099
61.4101
61.4109
61.411
61.4113
61.4124
61.4126
61.4126
61.4127
61.4127
61.4128
61.4129
61.4136
61.4144
61.4146
61.4149
61.4154
61.4156
61.4157
61.4163
61.4165
61.4165
61.4166
61.4171
61.4175
61.418
61.4186
61.4188
61.4197
61.4199
61.4203
61.4203
61.4204
61.4204
61.4206
61.4207
61.4207
61.4208
61.4211
61.4211
61.4212
61.4218
61.422
61.4223
61.4226
61.4227
61.423
61.4234
61.4236
61.4236
61.4237
61.4254
61.4256
61.426
61.4261
61.4262
61.4265
61.4265
61.427
61.4271
61.4279
61.4279
61.4281
61.4284
61.4288
61.4289
61.4296
61.4297
61.4298
61.4298
61.4298
61.4299
61.4301
61.4303
61.4304
61.4305
61.431
61.431
61.4311
61.4312
61.4315
61.4322
61.4326
61.4326
61.4327
61.4329
61.4333
61.4334
61.4335
61.4337
61.4342
61.4342
61.4343
61.4344
61.4346
61.4347
61.4348
61.435
61.4352
61.436
61.4362
61.4367
61.437
61.4372
61.4373
61.4376
61.4378
61.438
61.4381
61.4382
61.4384
61.4384
61.4387
61.4388
61.439
61.4392
61.4394
61.4397
61.44
61.4401
61.4403
61.4408
61.441
61.442
61.4421
61.4423
61.4424
61.4424
61.4428
61.4431
61.4433
61.4433
61.4434
61.4434
61.4435
61.4446
61.4447
61.4448
61.445
61.4456
61.4457
61.446
61.4466
61.4467
61.4472
61.4472
61.4473
61.4473
61.4473
61.4474
61.4475
61.4475
61.4484
61.4485
61.4487
61.4491
61.4493
61.4501
61.4501
61.4502
61.4502
61.4506
61.4509
61.4512
61.4513
61.4517
61.4517
61.452
61.452
61.4521
61.4521
61.4523
61.4525
61.453
61.4533
61.4535
61.4535
61.4536
61.4538
61.4538
61.4544
61.4544
61.4549
61.4555
61.4556
61.4558
61.4562
61.457
61.4571
61.4571
61.4572
61.4573
61.4574
61.4575
61.4579
61.4583
61.4584
61.4585
61.4589
61.4595
61.4598
61.4598
61.4604
61.4605
61.4607
61.4612
61.4613
61.4615
61.4618
61.462
61.462
61.4622
61.4624
61.4626
61.4626
61.4629
61.4636
61.4641
61.4643
61.4646
61.4646
61.4647
61.465
61.465
61.4658
61.4659
61.4664
61.4667
61.4669
61.4669
61.4671
61.4674
61.4674
61.4674
61.4679
61.4679
61.4686
61.4688
61.4688
61.4689
61.4693
61.4698
61.4706
61.4707
61.4707
61.4708
61.471
61.4711
61.4714
61.4719
61.4721
61.4728
61.4733
61.4733
61.4734
61.4735
61.4739
61.4746
61.4748
61.475
61.4753
61.4753
61.4754
61.4754
61.4755
61.4758
61.4759
61.476
61.4761
61.4765
61.4771
61.4771
61.4773
61.4774
61.4777
61.4782
61.4784
61.4789
61.479
61.4793
61.4793
61.4794
61.4796
61.4797
61.4806
61.4812
61.4812
61.4813
61.4818
61.4821
61.4824
61.4825
61.4828
61.4828
61.483
61.4831
61.4833
61.4837
61.4837
61.484
61.4842
61.4848
61.4848
61.4849
61.4859
61.4859
61.4863
61.4866
61.4868
61.4874
61.4876
61.4879
61.488
61.4881
61.4881
61.4883
61.4884
61.4885
61.4887
61.4888
61.4892
61.4895
61.4897
61.4898
61.491
61.4914
61.4924
61.4926
61.4926
61.4927
61.4927
61.493
61.4932
61.4938
61.4939
61.4943
61.4945
61.4952
61.4959
61.4961
61.4964
61.4965
61.4965
61.4972
61.498
61.498
61.4982
61.4988
61.5001
61.5002
61.5004
61.5004
61.5005
61.501
61.5012
61.5015
61.5026
61.5029
61.5033
61.5033
61.5033
61.5035
61.5037
61.5042
61.5047
61.5058
61.506
61.5063
61.5065
61.5069
61.5072
61.5073
61.5081
61.5088
61.5093
61.5095
61.5097
61.5098
61.5104
61.5115
61.5121
61.5124
61.5137
61.514
61.5145
61.5147
61.5158
61.5158
61.5159
61.5162
61.5163
61.5166
61.5169
61.5172
61.5174
61.5178
61.5179
61.5181
61.5188
61.5193
61.5195
61.5198
61.5204
61.5205
61.5209
61.5216
61.5218
61.5221
61.5225
61.523
61.5234
61.5234
61.5234
61.5245
61.5246
61.525
61.5258
61.5259
61.526
61.5264
61.5265
61.5265
61.5277
61.5281
61.5283
61.529
61.5291
61.5292
61.5293
61.5297
61.5298
61.5299
61.53
61.5301
61.5305
61.5306
61.5309
61.5316
61.5322
61.5322
61.5326
61.5328
61.5335
61.5336
61.5345
61.535
61.5355
61.5364
61.5364
61.5368
61.5368
61.5373
61.5373
61.5375
61.5375
61.538
61.5381
61.5381
61.5383
61.5385
61.5397
61.5403
61.5404
61.5408
61.541
61.5417
61.5421
61.5427
61.5433
61.544
61.544
61.544
61.5444
61.5447
61.5448
61.545
61.5453
61.5454
61.5455
61.5457
61.5462
61.5462
61.5465
61.5471
61.5472
61.5475
61.5478
61.5482
61.5482
61.5482
61.5487
61.5488
61.549
61.5492
61.5495
61.55
61.5502
