59.4729
59.497
59.4973
59.4978
59.5012
59.5099
59.5372
59.5401
59.5548
59.5759
59.577
59.5977
59.6131
59.6203
59.625
59.6563
59.6907
59.6932
59.6999
59.7399
59.7517
59.7627
59.7788
59.7983
59.803
59.8221
59.8354
59.8458
59.8469
59.849
59.8532
59.8848
59.8896
59.8967
71.8783
59.9099
59.9119
59.9161
59.9188
59.9302
59.9548
59.9689
59.9866
59.9876
59.992
59.992
59.996
60.0324
60.0516
60.0568
60.0599
60.0674
60.0887
60.0903
60.097
60.1013
60.1231
60.1311
60.1332
60.1385
60.1515
60.1582
60.164
60.1805
60.1804
60.1975
60.2077
60.2095
60.24
60.2442
60.2548
60.2673
60.2682
60.2724
60.2831
60.2857
60.2894
60.2922
60.2984
60.3014
60.3017
60.3022
60.3114
60.3116
60.3191
60.3286
60.3454
60.3489
60.3562
60.3606
60.3645
60.3735
60.3811
60.3856
60.3875
60.4285
60.4373
60.4589
60.4659
60.4727
60.4742
60.4758
60.4761
60.48
60.4898
60.4973
60.4998
60.5058
60.5134
60.521
60.5282
60.5291
60.53
60.5332
60.5332
60.5351
60.5435
60.5532
60.5546
60.5598
60.5627
60.5646
60.5658
60.6008
60.6137
60.6206
60.6304
60.637
60.6565
60.659
60.662
72.8038
60.6704
60.6825
60.701
60.7014
60.7064
60.7251
60.7306
60.7367
60.7372
60.7403
60.7534
60.7608
60.765
60.7686
60.7714
60.7776
60.7821
60.7861
60.7983
60.8116
60.8452
60.8792
60.8792
60.8815
73.0718
60.899
60.9008
60.9061
60.9164
60.921
60.9274
60.9277
60.9338
60.9382
60.9382
60.9416
60.942
60.9512
60.9553
60.9653
60.966
60.9748
60.9852
60.9888
61.0198
61.034
61.0361
61.0696
61.078
61.0811
61.0821
61.1125
61.114
61.1481
73.391
73.4043
61.2421
61.2436
61.2453
61.2512
61.2606
61.2646
61.2808
61.3021
61.3284
61.3893
73.6752
61.4395
61.4737
61.4753
61.4829
61.4878
61.5021
61.5166
61.5218
61.5251
61.5748
61.5811
69.8624
69.8913
69.8917
69.8922
69.8963
69.9067
69.9396
69.943
69.9606
69.9859
69.9873
70.0121
70.0307
70.0393
70.0449
70.0825
70.1237
70.1268
70.1348
70.1828
70.1969
70.2102
70.2294
58.5302
70.2528
70.2585
58.5543
58.5547
58.5551
58.5585
58.5672
70.2814
70.2974
70.3098
46.8737
70.3112
58.5946
70.3137
58.5975
70.3187
58.6121
58.6159
46.893
46.8933
46.8936
46.8964
46.9033
70.3567
58.6332
58.6344
70.3625
58.64
58.6403
58.6407
70.3709
58.6441
82.1021
58.6528
58.655
70.3867
46.9252
70.3891
46.9275
58.6618
70.3942
70.3975
58.6705
46.9393
70.4112
58.6777
58.6802
58.6824
58.6831
58.6859
58.6862
58.6866
58.6901
70.4327
46.9561
46.957
58.6978
58.6987
70.4407
58.7137
70.4576
46.9736
70.4616
70.462
58.7188
70.4625
58.72
70.4666
58.7261
58.729
70.477
70.4788
46.986
70.4801
70.4853
70.4852
46.9917
58.7407
70.4901
58.7437
58.7443
46.9955
58.748
58.7506
58.7561
58.7573
70.5099
70.5133
58.7633
58.7647
58.7659
58.768
58.7684
58.7687
58.7692
58.7726
47.0205
70.5309
70.5338
58.7813
58.7866
58.79
70.5562
58.7973
70.5569
70.5576
58.7993
58.802
70.563
70.5667
58.8086
58.8091
58.8092
47.048
58.8115
47.05
70.5758
58.8139
58.8141
58.8144
58.8148
58.8183
70.5824
47.0554
58.8201
58.8262
58.827
58.8337
70.601
70.6013
58.8361
70.6033
58.8362
70.6096
70.6114
58.8429
58.8452
70.6152
70.6164
58.8473
58.8484
58.8543
58.8556
58.8572
47.0874
58.8604
58.8645
70.6426
58.8691
47.0968
58.8719
70.6522
70.6528
70.6547
58.8794
58.8796
47.1056
58.8821
58.8829
70.661
58.8846
58.8886
58.8888
58.8889
58.8893
58.8918
58.8927
58.8928
58.893
58.8941
58.8947
58.8964
70.6767
47.1185
58.9014
58.9031
70.6847
58.9043
58.9057
58.9063
70.6917
58.9105
70.694
70.6971
58.9148
47.1341
70.7051
58.9218
47.1379
70.7114
70.7115
58.9277
58.9288
58.9288
58.9302
58.9317
58.9374
58.9406
58.9412
47.1531
58.9421
58.9422
70.7319
58.946
58.9464
58.947
58.9516
70.7441
58.954
47.1638
70.7463
70.7471
70.7531
58.9621
58.9646
58.9651
47.1721
47.173
58.9672
58.9674
58.9677
47.1746
58.9686
58.9692
58.9713
47.178
70.7673
58.9734
58.9735
58.9762
58.9784
70.7805
70.7828
58.9872
58.9876
58.9888
58.9893
58.9899
70.788
58.9919
58.992
58.9961
70.7997
70.8007
47.2033
59.0047
59.0078
47.2071
59.0103
59.011
59.0113
59.0119
59.0122
70.8156
70.8167
47.2128
59.0166
59.017
59.0179
70.8217
70.8231
59.0231
70.8288
59.0243
59.0263
59.0278
70.8346
47.2233
47.2249
70.8378
59.0326
59.0341
59.0347
70.8422
47.2283
59.0358
70.8455
59.0379
47.2305
59.0397
70.8499
59.042
70.8517
59.044
70.853
59.045
70.8565
70.8569
59.0479
70.8575
59.0493
59.0493
47.2396
59.0502
59.0528
59.0534
59.0548
70.8677
59.057
70.8686
70.8688
59.0591
59.0618
70.8778
70.8801
70.8815
59.0688
59.0697
70.884
59.0732
59.0737
47.2593
70.889
70.8892
59.0744
59.0785
59.0798
59.0823
59.0848
59.0856
70.905
47.2706
59.0898
70.9093
59.0915
59.0935
70.9136
59.0959
59.0978
59.0987
59.1007
70.9223
59.105
70.927
47.2847
70.9276
59.1068
47.2856
59.1077
59.109
70.9323
70.9328
47.289
47.289
59.1119
59.1141
47.2923
59.1154
59.1172
59.1172
70.9412
59.1183
59.1191
70.9432
82.7674
59.1201
59.1204
59.1246
59.1248
70.9522
59.1296
59.1306
70.957
70.9576
59.1315
70.9594
70.9598
59.1349
59.135
70.9645
59.139
59.1392
70.9678
59.1433
59.1437
59.1461
59.1477
70.9792
70.9815
47.3214
59.1525
59.1543
59.1544
59.1563
59.1578
59.1586
59.161
59.1629
59.164
59.1661
70.9996
59.1681
71.004
59.1703
59.1704
47.3368
71.0081
71.0085
71.0091
71.009
59.1754
59.1755
71.011
47.3409
59.1765
71.0131
47.3433
59.1805
59.1808
59.1809
59.1813
71.0196
59.1833
59.1849
71.0236
47.3494
59.1875
59.1884
59.1898
71.0279
59.1903
71.0286
59.1905
71.0289
71.0295
59.1946
59.1946
71.0336
59.1958
59.1998
59.2016
59.2019
59.2028
71.044
71.0456
59.2067
71.0491
47.3664
71.0504
71.0507
59.2089
47.3677
59.2104
71.0539
71.0556
71.0555
59.2137
71.0564
59.2138
59.2155
71.0588
47.3731
71.0599
71.0604
71.0621
71.064
47.3764
59.2213
59.2214
71.0659
71.0661
71.0709
59.2262
59.227
59.227
59.229
71.0768
71.0775
59.2317
71.0797
59.2332
59.2333
71.08
71.0803
71.0806
71.0826
59.2359
71.0847
59.2374
59.2378
59.2379
59.2385
59.24
59.2403
59.2405
59.2406
47.3939
71.0917
59.2442
59.2447
71.0946
59.2457
71.0951
59.2473
71.0979
59.2487
47.4003
71.1019
71.1027
47.402
71.1041
71.1041
71.1056
59.2549
59.2563
47.4062
59.258
59.2591
71.111
59.2634
59.2634
59.265
59.2661
71.12
59.2668
59.2674
71.1232
71.1246
47.4166
59.2719
71.1272
71.1274
71.1279
71.1287
59.2741
71.1289
71.1298
71.1309
59.2761
71.1314
59.2764
47.422
59.2776
71.1333
71.1346
71.1347
71.1348
71.1349
59.2792
71.1355
71.137
71.137
59.2812
59.2814
71.1396
47.4267
59.2859
59.286
59.2883
71.1461
71.1471
71.1475
59.2901
71.1482
71.149
71.1494
71.15
59.2945
71.1561
71.1563
71.1567
59.2973
71.1572
71.1588
47.4396
47.4398
47.4399
71.1604
71.1613
59.3012
59.3014
71.1618
59.3016
59.3034
59.3037
59.3039
59.3047
71.1667
71.1679
59.307
59.3077
71.1702
59.3091
59.3091
71.1717
71.1718
71.1724
59.3104
71.1736
71.1739
71.1743
59.312
59.3122
71.1757
59.3131
71.1766
47.4535
71.1817
71.1822
71.1828
59.32
59.3218
71.1863
59.322
71.1867
59.3231
59.3234
59.3235
47.4589
47.4592
47.4595
59.3246
59.3256
47.4616
59.3273
47.4623
59.3282
47.463
59.3297
59.3313
59.3315
71.1993
71.2005
47.4692
71.2039
71.2046
59.3388
71.2081
59.3404
59.3405
59.3405
59.3431
71.2129
59.3464
71.2158
59.3468
59.3471
71.219
59.3495
59.3495
71.2198
59.3507
71.2225
59.3525
59.3529
71.225
71.2257
59.3556
59.3558
59.3559
59.3564
71.2277
71.2292
59.3587
71.2306
59.359
47.4874
71.2313
71.2313
59.3595
59.3598
59.3601
59.3605
71.2333
59.3617
47.4908
47.4911
71.2396
47.4934
71.2406
59.3685
59.3685
59.3687
59.3688
59.3689
59.3693
59.3694
71.2436
71.247
59.3727
59.3739
47.4993
71.251
71.2513
59.3764
71.2516
71.2523
59.377
59.3782
59.3792
71.255
71.2554
47.5051
71.2592
59.3829
59.3835
59.3836
71.261
59.3845
71.262
59.3859
59.3864
47.5093
71.264
59.3872
47.51
59.3876
47.5133
71.2709
71.2721
59.3945
71.2739
59.3958
59.3966
71.2772
59.3978
59.3984
59.3987
71.2817
71.2818
71.2826
71.2827
47.5219
59.4025
47.522
59.4027
47.5229
59.4046
71.2857
47.524
59.4058
59.4063
71.2882
59.4074
71.2893
47.527
59.4099
59.4103
59.4112
47.5292
71.2957
59.4134
59.4135
59.4141
59.4153
83.1818
71.2993
71.2996
47.5342
59.4179
59.4184
71.3022
59.4199
71.3043
47.5365
47.5368
47.5372
59.4219
59.4229
59.424
47.5395
71.31
59.4261
71.3121
71.3138
71.3139
