79.2972
79.3293
79.3297
79.3303
79.3349
79.3465
79.3829
79.3868
79.4064
79.4345
79.436
79.4636
79.4842
79.4938
79.5
79.5418
79.5876
79.591
79.5999
79.6532
79.6689
79.6836
79.705
79.731
79.7374
79.7628
79.7806
79.7944
79.7959
79.7986
79.8042
79.8465
79.8528
79.8623
91.8445
79.8798
79.8825
79.8881
79.8918
79.907
79.9398
79.9586
79.9822
79.9835
79.9893
79.9893
79.9947
80.0433
80.0688
80.0757
80.0798
80.0899
80.1183
80.1204
80.1294
80.135
80.1642
80.1748
80.1775
80.1846
80.202
80.2109
80.2187
80.2407
80.2406
80.2634
80.2769
80.2793
80.3199
80.3257
80.3398
80.3564
80.3576
80.3631
80.3775
80.381
80.3859
80.3896
80.3979
80.4018
80.4022
80.4029
80.4152
80.4155
80.4254
80.4381
80.4605
80.4652
80.4749
80.4808
80.4861
80.4981
80.5082
80.5141
80.5166
80.5713
80.5831
80.6119
80.6212
80.6303
80.6323
80.6344
80.6347
80.6401
80.653
80.6631
80.6664
80.6745
80.6846
80.6946
80.7042
80.7055
80.7067
80.711
80.7109
80.7134
80.7247
80.7377
80.7394
80.7464
80.7503
80.7527
80.7544
80.801
80.8182
80.8274
80.8405
80.8493
80.8753
80.8786
80.8827
80.8932
80.8938
80.91
80.9347
80.9352
80.9418
80.9668
80.9741
80.9822
80.9829
80.987
81.0046
81.0144
81.0201
81.0248
81.0285
81.0368
81.0428
93.2053
81.0644
81.0822
81.1269
81.1722
81.1723
81.1754
81.1909
81.1986
81.2011
81.2081
81.2218
81.2281
81.2366
81.2369
93.4318
81.2509
81.2509
81.2555
81.256
81.2683
81.2738
81.2871
81.288
81.2997
81.3136
81.3183
81.3597
81.3787
81.3815
81.4261
81.4373
81.4414
81.4428
81.4834
81.4853
81.5308
81.5455
93.7944
81.6561
81.6582
81.6605
81.6683
81.6808
81.6861
81.7077
81.7362
94.0369
81.8524
94.1405
81.9193
81.9649
81.967
81.9772
81.9838
82.0028
82.0222
82.0291
82.0335
82.0998
82.1081
69.8624
69.8913
69.8917
69.8922
69.8963
69.9067
69.9396
69.943
69.9606
69.9859
69.9873
70.0121
70.0307
70.0393
70.0449
70.0825
70.1237
70.1268
70.1348
70.1828
70.1969
70.2102
70.2294
78.0403
70.2528
70.2585
78.0725
78.0729
78.0735
78.078
78.0896
70.2814
70.2974
70.3098
78.1229
70.3112
78.1261
70.3137
78.13
70.3187
78.1495
70.339
78.1551
78.1555
78.1561
78.1606
78.1722
70.3567
78.1776
78.1791
70.3625
70.368
70.3683
70.3689
70.3709
70.373
82.1021
70.3834
78.2067
70.3867
78.2087
70.3891
78.2126
70.3941
70.3942
70.3975
78.2273
78.2321
70.4112
78.2369
70.4162
78.2432
70.4197
70.4231
70.4234
70.424
70.4281
78.2585
78.2602
78.2617
70.4373
70.4385
70.4407
78.2849
70.4576
78.2893
78.2907
78.2911
70.4626
78.2917
70.464
78.2962
70.4713
70.4748
78.3078
70.4788
78.3099
70.4801
70.4853
70.4852
78.3195
70.4888
70.4901
70.4924
70.4932
78.3258
78.3307
78.3341
70.5073
78.343
78.3443
78.3482
70.516
70.5177
70.5191
70.5216
70.5221
70.5225
70.523
70.5271
78.3675
78.3677
70.5338
70.5375
70.5439
70.548
78.3958
78.3963
70.5569
78.3973
70.5592
70.5624
70.563
70.5667
70.5704
78.4121
70.5711
78.4133
70.5738
78.4167
70.5758
70.5767
70.5769
70.5773
70.5778
70.5819
78.4249
78.4256
78.4268
70.5914
70.5923
70.6004
78.4455
70.6013
78.4482
70.6033
70.6034
78.4551
70.6114
70.6115
70.6143
78.4614
70.6164
70.6167
70.6181
70.6252
78.4742
70.6287
78.4789
78.4805
78.486
70.6426
70.6429
78.4947
70.6463
70.6522
78.5031
70.6547
78.5059
70.6555
78.5094
70.6585
70.6595
70.661
70.6615
78.5181
70.6666
78.5185
78.5191
70.6701
78.5237
78.5237
70.6715
70.6729
70.6736
70.6757
70.6767
78.5308
78.5353
78.5375
70.6847
78.539
70.6868
78.5418
70.6917
78.5474
78.5489
78.5523
70.6977
78.5568
78.5612
70.7061
78.5631
70.7114
70.7115
70.7133
78.5717
70.7145
70.7163
78.5756
70.7249
70.7287
70.7295
78.5885
70.7305
78.5896
70.7319
70.7352
78.5952
78.596
70.7419
70.7441
78.6054
78.6063
70.7463
90.3991
78.6145
70.7545
70.7576
70.7581
78.6201
78.6216
78.6229
78.6232
70.7612
78.6244
78.6248
78.6256
70.7656
78.63
78.6303
70.7681
78.6313
78.6349
70.7741
78.645
70.7828
70.7846
78.6501
70.7865
78.6524
70.7879
70.788
70.7903
70.7904
70.7954
78.6664
70.8007
78.6722
78.673
70.8093
78.6786
70.8124
70.8132
70.8136
78.6826
78.6829
70.8156
70.8167
78.688
78.6888
70.8204
90.4941
70.8217
78.6924
70.8277
78.6987
70.8292
78.7017
70.8334
70.8346
78.7055
78.7082
70.8378
70.8391
70.841
70.8416
70.8422
78.7139
70.8429
70.8455
70.8454
78.7175
70.8476
82.6582
70.8505
78.7241
78.7253
70.853
78.7266
70.8565
70.8569
78.7306
70.8575
78.7324
78.7324
78.7327
70.8602
70.8634
78.7378
70.8658
78.7419
70.8684
70.8686
70.8688
70.8709
70.8742
70.8778
78.7557
78.7572
70.8826
70.8836
78.76
70.8879
70.8885
78.7655
78.7656
70.8892
70.8893
70.8942
70.8958
78.7764
78.7797
70.9027
82.7225
78.7843
78.7864
70.9093
78.7887
70.9122
70.9136
70.9151
70.9174
70.9185
70.9209
70.9223
70.926
78.8078
78.8079
70.9276
70.9282
78.8092
70.9293
78.812
70.9323
78.8142
78.815
78.815
70.9343
78.8188
78.8204
70.9384
70.9406
78.8229
78.8236
70.942
70.9429
70.9432
90.65
70.9441
70.9445
70.9495
78.833
70.9522
70.9555
70.9567
78.8411
70.9576
78.842
78.8438
70.9598
70.9619
70.962
78.8495
70.9668
70.967
78.8531
78.8577
70.9724
78.8614
78.8636
70.9792
78.8683
78.869
70.983
78.8724
78.8725
70.9875
70.9894
78.8781
70.9933
70.9955
70.9968
70.9993
70.9996
71.0017
82.838
71.0043
78.8938
78.8946
71.0081
71.0085
71.0091
71.009
71.0105
71.0106
78.9011
78.9014
71.0118
71.0131
78.9055
78.9073
71.017
71.017
71.0175
71.0196
71.0199
71.0219
71.0236
78.9156
71.025
78.9179
78.9198
78.9199
71.0283
71.0286
78.9207
71.0289
71.0295
78.9261
71.0335
71.0336
78.9277
71.0397
71.042
71.0423
71.0434
71.044
71.0456
71.0481
78.9435
78.944
78.9448
71.0507
78.9451
78.9462
71.0525
71.0539
78.9506
78.9506
78.9516
71.0564
71.0565
78.9541
82.902
78.9551
71.0599
78.956
71.0621
71.064
78.9607
71.0656
78.9618
71.0659
71.0661
71.0709
71.0715
78.9693
71.0723
71.0747
71.0768
71.0775
71.078
71.0797
71.0798
71.08
71.08
71.0803
71.0806
71.0826
71.0831
71.0847
78.9831
78.9837
78.9838
78.9846
71.088
71.0884
71.0886
78.9874
78.9899
71.0917
71.0931
78.993
71.0946
71.0948
71.0951
71.0968
71.0979
71.0985
79.0005
71.1019
71.1027
79.0033
79.0046
71.1041
79.0063
79.0065
71.1076
79.0103
71.1096
71.1109
71.111
71.1161
71.116
79.02
71.1193
71.12
79.0225
71.1209
71.1232
71.1246
79.0277
71.1263
79.0302
79.0304
71.1279
71.1287
71.1289
71.1289
71.1298
71.1309
71.1314
71.1314
79.0352
79.0367
71.1331
79.037
79.0384
71.1347
71.1348
79.0388
71.135
79.0394
71.137
79.0411
79.0416
71.1377
79.044
79.0444
71.1431
71.1432
79.051
79.0512
71.1471
71.1475
71.1482
90.9116
71.149
71.1494
79.0556
71.1534
71.1561
79.0626
79.063
79.0631
79.0636
71.1588
79.0661
79.0663
79.0664
71.1604
79.0681
71.1614
79.0686
71.1618
79.0688
79.0713
71.1645
71.1646
71.1657
71.1667
71.1679
71.1684
79.0769
71.1702
71.1709
71.1709
79.0796
79.0797
71.1724
79.0806
79.0818
71.1739
71.1743
71.1744
79.0829
71.1757
71.1758
71.1766
79.0891
79.0907
71.1822
79.092
71.184
79.0957
79.0959
71.1864
79.0963
71.1877
71.1881
71.1882
79.0982
79.0986
79.0992
79.0995
79.1007
79.1026
71.1928
79.1038
71.1938
79.1051
79.1063
71.1975
71.1978
71.1993
71.2005
79.1154
79.1155
79.1162
71.2066
79.1201
71.2085
71.2086
79.1206
79.1241
79.1255
79.1285
71.2158
79.129
71.2165
71.219
79.1327
71.2194
71.2198
71.2208
79.1361
71.223
71.2235
79.1389
79.1396
71.2267
79.1411
71.2271
71.2276
71.2277
79.1436
79.1449
79.1451
79.1454
79.1457
71.2313
79.1459
79.146
71.2317
71.2321
79.1473
71.2333
71.2341
79.1514
79.1518
71.2396
79.1557
71.2406
71.2422
71.2422
71.2425
79.1584
79.1586
71.2432
71.2433
71.2436
79.1633
71.2472
71.2486
79.1655
79.1677
71.2513
79.1685
71.2516
79.1693
71.2523
79.1709
79.1723
79.1723
79.1727
79.1752
71.2592
71.2595
79.178
79.1781
71.261
71.2614
79.18
79.1812
71.2637
79.1821
71.264
71.2647
79.1833
79.1835
79.1889
71.2709
71.2721
71.2734
79.1933
71.275
71.2759
79.1968
71.2774
71.278
71.2785
79.2019
79.202
79.2029
71.2827
79.2032
71.283
79.2033
79.2036
79.2049
71.2855
71.2857
79.2067
71.287
79.2083
79.2091
71.2889
71.2893
79.2116
71.2918
71.2923
71.2934
79.2153
79.2174
71.2961
79.218
71.297
71.2984
71.2987
71.2993
71.2996
79.2237
79.2239
71.302
79.2247
71.3039
79.2271
79.2275
79.228
79.2286
79.2292
71.3075
79.232
79.2325
79.2333
71.3113
71.3121
71.3138
71.3139
