268	7	8	105	8	5	5
3519	152	16	112	8	4	5
4593	20	18	113	7	3	6
3378	49	9	109	8	6	3
3739	85	8	107	9	4	4
2740	99	20	127	11	6	4
1918	38	12	118	9	5	4
2658	41	14	126	9	6	5
4552	119	10	124	7	5	4
671	91	17	123	10	4	5
2819	146	10	118	10	5	4
2849	38	13	118	8	4	4
1450	70	11	136	9	6	5
1638	205	14	108	10	5	4
4459	14	18	95	7	4	5
3686	203	14	109	8	3	4
4405	196	10	100	8	4	4
728	65	8	104	7	4	4
3493	68	17	108	9	4	3
87	55	11	96	8	4	4
2007	1	7	108	6	4	6
832	86	9	108	8	5	5
1004	14	5	95	9	7	5
1020	157	8	107	9	6	3
4098	178	16	101	9	4	4
672	147	10	109	11	5	5
653	90	7	113	10	4	4
2973	53	10	101	8	4	5
888	127	8	116	9	4	4
2562	167	10	115	7	5	5
4904	23	10	121	10	5	4
3638	168	14	124	8	4	4
254	107	6	124	8	6	4
3768	63	11	112	8	3	5
3855	98	13	103	9	7	5
1228	98	19	103	9	5	5
3843	67	11	111	7	5	4
779	99	9	127	10	4	4
2126	147	7	109	9	4	5
4694	18	13	109	10	5	4
4144	32	20	110	8	4	4
2300	166	11	100	10	6	4
2934	120	9	111	10	4	4
1012	180	10	130	11	6	4
2768	194	8	107	9	5	4
2613	121	8	117	10	6	3
3864	194	8	107	9	5	4
2189	197	4	111	10	4	4
3472	114	19	125	8	4	4
1425	37	10	89	9	5	5
835	53	10	101	9	6	5
1430	112	12	120	8	6	4
4216	5	12	120	9	4	5
3769	193	16	118	9	2	3
3010	169	9	121	8	5	5
4264	94	11	119	11	4	3
3064	181	11	106	9	5	3
4808	159	16	107	10	5	3
620	24	10	123	11	4	5
3516	205	15	108	8	3	4
2926	202	7	99	12	5	3
2328	198	8	106	12	5	3
4509	82	14	120	6	4	4
4560	207	10	127	9	5	4
416	151	11	114	11	4	4
1464	63	10	112	10	6	5
4200	9	10	106	9	5	5
4543	8	21	125	6	4	4
2257	124	12	119	9	5	4
1197	81	13	113	9	6	5
4319	60	14	100	9	5	4
1244	206	8	102	10	6	3
3935	198	13	106	11	5	3
929	100	10	126	9	6	4
1467	91	10	123	10	5	5
2546	35	8	111	7	7	5
884	142	5	118	8	4	5
4294	1	7	108	6	5	6
2276	48	13	99	9	5	4
4761	102	13	109	8	3	4
369	112	12	120	8	4	4
3779	15	12	118	9	3	5
1504	107	9	124	9	6	4
3120	90	8	113	9	5	4
4559	129	11	119	8	4	4
2797	174	15	96	9	6	3
4792	58	16	101	8	4	4
1110	179	13	111	11	7	3
981	170	14	138	10	6	4
871	166	11	100	11	4	4
4745	103	12	105	9	4	3
3030	168	12	124	7	5	4
3061	18	4	109	9	5	4
1738	66	6	104	7	5	3
2827	82	7	120	8	4	4
2884	136	7	124	9	5	4
3974	168	10	124	9	6	4
3775	166	12	100	11	4	4
3757	130	11	130	8	4	5
3668	184	10	123	10	4	4
4547	82	10	120	6	4	4
3327	187	14	110	9	5	4
741	3	12	110	9	5	6
3647	141	15	91	11	4	4
2941	92	14	124	11	4	4
799	11	10	112	7	5	5
4169	117	16	98	8	5	4
1408	72	14	126	10	5	5
4617	58	12	101	9	3	4
4784	108	12	107	10	3	4
3292	207	20	127	7	5	4
3665	161	13	110	10	5	4
1322	143	14	120	10	5	4
4318	108	19	107	8	4	4
4007	154	20	108	8	5	5
4423	163	18	111	7	3	4
3696	118	11	127	9	4	3
1820	94	13	119	9	5	3
2252	109	5	122	10	4	3
2955	48	6	99	10	4	4
3846	73	11	130	8	4	4
1221	116	11	110	8	5	3
579	155	9	113	11	5	4
2462	70	11	136	9	5	5
2516	17	9	113	9	6	5
1984	85	9	107	9	5	4
377	134	8	137	9	5	4
4781	95	16	118	10	2	4
1598	86	12	108	8	5	5
766	55	10	96	8	4	4
4120	170	12	138	10	5	4
4447	124	13	119	10	4	4
4092	193	21	118	9	4	3
88	201	9	118	9	4	4
3920	9	8	106	8	6	5
4460	188	16	119	8	4	5
4927	188	11	119	9	5	5
203	7	5	105	9	6	5
2799	192	11	113	9	5	4
3686	140	14	123	8	3	3
4261	136	9	124	10	5	4
2273	199	16	102	11	6	4
4611	74	6	118	8	4	5
3886	91	14	123	10	6	5
4036	80	12	135	9	5	4
1547	71	8	129	11	5	4
4390	135	10	114	9	4	5
2232	36	8	103	7	4	4
1782	74	12	118	7	4	5
2144	139	9	106	9	4	4
4453	134	12	137	9	5	4
1874	84	12	120	10	4	3
4171	72	7	126	10	5	5
3529	81	11	113	8	5	5
3654	127	15	116	11	4	4
4134	64	17	134	9	5	4
2064	6	8	121	8	4	4
4463	171	14	94	7	4	4
492	109	10	122	9	4	3
4133	36	14	103	9	5	4
1129	95	5	118	11	6	4
3823	147	20	109	9	5	5
2425	167	11	115	8	5	5
1618	48	14	99	10	6	4
396	71	11	129	9	6	4
1264	4	8	122	8	5	5
4292	43	14	123	7	4	4
993	141	12	91	10	6	4
4678	175	7	127	9	5	4
3922	120	10	111	10	5	4
967	51	12	108	7	6	5
740	182	15	124	9	4	4
1575	127	15	116	12	5	4
987	47	10	110	7	6	4
1895	36	10	103	7	4	4
3944	70	21	136	9	5	5
2336	16	8	127	10	4	4
4045	60	19	100	8	6	4
3477	59	19	123	8	3	3
2929	114	14	125	11	4	4
2491	79	8	109	10	3	5
4794	98	15	103	8	5	5
2905	81	8	113	10	5	5
3491	163	15	111	8	4	4
2339	62	8	125	9	4	4
4996	9	9	106	8	4	5
287	156	7	103	10	6	4
3843	156	11	103	8	5	4
4624	91	6	123	9	3	5
1783	122	11	115	9	5	4
858	98	11	103	9	3	5
3409	110	16	110	9	4	4
2930	129	11	119	10	4	4
213	57	15	104	7	4	4
3486	30	8	103	10	5	4
1871	200	18	114	12	5	3
160	63	9	112	9	5	5
878	78	7	130	9	4	4
1902	54	8	121	8	6	4
3349	123	11	117	11	6	3
