4569	25	12	110	7	4	4
1830	156	14	103	9	6	4
1237	94	8	119	10	5	3
3576	69	14	124	8	4	4
117	174	5	96	8	4	3
54	88	11	118	8	6	5
2162	25	6	110	8	4	4
2034	192	4	113	9	5	4
3157	12	13	120	8	4	5
2984	26	13	107	8	4	5
1191	138	15	114	9	6	4
1374	32	11	110	11	6	4
563	49	9	109	9	5	3
1523	143	10	120	9	4	4
610	14	12	95	9	4	5
3368	180	15	130	8	5	4
523	23	16	121	10	5	4
56	49	13	109	7	6	3
1312	150	8	113	11	4	3
2599	117	12	98	9	6	4
2890	173	6	97	9	6	4
368	203	14	109	10	4	4
2872	79	11	109	10	4	5
3923	209	13	114	10	5	3
3299	163	18	111	6	5	4
49	38	13	118	8	7	4
239	27	5	107	7	6	4
1494	68	8	108	10	6	3
1372	92	5	124	10	4	4
1061	32	11	110	9	5	4
4375	182	11	124	8	5	4
155	81	15	113	10	6	5
3213	66	12	104	9	5	3
1293	204	14	132	9	6	3
4463	82	14	120	7	4	4
371	174	8	96	9	5	3
4038	179	10	111	10	5	3
3112	191	11	120	9	5	4
4115	26	6	107	8	4	5
3356	202	8	99	11	5	3
3081	61	4	114	8	5	5
2621	33	14	106	8	6	5
2765	26	12	107	7	5	5
3088	9	12	106	8	6	5
1512	87	7	127	10	5	4
4838	76	12	113	8	6	5
3851	61	17	114	8	6	5
1242	18	10	109	10	6	4
3728	90	8	113	9	5	4
4362	99	14	127	9	5	4
2302	186	9	136	11	5	3
4544	46	16	91	5	4	5
863	73	11	130	10	4	4
388	187	14	110	10	4	4
3770	81	15	113	9	3	5
4856	6	15	121	9	5	4
4574	155	13	113	10	5	4
2074	73	14	130	8	5	4
3015	66	13	104	8	5	3
1432	22	13	115	9	5	5
2220	197	9	111	9	4	4
3582	93	15	116	10	5	4
178	195	8	113	11	7	3
2091	63	11	112	8	6	5
1141	133	10	110	11	6	5
561	14	6	95	9	6	5
1276	0	6	127	9	5	5
3318	64	17	134	8	5	4
4090	150	18	113	10	4	3
4154	18	14	109	10	5	4
2390	43	8	123	7	4	4
3347	58	7	101	10	6	4
4775	102	14	109	9	4	4
1491	125	11	95	11	6	3
4022	27	10	107	8	4	4
3720	133	17	110	8	3	5
3928	188	18	119	9	4	5
1827	40	11	100	8	6	6
83	170	9	138	9	6	4
810	70	9	136	9	4	5
3105	182	18	124	8	5	4
612	54	12	121	9	5	4
3005	168	13	124	7	4	4
4768	20	9	113	8	3	6
641	101	7	116	9	4	3
2661	189	21	127	11	5	4
2763	168	11	124	7	4	4
876	49	7	109	8	4	3
1577	100	15	126	11	5	4
1645	71	10	129	9	4	4
2524	144	11	100	9	6	5
3034	197	11	111	8	4	4
1250	126	10	126	9	5	5
2271	193	14	118	10	5	3
2205	75	11	117	9	5	6
4169	24	16	123	9	5	5
4385	43	12	123	8	6	4
2204	89	16	117	9	4	4
3954	106	13	108	9	5	5
2301	127	15	116	10	6	4
3508	169	11	121	8	5	5
1822	207	9	127	8	6	4
2526	143	19	120	9	7	4
980	77	9	114	10	7	5
577	129	10	119	11	7	4
2873	144	9	100	9	5	5
3388	144	12	100	7	3	5
2554	204	12	132	8	5	3
4012	117	13	98	7	4	4
1714	104	9	112	12	5	4
229	179	12	111	10	5	3
1587	23	13	121	12	5	4
2978	130	6	130	9	4	5
3344	186	5	136	9	4	3
4926	155	12	113	9	4	4
3245	176	13	101	10	5	4
4581	103	8	105	9	4	3
3551	23	11	121	9	3	4
2620	189	10	127	10	6	4
558	136	10	124	8	5	4
4718	122	11	115	9	2	4
823	1	14	108	8	6	6
2224	127	13	116	8	4	4
1266	93	14	116	12	6	4
2746	184	11	123	9	5	4
401	57	9	104	8	4	4
3750	85	6	107	10	4	4
1150	64	5	134	11	5	4
2583	169	8	121	8	5	5
3316	175	12	127	7	4	4
2143	0	8	127	7	3	5
766	161	10	110	8	4	4
4764	88	15	118	7	4	5
760	25	12	110	7	4	4
3096	136	14	124	7	6	4
4098	109	16	122	9	4	3
4807	145	13	126	10	6	4
2605	18	9	109	11	6	4
393	27	9	107	9	6	4
121	53	6	101	8	6	5
2830	133	5	110	10	4	5
3973	0	11	127	9	6	5
1132	119	8	124	10	6	4
752	145	11	126	9	6	4
1261	170	5	138	9	6	4
928	1	13	108	6	5	6
4594	4	11	122	7	2	5
1849	204	7	132	8	4	3
614	166	10	100	10	4	4
3024	4	10	122	7	6	5
4957	184	13	123	10	4	4
1048	91	10	123	10	7	5
2466	182	11	124	10	5	4
1392	41	5	126	8	5	5
4348	143	15	120	7	5	4
2266	89	10	117	9	4	4
446	52	6	139	7	6	4
4007	43	20	123	7	5	4
691	38	14	118	10	5	4
578	177	10	115	10	7	3
1417	177	10	115	10	4	3
466	199	12	102	9	4	4
1932	117	12	98	10	5	4
4525	48	12	99	7	5	4
3532	5	10	120	7	5	5
4762	39	12	115	7	4	5
30	60	17	100	9	5	4
4544	18	16	109	7	4	4
2407	2	7	121	7	3	5
2577	95	10	118	10	5	4
2259	185	10	125	10	4	4
4354	206	12	102	9	5	3
3570	206	12	102	11	5	3
2010	146	12	118	7	4	4
35	97	13	103	10	6	4
1695	191	9	120	12	4	4
4808	190	16	109	9	5	5
1419	171	5	94	9	5	4
2013	180	7	130	8	4	4
4612	132	16	124	8	3	5
3911	77	9	114	10	6	5
3844	203	13	109	9	6	4
4998	165	8	140	9	4	3
81	29	6	120	10	6	3
225	22	12	115	9	4	5
3790	84	10	120	10	4	3
1785	150	5	113	10	5	3
3174	25	4	110	8	4	4
1924	53	10	101	8	5	5
3107	16	19	127	8	5	4
1458	54	16	121	9	6	4
4821	33	11	106	7	5	5
2665	13	14	132	10	5	4
3511	20	24	113	7	4	6
2595	124	11	119	10	5	4
4158	9	12	106	8	5	5
2527	125	12	95	10	5	3
3437	27	9	107	9	4	4
1009	206	8	102	12	7	3
1882	183	9	121	8	4	5
