12
14
8
12
4
8
8
10
8
6
4
16
8
8
6
12
12
6
10
12
14
16
6
14
22
18
4
10
10
10
6
10
22
2
14
8
12
12
2
4
4
2
8
2
18
12
10
10
4
6
4
6
8
12
14
6
14
12
10
10
12
14
6
4
10
16
14
10
12
12
10
10
8
8
24
4
10
16
10
18
10
0
16
10
6
14
2
8
6
8
8
10
14
10
10
8
4
8
14
6
8
6
4
12
16
12
4
14
14
12
16
2
8
14
12
8
10
4
8
4
8
12
10
16
10
8
4
4
6
14
2
12
10
16
8
6
8
10
2
8
10
4
14
10
14
8
2
6
6
20
10
10
16
10
2
14
16
8
18
12
12
4
6
8
14
8
10
14
14
8
16
4
4
8
2
18
14
10
10
12
6
16
16
4
8
10
16
2
4
16
10
16
8
10
4
16
6
10
4
6
8
6
12
10
8
8
12
2
6
0
