3593
3584
3635
3610
3622
3553
3604
3579
3591
3595
3570
3582
3621
3633
3608
3601
3652
3627
3639
3643
3618
3630
3669
3681
3656
3612
3587
3599
3638
3650
3625
3629
3641
3616
3667
3555
3606
3581
3593
3597
3572
3584
3623
3635
3610
3566
3541
3553
3592
3604
3579
3583
3595
3570
3621
3614
3589
3601
3640
3652
3627
3631
3643
3618
3669
3600
3612
3587
3638
3629
3556
3607
3582
3594
3598
3573
3585
3624
3636
3611
3567
3542
3554
3593
3605
3580
3584
3596
3571
3622
3615
3590
3602
3641
3653
3628
3632
3644
3619
3670
3601
3613
3588
3639
3630
3569
3544
3556
3595
3607
3582
3586
3598
3573
3624
3555
3567
3542
3593
3584
3603
3615
3590
3641
3632
3601
3554
3605
3580
3592
3596
3571
3583
3622
3634
3609
3565
3540
3552
3591
3603
3578
3582
3594
3569
3620
3613
3588
3600
3639
3651
3626
3630
3642
3617
3668
3599
3611
3586
3637
3628
3567
3542
3554
3593
3605
3580
3584
3596
3571
3622
3553
3565
3540
3591
3582
3601
3613
3588
3639
3630
3599
3568
3543
3555
3594
3606
3581
3585
3597
3572
3623
3554
3566
3541
3592
3583
3602
3614
3589
3640
3631
3600
3556
3568
3543
3594
3585
3554
3602
