8962
9017
8977
8931
9035
9072
9011
8983
9021
9021
8986
9016
8965
9006
9001
8971
8993
9002
8985
9016
9004
8985
9023
9014
8965
9012
9036
9004
9042
8996
8995
8988
9066
8987
9046
8939
9015
9018
8974
8987
9034
8973
9061
8994
8996
8946
9006
8987
9009
9057
8989
9059
9074
9049
9006
8964
8975
8992
9002
9029
9000
9024
8979
9030
8990
8981
9019
9018
9049
8948
8995
9044
8938
9017
9017
8947
9002
8978
8974
8991
9036
8997
9025
9079
9030
8979
9085
9038
8987
9028
9037
9063
9002
9042
9006
9014
9012
8972
9037
8991
9037
9023
8974
9049
9069
9019
8967
9083
8987
9081
8975
9051
8994
9014
8984
9028
8970
8994
9045
9029
8980
9072
9003
8970
8986
8981
9073
8994
8979
8981
9046
8993
9039
9035
9058
8956
9007
9012
8996
8918
8997
8958
9079
9012
8976
8980
8967
8999
9044
9019
8992
8968
9014
9009
9074
8955
9026
9023
8972
9082
9031
8980
9047
9037
8960
9024
8982
8982
9017
9018
9019
9050
8986
8977
8944
9033
9010
9071
8983
9062
9002
9032
8981
9027
8999
9012
8987
9002
9068
9038
8984
9011
8999
8991
9047
9009
9048
9005
9020
8964
8987
9032
8955
8995
8946
8985
9013
8986
9002
9037
9010
8986
8951
9026
8983
9026
8978
8992
9036
9020
8985
9029
8920
9029
9017
9041
9042
8989
8983
9053
9039
8977
8932
8962
8987
9022
8934
9069
8990
8997
9027
8942
8947
8925
9052
9000
9016
9030
9032
9064
9004
9032
9016
9000
8990
8996
8968
8997
8928
9014
8973
8989
9071
9031
8930
8992
8961
8978
8937
9039
9041
9037
9040
9011
8965
8978
9037
8991
8950
8999
8986
8992
9002
8975
9014
9001
9004
9041
9026
9002
9060
8999
9046
9003
8996
9040
9018
9033
9031
9056
9019
9011
8944
9027
8964
9009
8975
8982
8999
8956
8931
8943
8982
9016
9014
8949
9018
8972
9010
8956
8981
9078
9045
8961
9004
8982
8932
8945
9005
9036
9059
9030
8994
9048
8996
9062
8985
8965
8993
9012
9039
9049
8962
8984
9019
9008
8973
8938
9007
8972
8990
8974
9062
8993
9008
8988
8976
9011
8981
8992
9052
9036
9015
8978
9031
8987
9030
9047
8952
9008
9037
9006
8959
8975
8942
9000
9011
8971
9006
8998
9031
9008
8966
9068
8955
9007
8998
8997
9007
8999
8999
8952
8965
9037
9017
8995
8985
9016
8999
9044
9007
8991
9005
9028
8953
9078
8978
8949
8981
9055
9010
9029
9008
9014
8972
8980
9039
9045
9006
9027
8948
8970
8994
9013
9026
8942
9008
9067
8997
9016
8981
9012
9006
9000
8983
8947
9036
8992
8955
8998
8983
9028
9067
8954
9005
9000
9013
8973
8960
9017
9041
8981
9008
8970
8958
9013
9064
9021
8990
8944
8965
9041
9041
9059
9013
8952
9077
9024
9033
9084
8941
9044
8986
9054
8987
8965
8956
9018
8976
8964
9011
8992
9028
8989
8979
8996
8992
8988
9007
9028
9018
9036
9042
9003
8956
9016
8983
8992
9001
8954
8991
9013
8959
9033
8961
9000
9014
8992
9019
9015
8982
9007
9035
9060
9022
8992
9003
8970
8974
9005
9001
9052
9029
9008
9018
9005
8974
8984
8953
8992
8950
8994
8994
9060
8988
9001
8955
8992
9047
9024
9017
9001
8987
8980
8961
9008
8976
9000
8989
9037
9032
9047
9024
9032
8997
8999
8988
9001
9050
9035
9016
9043
8985
9000
8991
9001
8988
9040
8977
8996
8994
9078
9015
9004
9001
9007
9001
9006
8996
9006
9022
8987
8982
8975
9045
8959
9034
9068
9032
9025
9026
9022
9050
8978
8965
9004
9000
9050
8985
9026
8962
8988
8939
9043
8964
9015
9034
9020
8999
8970
9007
9018
9030
8996
8985
9043
9060
9036
8998
9037
9029
8991
9034
8984
8987
9040
9035
9033
9002
8977
9036
8969
9005
8970
8939
9022
9022
9014
8944
8983
9012
8946
8974
8988
8984
8978
9024
9070
9052
9042
8986
9020
9018
9042
8953
9055
9011
8999
8925
8993
9001
8999
9020
9058
9011
9066
9091
9023
9019
9035
8987
8964
9017
9058
9086
9010
9009
9096
8992
9037
9000
9045
9009
9054
8970
9052
9017
9063
9006
9067
8950
9003
8955
9013
8988
9048
8988
8996
9000
8966
9006
8955
9025
9052
8994
9022
9009
8986
9024
8941
9021
9036
9016
9024
9002
9032
8952
8970
8952
9008
9003
8950
9041
9045
9009
9012
8957
9021
9041
9017
9000
8997
9067
8969
8957
9028
9017
8981
8988
8950
8990
9020
8950
9022
8993
8973
8980
8980
9007
9063
9017
9050
8992
9053
9027
9061
9008
8959
8998
8992
9027
8991
8990
8972
9033
9017
8988
8985
9042
8990
8928
9032
9014
9015
9034
8917
8926
9065
8990
8980
8986
9054
8989
9002
8950
9069
8974
9007
9071
9032
8985
9028
9061
8981
9049
9025
9031
8981
8984
9071
8941
8952
8949
9071
9004
8947
9031
9092
9037
8990
9003
9061
8979
9007
9020
9032
8995
9042
9029
9022
9013
9000
8955
8981
8985
9030
9018
8986
8998
8919
9033
9001
9044
8998
9041
9009
8972
8938
8983
9006
9035
8963
9021
9003
8995
8936
9065
9008
8978
8961
8996
9072
8995
8963
8931
8963
9032
9043
9030
9017
9042
9017
9021
8920
8989
9055
9013
9004
8985
9004
8923
8992
8958
9034
9007
9005
8926
9098
9019
8946
9029
8939
9033
9021
9003
9040
9010
9023
8953
9009
9017
8979
8968
8965
9031
9035
8998
9026
8972
9042
9099
9024
8975
9046
8965
8989
8984
8936
8948
9022
8958
9015
9013
8954
9015
9029
9006
9042
9044
8989
9006
9031
9034
8971
9027
8942
8954
9000
9045
8957
9011
8970
9002
8990
9030
8973
9086
9026
9060
9010
9018
9001
9012
9022
8978
8969
9063
9045
8970
9046
9015
9004
8987
9037
9044
8977
8988
9003
9031
8928
8968
9036
8949
9015
8993
8992
8978
9011
8963
8983
9049
9013
9003
8995
9004
9022
8978
8991
9055
8976
9059
9027
8962
9033
9003
9028
9065
8967
9045
8970
8958
8966
8948
8994
8991
9023
8999
8965
8967
8980
