-76
-85
-34
-59
-47
-116
-65
-90
-78
-74
-99
-87
-48
-36
-61
-68
-17
-42
-30
-26
-51
-39
0
12
-13
-57
-82
-70
-31
-19
-44
-40
-28
-53
-2
-114
-63
-88
-76
-72
-97
-85
-46
-34
-59
-103
-128
-116
-77
-65
-90
-86
-74
-99
-48
-55
-80
-68
-29
-17
-42
-38
-26
-51
0
-69
-57
-82
-31
-40
-113
-62
-87
-75
-71
-96
-84
-45
-33
-58
-102
-127
-115
-76
-64
-89
-85
-73
-98
-47
-54
-79
-67
-28
-16
-41
-37
-25
-50
1
-68
-56
-81
-30
-39
-100
-125
-113
-74
-62
-87
-83
-71
-96
-45
-114
-102
-127
-76
-85
-66
-54
-79
-28
-37
-68
-115
-64
-89
-77
-73
-98
-86
-47
-35
-60
-104
-129
-117
-78
-66
-91
-87
-75
-100
-49
-56
-81
-69
-30
-18
-43
-39
-27
-52
-1
-70
-58
-83
-32
-41
-102
-127
-115
-76
-64
-89
-85
-73
-98
-47
-116
-104
-129
-78
-87
-68
-56
-81
-30
-39
-70
-101
-126
-114
-75
-63
-88
-84
-72
-97
-46
-115
-103
-128
-77
-86
-67
-55
-80
-29
-38
-69
-113
-101
-126
-75
-84
-115
-67
