4921
2786
3023
2122
1580
1417
159
3788
4184
3002
1060
3983
1654
4165
4537
1610
1861
2921
1390
2768
4740
4319
521
3545
3308
2265
1138
966
1460
3917
2042
1910
2120
38
2423
1558
2541
2065
646
4681
2164
3178
4457
4249
2389
4723
655
1717
371
3363
2942
172
1536
4335
1816
3784
2217
4632
273
4851
427
3012
2171
232
1521
920
3550
2973
3826
3042
2066
2596
4510
1323
2525
3773
2255
2453
3604
3939
886
2031
1268
3767
2297
4984
4326
1163
2522
2295
3433
1230
2803
1471
1085
4236
1180
2990
2838
2299
1703
4348
338
882
1242
1427
4125
1950
1908
2708
651
4471
1360
866
1627
4386
1223
1860
2128
2016
71
278
4150
3642
1606
116
4251
2593
2650
2517
4888
2022
1284
4852
2390
1920
3400
338
3010
1768
2672
2365
1065
2172
304
3859
1850
2512
1679
1811
1661
4848
2268
280
1525
3498
4457
2310
1880
387
2858
3517
3440
258
3900
1636
993
559
2148
1908
4630
2113
1145
3923
2881
303
1517
4954
4587
4170
371
4584
1312
4053
1198
132
3952
4574
2937
2769
2160
4531
1960
1889
1849
2850
4090
1710
3209
2625
2620
2223
589
4826
2454
2207
2446
4918
1573
2886
3284
1168
2819
2988
1870
50
3440
4827
435
1163
2538
1494
511
932
4414
4154
99
1554
430
2255
2078
957
4339
3624
3003
4813
1455
2694
4409
4088
2369
1591
443
4833
882
2736
3680
2515
3179
4475
4109
3791
2758
4930
782
2182
713
221
1474
1204
1111
3451
4028
385
2935
2780
1010
1327
3637
1951
1615
2598
808
1573
310
3946
26
1342
3525
152
4900
2091
982
3433
2928
572
307
1019
4724
2773
2750
193
2683
1168
1252
346
2693
2615
2225
1565
4536
2360
1788
81
2621
932
3447
3892
1014
3264
4449
4500
2245
3249
1559
4112
4648
48
4190
2927
688
471
2190
336
4394
1390
2844
2612
1751
2143
4798
1158
3714
143
655
944
1172
2977
2193
2587
4049
2249
107
2777
2152
3902
1828
1227
3916
1450
1729
1163
3329
3293
4039
90
1417
2611
2905
4257
3882
4092
1743
2534
4993
292
1162
1238
3268
1501
3796
2397
2335
4491
4693
3628
411
914
2327
2926
2647
810
1697
3223
864
1282
4276
1405
1769
2376
3282
4962
2049
500
302
2777
3004
1367
1353
1539
183
3039
1878
3104
406
4689
2517
3579
4516
4209
3036
2017
2400
1868
2645
3050
260
2886
408
4742
2828
4228
3428
4633
1829
2349
4474
3629
3769
366
1189
4579
132
622
2575
4521
4524
3931
89
4937
4956
4297
1435
2646
4985
4674
985
542
4611
861
1155
245
144
3314
4504
4780
87
41
3318
3928
1332
4880
2121
4736
1574
4252
205
4193
2713
3627
3634
2539
3936
2646
2409
4098
1521
764
2428
1215
1759
1786
215
1859
2200
2332
1098
3758
4997
3471
524
4598
3467
4555
1011
3381
4688
2706
667
4944
397
4900
732
313
2373
2565
1503
4041
97
4320
1106
3872
3963
3270
615
4245
1295
568
3034
970
4124
3797
3678
136
2924
563
481
4365
490
1321
542
4214
1801
1409
3390
2862
3778
4976
1577
4880
1071
3399
3890
1
1492
1393
4937
1644
2769
4246
754
2628
1313
2479
4612
4782
4879
1301
3366
2917
1067
2733
3023
3185
1892
89
3540
4433
3784
4335
3624
4596
771
4255
3326
4844
502
3532
4031
3663
1544
353
1945
2
2163
4863
3356
1194
2234
4889
3062
2778
265
2289
2103
874
4023
3619
3493
4326
2194
3473
4728
1264
1045
3415
4931
2142
888
3164
1578
994
1621
367
1579
3996
1980
1962
2401
1873
688
3071
4228
4396
3646
2336
4043
313
1098
1842
3741
60
177
292
1742
3040
2568
4491
4593
3183
4346
3911
288
2884
2559
1382
1606
174
3390
173
617
2894
2749
1262
1458
4919
1544
1245
1420
1418
2582
4434
1982
1545
1326
4729
826
4209
1332
88
2002
2627
811
1594
1856
4863
692
1716
1536
2505
2805
483
4225
3669
4559
4966
3225
2096
4177
3042
1519
775
1144
2280
4595
4203
3567
2370
441
93
2159
1463
560
4928
2760
622
3830
4206
384
2641
3646
4035
1890
871
3193
4211
2008
1979
3234
4147
2400
3177
2198
1617
670
3856
4007
2224
27
2703
2865
1322
808
1292
4933
1848
60
3406
1882
4406
3550
2978
3636
3496
1736
3942
42
728
3460
1555
4695
4544
3725
2903
4960
1054
2188
1621
4057
2209
2231
2302
2738
3492
693
1360
225
4400
3522
1175
1996
2413
1886
2564
3369
1750
1797
1903
177
72
4657
1741
925
3087
96
4933
4100
3467
114
3559
468
4690
3404
3767
2949
2662
1687
2189
87
2020
2049
3231
2630
1201
1708
3237
945
3175
4104
3716
1672
739
396
2638
3076
337
1146
2018
3790
709
1845
3322
2771
2133
1791
788
3042
4047
2225
2144
1242
4318
1787
4126
542
3247
2318
3352
3177
1061
1344
1672
4490
2867
2312
790
4046
3663
4552
3775
849
4733
1424
3791
3349
4333
1920
3179
1514
2514
2580
2009
218
2419
218
4135
1575
148
3112
1907
684
4035
93
3696
1284
4242
2144
4160
4145
4186
1514
4143
721
691
3448
4320
3531
4855
2168
2075
4965
818
421
1920
554
4924
437
3488
4126
1000
3505
4227
2932
1779
343
673
1088
1018
2379
2807
3218
4545
973
1645
2510
657
1832
3882
3162
4300
968
2521
3774
785
3497
4584
4341
4006
3530
4984
4486
217
594
3024
17
3601
1383
1774
2857
3181
1638
3055
343
2005
4774
4935
4752
4623
4570
2283
1785
3083
798
476
4374
9
2345
2135
2865
349
3148
3412
233
4676
2670
3512
3656
375
4943
2742
2530
4873
1677
4010
4617
2899
266
1550
1374
3216
3340
4809
3172
2199
3744
3069
1105
4122
2670
4844
3263
342
1148
3211
576
3844
2174
2659
2830
1242
2043
4451
3654
1248
1900
1667
2290
3637
3760
4037
84
3680
1668
1809
4592
1486
2610
1236
2590
4003
4284
2022
1351
504
731
3538
1542
1512
793
2635
3860
1431
2821
1811
3380
3959
4969
3202
4272
3729
264
3733
4228
1642
2858
4411
482
2534
4772
1448
4844
113
2450
3668
2447
4609
4668
2992
3211
3760
4081
3409
4120
3676
4858
2059
4792
4663
3638
3296
2061
3926
4682
910
3288
922
4346
4013
3411
3901
571
1760
3336
3364
2619
4572
2137
1714
901
3630
1347
2357
1486
4174
615
2972
2983
2349
4886
3642
892
4749
1717
2189
2552
316
2110
4564
4079
1268
4694
3587
2649
971
4057
4603
4840
3347
4252
2247
3436
306
2211
2949
706
4041
2471
3019
3598
3492
474
2111
2244
2543
1448
419
3782
1743
1193
4776
2340
3004
351
1948
2268
1317
4259
1953
1927
1556
3679
4444
3341
1296
4603
810
1953
1333
4340
2044
862
4167
2307
2641
331
196
2696
3999
94
488
2751
3074
1768
2564
2141
1024
4859
444
1001
947
2379
3918
2238
165
1954
2005
1604
314
849
2849
889
2037
1622
3603
2711
996
4411
1996
989
2127
2985
3662
3219
617
3785
4952
2471
2478
289
4381
2588
382
859
4417
4221
1241
2955
4973
1576
3433
3212
4363
571
943
4919
2508
2755
4634
1690
3487
2370
1320
3200
2171
895
4993
2464
3721
699
3370
2006
1194
557
4335
2524
3115
1863
128
867
198
4894
3596
1611
3497
2143
3102
1267
555
3130
3002
632
3894
2655
528
1541
3026
2102
4141
1290
3393
1984
3247
1561
3095
306
4226
3582
2916
1035
3870
1936
2517
4056
765
694
4631
1324
3488
483
4835
443
4127
1236
3827
1945
3777
3731
971
1408
3032
1952
636
3178
2846
3655
2721
951
1550
1244
1207
1629
4773
4270
325
4487
1225
1574
2296
4192
4180
4175
3619
2090
4768
385
2449
1868
4205
3353
1057
4407
1354
281
4728
1030
2614
1189
1913
4447
4467
4734
4252
3136
1252
1985
3207
4353
1939
1765
4152
1090
3850
4446
1028
2148
2209
3096
2567
3240
1442
4536
4798
1838
2033
2583
1595
1879
2376
2236
2242
4590
1854
965
4310
4533
4671
2617
1782
3845
4468
3081
4156
2628
4854
2664
3777
217
4423
3185
2785
2511
601
3345
1679
948
2088
4516
4164
1520
4885
3322
3226
3897
457
1871
2079
940
2952
1394
2597
4690
707
4149
2633
1331
1145
373
4412
2865
4923
1402
4605
598
1665
833
2421
888
684
4372
2581
1179
239
3046
3280
1476
384
4365
3239
488
4280
2112
2161
2188
4659
2517
858
3931
3962
876
4438
1042
2041
1681
1346
3528
720
1172
2449
576
4517
2128
4264
2837
4454
193
22
2529
2267
4621
3902
2612
4172
4260
3181
1171
636
3410
481
551
4859
3609
505
4866
2649
773
2491
2239
3351
800
2226
2471
3075
995
2229
932
4440
4063
4610
1033
3789
1282
2101
795
301
3531
3309
4403
451
3931
449
4437
1113
4822
1085
2323
162
4813
243
4639
2306
4442
1358
4730
733
4633
451
683
2646
4807
1487
965
4533
4615
3653
3564
2180
278
3461
1979
3519
2
151
2673
4477
1254
1829
2977
2618
1669
4814
1126
1475
1613
3940
3502
363
3060
2870
3210
258
3417
4089
4764
2621
4317
2484
3403
3566
3542
4367
3375
550
1332
3397
525
993
2837
3091
4808
3507
1409
632
2585
1646
4502
1921
1286
2105
2486
4946
4153
4146
3031
1516
3046
1266
1505
4244
2346
3192
2419
3316
2313
4302
3007
2389
3251
417
2374
3253
1343
3655
4802
1321
4966
4046
1949
3764
2773
773
4620
4928
1611
3554
2536
3471
3407
1020
3561
1854
4464
4127
1287
4387
760
2898
4852
2601
3422
2609
2221
4022
1241
1112
3532
2117
1634
2400
1122
281
2886
1205
1950
1553
2938
2680
1959
2991
3740
3901
592
2724
2188
611
4880
2733
3407
439
1823
3012
3194
3201
3951
3447
4950
3136
2566
3193
3771
94
2314
1851
2647
1879
873
1748
2281
3579
4222
4632
3497
880
4005
2521
2728
4641
278
3873
2238
59
966
208
2919
1986
3380
2733
4862
923
4594
3230
3121
1293
1715
1473
4713
3335
3441
2829
1339
4834
238
2724
2424
3242
1936
3732
3842
3165
2733
3252
858
2475
4473
22
3920
2937
652
925
2757
2853
2286
1636
492
1869
3005
1582
2144
958
228
4480
3253
4410
2132
610
3774
810
4863
4479
3212
3578
4673
830
2849
1998
4727
1933
2229
3291
2026
2758
3017
4806
1939
1532
1170
2479
3422
1294
1408
3846
2442
3945
599
2372
396
1975
1935
2930
4699
2838
2676
1552
3191
4621
1358
989
2488
4590
3643
4526
196
3395
2214
2633
4869
4967
525
3327
4243
2039
433
4368
1524
2780
4148
2517
1604
4306
4696
2814
2585
4063
4379
1544
787
2170
4764
4585
2182
1562
707
657
1936
2005
1294
3507
4932
938
415
3078
1197
3591
1594
4629
2019
4712
4130
1353
2650
819
4468
2602
2731
254
3153
1120
821
1107
1944
1279
3215
918
3907
1615
2577
4620
1723
2736
1555
2679
3612
86
4283
840
86
3691
1086
3681
1434
692
25
4111
3254
345
3653
2561
1175
4141
3052
3451
994
2864
136
4958
1167
1144
3316
2994
1689
1927
3234
2352
204
2984
4481
2632
1993
2036
3485
4732
1802
302
1041
4135
1197
1422
1521
3959
1039
4357
1013
4327
4948
2875
4286
2255
1883
3452
3397
2175
4657
1763
4421
2569
3362
1457
4996
4669
446
2469
4709
3272
2758
610
1785
4353
4332
3895
3048
1157
4787
3599
2544
2
763
1005
4972
4381
3445
3420
412
4604
4294
2488
4057
2108
433
579
1708
2960
1998
140
4973
1341
1295
3987
2282
1275
4711
1784
2538
2735
662
100
252
411
2498
377
2251
3912
4469
3509
3813
3038
1902
150
4545
3940
2572
63
3995
4708
1371
3459
834
1166
3498
3628
3206
12
2298
1302
4546
102
2066
4510
2400
2678
2424
4649
3946
3436
1548
1068
1364
3478
2835
1880
644
1718
32
1659
5
4939
1767
2942
2605
4404
2323
477
4596
1132
4443
3866
517
1641
3049
3995
3230
3116
1031
4936
1954
2068
3678
4387
3543
316
3088
4609
501
4769
2045
4731
3134
276
228
4154
2182
3107
1005
367
1994
187
1360
3136
2234
3885
4198
4471
3748
337
2336
1431
879
4510
4701
452
1641
1558
3362
2568
4027
187
8
2198
212
3524
127
4405
4980
2574
1657
3466
2876
4529
4161
3468
3153
3106
3716
99
4813
1737
3870
150
4871
4296
1175
2074
2136
3290
2058
3860
2273
2319
789
824
2522
4494
1862
1286
726
193
1351
3363
4456
997
1911
2818
2572
3800
2601
4076
3855
4925
2941
349
4272
1913
3134
3594
4041
2619
3682
4089
3652
2429
926
4065
625
144
3085
2763
881
3892
3761
1980
71
1028
1081
3446
684
3794
1091
153
3130
3637
3609
982
890
4226
2918
531
4545
2666
2507
1611
641
1337
1260
4366
3041
4525
404
1900
4510
3553
4513
4800
2339
1514
1059
2864
4196
3997
1204
3648
4187
211
4901
4243
2467
2703
3259
246
2596
2809
362
3423
4386
2059
1606
3336
1953
3159
4690
1989
4593
574
3873
1414
3368
855
4679
3127
2816
2783
2992
2194
3011
3273
427
1503
650
2719
1507
2717
3542
4042
106
12
2333
2632
54
2814
167
4788
3809
782
2199
3089
2769
3091
1714
1090
29
3065
2154
170
3350
4727
3939
2236
1420
4087
4992
612
2435
3579
3389
481
2207
2919
3833
795
2120
1396
1674
2622
4068
835
1083
3
4373
2637
4664
2271
3367
2758
3494
835
1650
386
373
4682
1183
3215
3097
1400
3714
3764
3713
4894
96
3511
3495
1241
354
3957
1437
2283
4101
3177
2351
3478
321
189
3034
1744
4011
3706
504
4744
4997
4489
1866
2315
3314
4022
2926
1066
2775
4923
636
4029
1880
89
2607
3594
2066
66
327
4116
4436
4356
715
4661
3226
3551
4613
279
4295
1071
32
2895
4256
4294
2643
1680
2350
2100
638
1521
2075
1381
868
824
2803
1033
758
1861
115
4098
992
869
1750
3222
4130
4815
3893
98
1183
702
2274
913
4186
4043
1273
2711
493
3554
4850
4085
2346
1848
937
4538
3987
2644
4267
1755
1212
4166
787
1991
262
1008
3115
1370
2123
2877
4816
4046
4770
174
2341
1908
4949
1445
1978
1749
446
4503
443
1820
4029
1553
17
2799
1365
8
3059
1232
4324
1233
3296
655
2173
2460
2068
3569
4402
209
1108
4647
2079
1421
3606
3730
3502
2596
4462
2994
3880
2900
242
4908
1053
2539
202
1364
2450
41
1709
2629
4791
3321
4074
306
4251
162
1694
4655
2329
4192
2977
1959
3592
1649
3151
2405
4532
3377
172
3190
2645
4469
4661
3956
1861
3332
3122
3688
3750
4737
4382
1303
661
1027
2645
3234
4709
4030
1660
2168
1754
2660
2707
4403
1793
4471
2282
1123
3946
3479
815
2176
4720
4351
1943
3337
130
3767
3894
4246
3687
1757
2739
2176
2535
1000
4276
4520
2191
3824
832
874
3259
3811
2999
2937
4215
613
1313
2153
3863
1731
3276
4688
1552
4091
1273
71
2875
3449
4457
978
3589
825
1676
2575
631
3278
61
450
93
3093
202
1085
280
2088
1476
3029
4022
1550
4366
4798
3610
686
3615
574
3983
2213
1413
541
995
3099
3837
3271
184
4716
1358
2620
3643
4310
4967
3621
4291
454
821
2308
1635
2060
3948
3425
1090
2783
1353
1385
509
2548
1052
1219
791
471
2912
3122
1356
520
3447
2544
1611
2009
3042
1700
810
4988
1835
1701
607
747
4871
590
4837
4387
1593
4661
3475
3638
4085
1713
222
4726
2546
3752
3280
1008
4572
2450
3717
18
4341
3164
3617
1369
321
2078
4659
3300
681
4343
2195
2596
4118
3684
1639
1709
741
2280
1635
1434
3643
587
446
1413
4935
1037
2326
986
603
2301
4262
1851
4750
2474
916
1592
3640
4606
712
4068
2719
3648
2654
4155
2449
2811
721
316
66
3227
1974
3617
2485
3717
457
1589
1295
2675
1128
2337
2228
25
3135
2832
2726
3852
3957
2834
2421
4454
4326
2741
2522
449
4888
1325
3861
409
2835
3355
3590
3967
3380
1314
1285
2186
2456
1439
4655
2005
4667
264
4304
4387
3331
2787
4157
3864
1120
2700
1133
1316
4594
4743
3787
4978
2541
3221
2275
86
1560
1717
2169
1444
1027
1644
2425
4763
1337
785
3079
2906
2179
3144
741
284
4928
3786
3461
2420
2802
4906
2719
3236
2076
741
3592
1529
3925
4525
1570
3366
4902
1901
2278
52
1818
3948
4312
3148
4802
4158
3051
511
4495
4560
1768
1088
1797
2831
3845
2490
4970
1392
4382
764
1419
2738
1961
3108
3828
3866
199
308
2796
2903
2386
305
1773
674
3556
4230
560
3027
4777
2274
124
234
2100
3398
1635
245
4955
3113
3563
1734
912
1346
3457
3677
2139
1502
4089
1865
929
2364
3158
1180
1656
668
2436
4908
3884
746
2609
4875
2527
713
2284
2632
941
2452
1008
3864
1995
2488
1307
3138
2579
167
2318
583
1670
1636
132
687
3705
1350
4556
3488
4651
4971
1047
2940
3062
4311
4827
4055
3648
1789
3215
4945
4824
3273
2402
4356
2431
3299
2093
4400
4574
1054
64
4808
2670
3485
2396
3659
3333
2288
3893
3740
2504
1188
905
1118
3516
3685
1150
4120
3679
3609
2738
1904
3732
2179
4545
4706
2081
3011
3694
2129
2379
3599
4114
2155
94
55
3838
1619
1225
359
2079
492
4909
2885
2162
4150
1597
1874
1790
3321
2471
1336
1825
977
360
4560
2978
3510
2917
4581
3792
544
2721
13
3741
2586
2333
3134
514
3626
4237
4624
3573
3829
1316
1899
3481
3154
2143
2618
2768
3843
1557
2602
3644
4101
1054
2754
3071
3575
2706
1434
3423
3311
3461
2447
4193
3614
4197
3074
4604
0
4808
494
2792
3317
2058
1463
2245
2519
1196
3376
10
4731
930
4019
4409
3752
1047
1063
1850
569
1147
1675
955
3855
1157
1229
2862
3648
4312
4505
3549
949
4943
3739
2675
681
4426
2289
4903
3154
651
2693
3808
4146
337
956
3522
3186
2650
2542
4980
983
3927
4710
3897
1881
2396
3105
518
3082
2883
4573
1347
270
3020
3003
4874
1768
2772
1318
1533
4362
3840
4639
332
2974
1535
4370
178
3107
3588
1917
2874
803
3557
4448
997
4047
697
669
1479
1696
2701
1991
305
1448
326
4428
781
4053
4754
4980
473
3972
1728
4587
4766
4635
4545
1120
1467
3288
3062
261
2251
3813
1483
4732
4447
848
4111
1932
3114
4623
4749
2933
1745
4143
2707
3420
4135
2885
4356
4046
4022
4420
3114
4668
483
905
4485
320
2087
2584
1495
285
2788
2090
4590
2752
2580
2134
4444
4550
3056
2725
1971
622
4217
1495
430
1771
3010
66
3710
2689
3827
72
4532
3708
4403
3317
2167
4381
4013
3795
2963
1912
1391
4773
3470
1777
4287
2075
1750
2608
1019
2660
3321
1790
3714
2724
257
2200
4476
520
2568
3391
154
959
2061
627
2980
2657
4323
4184
280
3414
4857
2034
4961
3005
3636
1393
2064
1500
938
3492
2253
1753
4427
1643
2160
2874
835
3600
458
3989
646
4519
851
667
217
1624
1376
4380
218
2517
3234
3311
3534
4783
4827
231
4945
914
1923
999
2637
5002
3961
628
1321
4622
3588
2555
472
3163
3627
2140
699
4854
2907
2698
795
2335
704
3951
4125
204
4942
1719
3442
3720
1875
4469
3381
4358
3163
2867
4261
2746
1746
949
4905
3691
991
4433
1668
2459
4446
3148
3870
568
2958
4040
1768
351
2747
2931
3906
1563
1018
1249
400
4578
4130
3111
502
1632
968
3904
119
2313
3127
305
2709
945
1080
25
2457
3609
3262
2714
281
743
1542
2692
4777
2343
3243
3205
2663
520
2599
4121
2098
1352
3025
132
1634
2076
1823
413
37
1850
4149
450
2642
1430
0
2762
3628
2626
3734
3816
1316
2318
1661
2036
1883
366
4093
289
4825
2
1946
4863
270
4613
374
3754
3569
4123
2447
3296
1659
3121
509
532
520
515
1139
1644
2194
2810
1856
2011
4102
3512
3710
3828
4421
2014
1855
776
240
22
3185
4465
2254
1081
4981
3024
432
107
530
4
28
1522
3490
1132
3728
4321
4414
4119
3802
344
4283
4829
1822
2178
3381
2985
4410
3705
886
33
998
4070
702
470
3745
3751
3730
1243
1661
798
3623
1847
2323
1237
4726
866
2679
4512
1648
2499
2524
4077
3400
822
4681
3295
962
3610
3253
4215
2058
2647
4688
4194
3142
1048
1720
4789
1649
4355
2916
268
2116
3097
3396
1525
2166
2506
1044
3932
1585
29
1556
44
3248
3057
4239
596
1360
3687
295
2331
3361
1522
3100
2564
4096
1722
3664
321
4241
4012
4431
362
4995
4906
3051
1182
58
4753
3684
3208
4310
3395
4950
186
3725
2497
2909
75
4322
2788
3982
4924
3206
3548
124
1910
2412
4187
2270
2885
1399
3621
2583
2104
3713
2637
4880
591
3540
4202
3338
1042
1578
3866
3255
1988
296
1296
1661
123
375
977
2339
1113
3696
455
939
3153
2078
27
2430
2402
1806
86
4119
4090
4304
4336
2869
3815
3029
2592
3947
1632
2675
1203
458
2156
4503
264
596
227
2294
1854
1883
3317
2904
4775
2359
2163
2149
3858
3041
3543
3606
3021
2489
2797
4749
1085
1784
1460
1911
1441
4143
4691
4601
4524
3257
499
1497
2677
1294
3240
4068
2220
1416
2706
104
3639
2657
4657
1038
333
4732
4354
2348
1260
4174
2545
111
4765
2500
3069
859
1885
2133
577
674
715
2311
2908
3105
3883
2703
1237
3467
716
4257
1289
2720
3624
2980
1078
82
780
2728
4102
2862
1644
4312
39
2858
4802
2654
2669
3050
1397
197
632
3033
1407
4945
2363
2146
864
3603
184
4867
390
2860
2589
4722
4907
4967
3967
4729
132
26
1104
2462
1960
2774
2656
3129
4182
3607
3069
2681
2677
2346
3100
3492
1507
4508
344
869
4442
3237
4155
412
1466
3216
385
4632
3914
4074
2521
581
1445
440
2881
1683
1958
1804
2159
1943
2807
3234
1441
2855
3414
4360
487
2642
201
2114
1920
2777
1359
3365
571
2889
4718
227
4643
2600
3466
2330
2917
3511
2936
1669
3167
660
2657
3762
1926
513
4851
1222
2705
4560
3391
4245
1823
2645
3728
3876
1925
1741
4392
234
592
3634
441
3650
3759
2434
4854
4556
1886
3021
3077
385
1165
3273
4107
487
818
3167
2490
99
1427
2469
3037
3393
3804
4733
1674
2740
4314
3174
4858
4679
3731
1009
511
1073
342
582
3788
4617
4319
40
3618
2735
213
3482
2426
3167
2302
4869
1891
3891
4187
2206
2310
825
1811
677
1026
68
2750
687
2491
4626
459
1782
658
1179
1097
2717
4014
1689
4739
1343
3907
4619
1027
4808
2603
4470
5001
2281
3891
801
3360
198
3229
4339
3087
2052
2456
1873
4846
3427
3184
1683
33
3809
2364
1313
3473
2325
2842
2248
1053
4213
3311
2927
2594
4843
3775
1893
4987
3934
248
565
4367
3173
2309
4401
2792
4782
4302
4244
2396
2969
1281
4821
3032
1244
578
4885
3141
3089
237
812
554
3882
4613
2332
3730
2885
1776
75
1107
1100
1686
2295
2462
4704
781
1105
3914
4868
1436
4545
4400
1911
1385
966
551
4715
1139
4301
282
2461
924
4559
1628
10
1902
510
163
4119
2930
512
1157
69
3931
4950
4898
1300
2395
1934
2657
1965
3920
116
1322
1045
3949
3668
4059
3172
876
2019
684
2750
202
180
3069
457
4482
4148
4941
2386
216
1495
4421
4117
1844
1895
4860
1427
3224
4770
1769
2685
657
2360
1813
3469
572
4913
1189
4896
3535
3974
1849
2857
1380
3609
4415
3298
4388
1802
411
1748
4532
3574
4174
1542
2878
2460
3878
4796
492
4543
633
3675
240
1853
3467
2705
4547
4754
1067
4558
2222
4034
783
2200
406
2939
4057
1434
990
3739
248
3447
677
3334
410
2349
3257
1847
4920
1835
530
1867
4027
4229
1211
3387
946
2616
3613
4768
2795
24
4351
2430
3578
4709
1706
3052
3856
4755
696
1830
447
75
940
1149
714
3008
4871
1043
2678
2158
2952
3393
3025
3987
655
1020
2113
156
4118
1615
2976
4798
2973
885
3560
1666
4802
1692
3433
4945
2860
3072
466
4124
4565
2960
2977
2106
4322
2578
4973
4135
556
3528
2819
3035
4199
4223
1709
2793
4411
2278
4882
4621
1440
2570
173
646
3058
1940
2590
2804
4999
1947
2025
1188
3408
118
4442
1187
1575
1852
2984
4948
3820
3471
1329
4245
4793
1734
2127
3601
3460
4072
2953
4841
2306
3737
3416
4350
629
4016
582
484
4513
2948
4551
3154
2348
83
4676
2549
2296
4503
1370
3812
5003
3045
2179
569
4838
4857
4565
832
4103
15
2868
220
1642
1146
3675
4997
872
4460
728
3395
2450
3533
982
1927
1934
897
3055
1257
2183
4647
2494
1641
4726
1130
612
2704
819
1040
4961
3998
3210
1975
1297
707
4292
4292
1844
3061
3458
2381
49
1134
4309
4232
2519
10
315
1992
3806
3154
4813
4842
3529
497
3692
4985
841
2741
2812
77
1064
265
937
1664
2249
4611
744
1264
3012
802
2658
2800
1788
4339
2559
2119
2720
1886
2620
2709
3831
13
3531
2683
4152
776
3083
943
3433
4632
2106
806
2203
3555
2508
116
3565
3276
4328
3324
3019
1628
1686
4175
3447
1526
3412
2220
1973
3556
1589
0
3119
824
251
380
1327
280
3489
3146
160
765
3879
3088
2762
4008
2085
432
2695
2320
1732
2040
875
4459
3273
3050
657
2610
527
1478
1219
125
330
3782
3812
389
4078
531
3534
2248
4176
2712
2278
2031
4384
4950
3155
3771
1514
1275
4471
4386
503
4895
892
4882
112
371
3651
1401
2948
1224
1798
791
954
1936
4727
2528
772
3666
2915
2156
773
3719
2750
3878
1148
624
424
1632
4259
3441
303
3185
4682
784
3760
1070
1144
2951
1975
3269
4952
1752
2386
3896
908
3004
4960
420
2394
19
2239
2241
87
2422
225
3973
195
531
4813
592
3850
2448
2002
3803
1235
3247
4938
4939
468
1098
2479
2819
3014
4387
519
3605
1444
2655
3214
3860
4284
3846
3830
3683
2187
2342
789
3207
4179
4818
3192
4494
3907
2444
649
2804
4335
2185
2905
2350
2241
1584
2119
1703
3742
1619
1110
1192
2590
4517
2560
747
4456
3159
2645
4660
3996
262
746
2623
1593
4837
4742
3310
3469
2152
4840
4496
1272
760
3456
4632
2893
3509
3107
3316
2520
2671
1944
1393
2580
5
1827
773
17
2627
2380
3148
1932
1517
2547
4671
202
2618
434
2835
3940
3749
1816
779
4598
2975
2324
3653
2338
2544
789
607
4807
3438
2973
4178
2936
3587
4002
1846
3312
4736
2505
302
2377
3718
3317
1982
3481
1156
3713
1936
1902
1865
1333
1541
3876
3295
1928
3307
1646
4952
4867
3601
601
3774
329
3350
4947
3863
217
1116
4136
4362
438
2213
1013
2693
413
2545
2960
3648
4044
3942
3023
2358
4386
4862
563
685
3816
4755
109
453
4984
811
2148
75
1407
3024
2505
4675
2256
1581
1686
150
4706
366
374
4658
3923
630
1596
2389
1353
597
3660
1034
4222
4865
1470
1101
660
2173
172
3010
4049
934
4066
23
3053
997
4403
2443
1475
4435
4108
983
3636
4649
2827
4594
3889
4555
4678
2164
4768
2362
2028
1184
3969
74
1760
743
294
199
408
4801
1553
436
3486
3761
2759
1109
3505
1749
4110
3884
4056
5003
1357
588
3218
4458
2725
1363
1583
3939
4074
4819
3869
3498
1218
3446
398
4939
4848
2665
940
57
2356
3423
4002
4298
1826
4343
130
2084
173
335
2752
1428
125
3572
2470
1756
1704
3069
1184
2871
3582
1382
4631
1782
749
3545
777
3628
843
3379
140
4428
3495
2724
1091
2088
2972
1852
1210
1232
3625
3995
2358
3903
4410
2553
1147
1137
4987
932
4737
494
504
971
3990
198
201
219
3414
402
1793
4102
237
1958
2245
2492
79
1934
507
4914
4156
4325
810
2425
2288
3352
566
947
4776
762
1295
2502
4827
2045
3706
2253
1236
3764
2495
4022
3062
2246
652
559
3024
770
3697
1467
3265
2184
936
3778
3706
1674
4496
1639
4660
4629
4731
4599
840
3914
3505
940
3174
1633
1989
2843
2935
2497
1785
1081
2006
4563
4463
447
997
2262
725
860
4694
246
154
4342
1285
1591
4707
2920
2952
2290
2813
4460
4621
2440
4465
3083
531
1554
3138
713
4451
852
4543
3516
2854
1087
2516
4387
3835
4069
112
56
3558
1193
3085
183
242
705
4677
2366
3514
2327
2293
1881
4351
273
2346
4117
1754
2303
1625
4452
857
3733
4815
982
83
744
4746
2988
3580
16
4267
1053
3654
2864
1826
3137
1478
3139
621
4457
4136
4886
716
513
858
3998
4629
4144
2750
78
2123
2451
65
3541
4846
4388
2858
2090
484
2197
4094
3914
3223
464
4516
693
4134
1950
1521
3522
4980
2137
1799
2815
2183
3411
125
3255
2667
4557
1492
2519
4516
663
3542
112
4779
2530
4821
1290
1332
837
1163
2752
3224
237
3368
4768
1169
1627
4856
3001
1037
2038
1421
550
1851
3267
2202
2491
1090
2519
386
4277
2269
4407
2796
3127
1345
2324
3386
752
3140
3903
2922
449
3391
2821
66
1521
334
2454
3666
4785
2456
1216
4713
2120
3863
1358
4707
858
3465
1882
4878
3052
3871
2010
3375
1840
4103
1330
3735
4870
2855
224
3061
2180
1040
1019
1302
609
4495
2536
3606
4680
2175
3401
1871
637
186
4713
4925
2978
87
4855
3885
381
4692
4322
96
612
3527
2834
3730
3583
832
1704
3683
4756
1257
1215
1241
2487
1115
4447
4112
4579
1357
4826
4479
4992
442
2914
1231
4513
4897
4310
658
2359
931
1162
322
3596
4352
1410
1611
2890
3891
1376
2521
4293
3039
512
4654
1163
2506
2394
490
3152
3760
3534
1750
2207
1487
3527
3270
4467
2285
3601
4316
112
4878
2924
4864
1640
2931
49
2830
622
2505
3637
524
3529
3607
4498
387
3039
3153
1645
3861
3678
1455
1954
490
1410
1424
3299
4173
1026
1576
270
2484
4410
1247
3145
4607
169
4271
1580
4350
3872
286
503
4000
4928
4914
3422
107
3271
1967
2017
3436
4486
1558
3778
2675
3508
1504
2303
4019
3946
2692
912
3020
1339
1855
48
828
971
1348
3228
842
1448
4453
4333
208
1173
572
1546
2869
2469
1361
14
4201
3345
3697
2809
3183
1061
1462
208
4099
1430
1500
414
4993
3833
4830
2486
3542
1762
3023
2227
1616
572
2244
116
4321
1699
2510
4858
4396
2520
3395
204
2772
4154
3705
2411
587
2255
1255
2952
2060
1241
2244
4668
4715
378
4247
2120
2392
1238
1699
4513
4073
2528
4772
4847
2221
3692
1283
4821
2605
1034
2406
2917
1032
826
2909
227
2727
4534
693
506
3252
3354
2998
376
4692
4737
3951
1831
3422
4575
1176
2978
1257
1407
953
3756
1889
1587
1775
3249
1899
1218
1620
2860
4045
3904
49
1261
422
1393
2154
3882
2993
2279
1414
4959
753
1854
2304
2164
2212
3548
3472
2624
3466
5002
2654
3212
4291
4144
3462
2669
2228
2208
3592
3748
2779
1459
3641
3916
96
1177
2157
2159
1067
2922
3396
978
3756
2196
4814
4275
388
3025
4206
18
391
2849
2613
2124
2907
1366
8
4341
3435
4807
3629
2053
982
3881
238
2525
590
3690
980
581
2072
3426
3340
1727
4424
2528
877
4393
4601
3517
3774
4843
1227
3905
3832
3300
4867
3808
2794
3259
4343
3711
2471
3358
3021
3846
4592
3801
2195
3775
1273
2969
3439
3952
2350
3171
324
2944
4921
4204
2046
4992
3462
3092
1306
155
1043
1745
4287
1048
3761
3845
4742
1281
3789
484
347
692
2600
2572
1924
1886
3370
246
2394
2601
74
1355
1455
390
2658
4629
1889
581
2238
3891
3150
846
2544
2256
2497
4089
3619
920
1558
4632
3216
889
4354
296
2359
1940
1719
3958
2973
3928
4081
2765
4690
1555
3927
3784
1562
643
4667
2587
2358
3870
3028
1783
2399
2182
1996
2231
2765
3360
712
2295
653
4230
2133
4291
326
1172
3006
540
4223
4244
3040
1770
2954
4220
1273
736
1499
1358
4999
904
1135
1338
1425
2333
3631
4407
3052
4045
2877
43
4415
58
4380
109
3480
4565
2436
4847
1829
3821
3865
1628
1947
3348
3930
4891
744
4666
3157
1740
1705
886
4205
4383
1277
1816
2071
2969
1912
2590
331
1239
2328
789
2278
1591
769
4205
2759
2043
2989
1685
3613
444
4756
4467
581
3195
917
1914
3083
3206
428
1762
2579
2666
4042
2442
3790
4027
1517
1117
1809
603
4884
1798
3119
1908
3675
3973
4586
3866
1882
717
4128
3042
1082
3232
4666
3726
99
2767
3442
75
1061
4491
2886
2045
124
1152
4233
3585
2936
4996
1621
2152
4814
1843
4309
4558
4872
1559
2000
3422
1430
2343
3623
3193
1950
3863
1177
380
3266
4614
1852
883
790
2217
1599
1916
1270
4227
3334
453
3075
211
506
2044
691
722
1766
2559
782
3390
1780
2542
2808
2074
4037
582
2234
2632
3598
4449
2879
753
4589
3220
2201
3984
1432
3249
2394
1810
4372
1988
2378
2995
565
3331
4226
3682
269
3594
4670
3570
4241
2526
1802
3325
3801
4727
4659
224
576
2553
2746
3883
3955
2709
272
4752
158
930
2474
1063
3868
1065
3586
1776
1702
185
3483
4695
4504
827
3063
4308
3310
249
610
3099
2617
1457
1234
2011
1943
835
1682
1923
2250
4763
1980
3630
3996
1707
909
2420
4358
2889
1345
2765
4147
2675
2246
2262
4657
4626
632
805
4373
1174
745
226
2119
330
4350
3005
1292
3715
1568
2373
2988
1045
2451
2490
1578
608
2198
3033
2160
477
304
2701
2447
4756
3663
2355
3934
905
1813
3003
276
3876
1050
1487
3050
4741
2285
1592
4673
2894
1499
928
194
861
560
2412
1102
853
1799
2773
2968
2462
3649
1913
359
160
35
3755
4684
3519
1736
4365
2993
4057
4620
1235
4110
70
1736
4139
2178
2848
2748
2329
57
665
4515
3055
1077
4662
2081
3065
3403
4236
825
160
4383
3027
1764
2933
1436
747
3931
3465
4705
397
4577
1103
3572
4080
4457
1130
4773
1509
4922
4476
866
723
1587
1065
1293
3337
1995
2363
4539
3012
876
3856
2948
4894
4359
1022
1512
4549
1806
3077
3063
916
3703
1310
3726
4753
3736
4353
4178
2735
3274
1584
148
2683
4048
923
4632
4377
2355
1215
3109
3640
1433
3213
3632
1648
4674
166
144
977
1874
4259
1364
4042
1334
2099
4415
1493
4774
1602
1487
320
1830
1855
3125
1149
470
2225
2107
4295
2689
1283
108
2820
3298
2894
3239
2909
1690
2496
1540
660
195
2872
4415
779
4094
1906
781
1786
3959
1717
944
1627
1291
4507
1416
3969
4443
1466
2461
2250
4343
3973
4222
391
1082
3738
4977
1369
2064
2098
4992
4963
4408
439
2027
4996
4691
1190
2773
4931
2453
2105
2674
4542
467
682
3228
2201
1525
2749
2626
2500
1318
788
4222
1788
4528
4188
4532
3892
1116
2757
1818
2741
3869
1039
1330
2908
4520
3682
4212
8
2697
1190
1677
4727
69
4782
415
2429
2651
2511
4510
4719
3253
3926
4690
4651
2320
3352
1001
4501
1212
319
832
1228
1644
3587
1727
709
4891
1126
4274
676
1055
450
2863
2826
4012
760
1449
2551
1524
4687
408
3815
2420
4347
386
4729
2207
923
4424
3595
1619
1700
2029
921
1700
2217
1927
1176
3658
4112
1141
4540
3040
3584
1625
1704
694
460
2490
3664
2182
379
2761
3417
2128
804
4985
2517
1428
3689
909
1705
3267
2093
1942
3331
4885
231
4460
2998
969
4991
3958
3732
4427
2402
762
3401
3020
2310
1814
2956
1015
3681
4398
3460
3804
4699
4966
3160
915
4110
834
4909
2882
4461
2599
2904
4430
2421
1495
240
356
478
3153
2467
479
3486
3821
857
4694
436
4876
956
4469
3408
3388
2069
2249
2507
2254
3297
2608
23
3510
4497
5004
3303
4971
4278
4651
2058
3588
1604
1379
866
4657
1876
1878
357
2148
1458
3575
3291
3071
548
2586
1350
1737
1795
2861
2225
2925
4344
4850
2596
1137
4800
2212
1760
3072
3490
2650
720
3228
3428
4725
2449
2207
2482
1192
1288
2378
3119
4742
2311
4274
3500
1209
2785
1413
2645
3370
3828
4116
2750
4047
284
3182
2484
287
390
2212
812
1333
2832
4125
2834
4247
2094
623
910
2951
4245
3903
2394
141
1500
4841
3441
4547
3363
2000
256
1083
2008
4710
2760
125
3148
3150
4209
4760
2535
391
3344
91
2983
278
4173
409
3465
3983
458
1725
2077
3183
2208
2232
3867
241
2335
4418
3361
1828
4664
3193
4539
3246
2383
620
1055
402
1327
3811
121
28
4990
2672
4604
4831
1319
3647
1920
4038
1392
1642
4289
458
2138
4347
225
1488
3863
3650
4965
3664
2713
3640
4802
3904
4190
2691
4446
467
2701
4345
3960
3367
437
4779
3258
2999
1960
1790
840
2014
4067
2868
955
2756
3824
2659
3974
422
3244
3511
4694
2924
2464
685
3668
4264
4182
3634
4516
595
4237
288
4118
4750
3496
3063
4432
66
612
3176
680
1940
1194
1166
1850
2624
96
3205
4221
2486
299
3805
2402
1617
3705
1920
3949
3319
490
1108
713
4352
2925
4680
1954
789
2603
1352
593
3087
2742
601
4534
2496
1118
1463
2307
1948
4886
3118
886
1174
651
4589
2560
722
1659
4507
285
14
1806
2130
4508
3399
2382
2768
908
1505
159
2058
1790
610
4490
3733
3038
214
477
3811
4097
657
3166
569
1203
3538
3890
373
4174
846
3855
2925
494
813
3971
4954
1364
1212
4714
190
4243
3571
240
911
2489
3722
3170
3319
898
4976
2311
4716
1757
3827
3670
1411
2766
4509
1469
1846
3709
1132
4373
2146
4895
1891
2451
4322
2815
243
1811
815
3466
2520
256
2478
3302
683
1610
2887
108
181
1638
3325
3647
682
4817
3785
95
2724
1385
373
1127
511
569
2612
1721
1721
2528
1741
4710
1479
1588
1546
506
2114
427
3897
3115
3036
2712
561
3284
188
3347
331
1926
1380
591
2740
4152
65
4522
615
3685
1385
2967
1911
1305
4636
3220
3886
807
2571
4306
3085
854
2790
485
4144
4439
4616
1964
1063
3680
3004
2934
1462
4398
219
851
4309
3165
2201
1988
4532
4804
4864
1702
846
3172
1985
2812
4397
1392
4416
2740
716
2210
2445
2754
48
1563
3582
2395
546
350
4902
4021
3172
788
3225
3433
4362
4958
2297
3153
2514
1804
2026
1270
391
3132
2358
3634
1166
2731
3702
298
3238
4382
1788
2316
863
1066
462
256
4889
500
784
2468
2156
3558
4317
421
1135
1630
70
1306
1205
1664
881
4930
4964
2162
4001
4490
916
2285
4662
4532
848
451
2372
420
3171
2426
3547
953
3665
3486
4521
3531
2194
4933
2794
542
4087
3088
1126
2214
2544
3392
4689
1185
4657
2683
1595
2130
4087
2941
652
2123
2469
4790
272
4217
1184
2007
2405
4986
2200
3765
4219
2791
2207
2781
105
3700
345
3509
2778
573
4217
1417
4869
894
2965
2687
326
33
3354
2111
1596
2034
1586
4699
3038
3897
1092
133
2751
3730
2207
2520
2187
2662
1339
4237
2722
68
1696
3774
3752
2897
223
3919
3321
4333
2740
3707
3102
2266
2432
1377
4667
934
266
1380
382
56
1940
423
1710
4437
1968
3938
3037
4021
97
4914
2642
2735
3312
2162
2481
1950
3348
2781
2840
321
1866
1952
3473
2884
1652
2840
33
64
4742
2437
1074
3905
4268
1685
1034
419
2397
2577
4086
3545
541
1836
1335
2275
3869
1110
2523
3032
444
3711
3698
2807
3710
863
1304
3197
832
4020
3386
4446
940
3145
4744
3642
2086
533
2162
3640
3544
3945
3856
3444
4345
1045
4064
796
2023
1474
2688
3610
3065
3667
4399
4714
113
4482
3952
1188
3405
2315
1407
1665
3486
224
1348
2883
2615
1567
3774
3125
3813
113
1682
4910
786
127
852
2068
4177
4781
3978
3866
2219
2531
1295
2518
2345
4515
3404
4014
4337
2646
3212
4392
1638
3366
3709
4270
304
3912
353
4774
4177
2135
1502
3892
3891
4877
3722
4184
454
573
4878
2360
1241
4653
3309
3740
1935
1356
2474
2750
4756
90
2323
3302
2797
1524
3464
1679
1570
477
955
2920
903
2530
3578
1910
1495
4778
4072
1578
2560
3875
2795
2851
1905
3486
3449
2262
4228
2557
360
99
3925
2377
4162
1984
2725
954
45
2483
1434
3740
2731
1299
1849
2151
808
2648
3594
1098
4851
4909
4559
4730
2496
880
3940
30
3345
2258
4265
349
1961
1102
1258
272
1340
4113
463
1579
1091
2676
475
31
530
51
3764
4051
3664
1356
367
4543
3731
744
113
1935
3307
2903
1543
4009
3254
2069
722
3483
3290
910
2450
812
263
3812
2695
3530
3255
3754
3052
4926
2214
3761
375
3380
2058
2799
798
2679
2889
906
4799
3353
3228
3173
4566
2943
1470
3328
3921
553
1748
4940
4226
3443
4565
3519
1518
391
3677
2573
3407
2281
3814
2511
398
3506
4265
306
4449
3623
4361
2281
3570
2720
6
1648
3516
3410
560
2237
1676
2505
2538
3751
1030
4696
544
3773
982
447
2270
614
2041
451
2720
4128
1385
4748
2828
3297
3428
2215
4850
2415
3680
2141
4862
3425
4591
373
3476
1863
4669
2174
89
4721
3309
3459
1242
125
3508
4324
4088
2127
4724
1504
585
1747
848
3152
3898
3898
2258
3329
3480
3233
681
3204
1036
3147
1364
2219
3727
4044
1358
1685
329
588
2659
1998
2444
1366
645
1778
3545
57
588
1932
3189
2702
3314
2321
45
1825
4183
2821
3281
4695
4846
1633
4093
2447
1141
2166
555
1358
74
2298
2494
1151
601
3187
1499
1004
202
3843
1385
2479
3517
3321
1933
87
1783
2899
2497
673
4519
4739
125
3003
4460
1267
4953
853
4219
183
1382
1712
114
1059
986
4697
2227
886
930
333
876
1292
4152
204
630
3686
1170
3004
572
24
3142
4916
1281
1967
2180
2571
72
2571
3901
3449
4290
3676
2249
2940
1874
2103
2990
3705
416
2711
182
595
4960
2539
3770
920
1089
3239
1118
3561
1377
2811
3326
1653
780
636
3375
1810
3653
4617
1842
2606
2354
929
954
3800
622
454
236
2816
3525
734
3119
3678
98
1321
1413
1604
1881
670
2942
4829
4640
3524
3492
2622
379
2283
1394
4787
4877
3484
1715
3954
923
4106
3036
654
3749
3130
3845
2823
3675
831
3044
4418
3830
3122
4415
4708
2707
2352
3382
1120
4851
4890
4986
2180
1061
1982
4263
4812
607
1790
62
1003
1277
4709
4235
4811
931
4836
4394
1984
2094
3842
1205
1926
3603
1763
3445
803
2308
3189
3256
284
1889
1080
1274
3192
3096
529
936
1680
1728
3302
4354
1559
331
1128
2752
1790
921
2121
3744
1688
3809
1923
1464
3154
1946
1655
4878
3948
4823
2265
92
35
2782
3658
427
1717
3812
4345
3435
3596
2154
50
3
1564
0
2787
1193
4422
4945
1715
1144
3194
1012
1718
3708
3918
1149
1714
3479
3739
4620
4915
2192
1473
3451
1552
921
2743
4452
647
782
1959
1898
40
992
4306
2575
4608
4726
1976
273
3826
976
109
3475
2530
1473
1258
2067
2248
1678
4972
3714
4798
342
4353
4884
4998
2506
3653
2066
2373
1107
3274
4132
2188
4964
752
2909
807
4449
3453
2631
1571
2719
2279
170
1965
1266
506
4177
160
1386
1572
4046
1173
4557
2818
141
964
2907
890
625
3817
3806
1730
1903
4007
2413
4308
2929
2835
3164
2494
2640
2539
4234
3555
3036
2757
3949
2395
3291
75
368
2163
557
3154
1397
1487
2150
801
2345
3983
3662
2080
4588
1005
686
2605
4490
602
2819
3563
2446
1020
732
1338
1203
1200
4167
1840
661
2540
3072
3296
2523
412
1683
3145
4633
1126
4172
903
3368
4288
526
3019
2916
1840
2855
3350
3606
4865
1101
1702
4877
3237
284
847
2116
2901
3731
99
4956
4298
344
2630
2706
2214
4498
4714
661
3115
4834
1400
4472
3016
549
3093
4491
419
3906
5000
235
4386
1275
201
3206
1659
4391
351
2381
1314
2315
4752
1205
2048
4468
194
2755
788
2303
604
4093
186
2576
3402
1043
2579
3839
4446
3337
4071
2194
1066
2955
3173
376
3335
2223
1767
2560
601
4115
377
819
4571
1369
3785
4591
994
4296
4388
2664
3357
4646
4767
3215
2838
4957
114
3466
17
3118
3172
212
2574
2947
2551
3031
190
499
1125
4638
3330
1711
902
2066
1315
960
785
2360
1121
4571
3896
970
483
3359
4719
3754
2390
4916
3770
629
253
4577
3885
3715
1097
2171
2201
4149
767
1089
1460
4542
4901
4300
646
1041
897
3945
2987
1336
4695
3372
912
2941
285
2291
2395
3129
4674
57
2352
761
3778
4383
4399
264
1374
1279
9
1726
4956
3142
927
3745
3614
3322
1702
774
3921
4992
676
4135
1714
2788
3356
4942
2542
4035
3109
4646
2446
2683
3826
1889
5004
4999
3724
2620
669
1326
1227
1835
3065
201
2963
725
4255
1573
217
120
2483
2204
3469
2547
442
4343
2424
1876
376
4164
1701
4817
961
3447
3712
2778
2820
3299
3925
451
2925
756
43
1638
30
504
3324
1972
245
2664
1815
197
1413
2764
1458
1944
2790
2605
679
1703
1596
1348
1179
3638
1094
1497
4067
1634
282
1697
4196
1881
3570
1108
2104
3528
4731
2464
2060
4503
1976
2335
3190
1802
4370
446
441
3295
2532
566
331
3258
641
4518
2848
948
3841
787
1076
3458
3103
2139
3224
2077
544
2032
4903
457
1937
553
3991
3003
480
3102
861
2819
3701
1152
3735
1111
4116
1609
4252
1160
3929
595
4487
173
4609
2384
4286
878
1925
4181
4555
2504
1266
2018
4417
3201
4177
1924
798
4941
4653
1138
4557
3499
2312
4624
1114
4417
1579
267
3389
3437
4426
1775
3202
2609
4312
2441
3179
2784
3591
3837
1978
2244
3263
4321
1858
2580
3140
1457
871
2243
414
784
938
295
1482
535
822
3917
4684
464
4919
151
1033
4929
4968
2135
1122
4425
3593
1853
2641
3463
4672
4628
847
3572
4387
3731
414
3731
2322
3302
1954
3692
823
3995
2300
1023
1335
3955
1387
2221
517
2057
107
389
3377
4210
2058
677
3105
1820
2459
1615
2834
3193
2464
3393
3317
3055
2272
1826
3828
4804
1316
2787
1720
2732
4242
4332
1520
603
548
4413
2418
4654
414
944
4018
4385
2154
1487
3326
4992
3157
4148
4308
4825
392
3816
1691
348
4138
1064
796
3033
2503
2404
3877
2617
946
3119
2402
972
55
1425
594
2000
5004
3353
2787
481
3419
3230
1358
2260
2382
3734
1414
2600
4131
2258
2334
3241
2867
771
730
4186
2388
3280
126
459
2623
322
3991
244
1477
108
3135
1984
2972
2934
1001
247
1984
2948
4875
4292
4323
3766
1605
1770
3176
848
1601
4739
4986
2927
4330
42
1225
1838
295
640
4793
1658
1191
2382
1110
2840
1847
4228
1360
1691
1017
2070
1221
1300
3841
1374
1296
1439
529
4105
3759
926
1310
249
816
759
4732
2243
1540
3175
273
208
1954
1576
3569
3027
174
4469
3378
1400
461
2797
223
930
2766
4314
965
4233
1635
3916
3417
3293
1958
1202
2926
3659
4801
329
1943
1342
1786
2450
4546
3958
927
4089
306
3608
4746
3914
548
3883
2947
3246
2602
100
447
4267
4785
2989
2001
710
3404
3196
3222
3885
1677
448
1726
3685
3123
2081
2214
1451
1345
4005
288
4965
436
2448
1611
3888
2600
4973
4886
2203
1154
1396
1334
1525
618
4695
2256
4518
967
2633
4622
4932
1444
364
4989
3630
2833
2898
2669
3221
311
2467
863
507
3392
83
4647
4345
1202
4761
3888
2489
2305
2369
1953
1010
3403
3326
1206
4555
1528
3208
1002
4615
1742
3467
2551
1059
3486
2546
2894
597
4778
3448
3494
736
138
5002
4804
1909
374
4650
3730
4098
4674
869
471
673
917
1867
726
4650
2062
4089
529
3025
2232
4036
701
4559
2748
289
3692
84
2704
4007
4411
2430
2850
2055
525
4093
3436
590
1889
2728
3410
2863
2174
4659
3188
2499
3671
2482
2157
4389
4808
3637
439
4197
4415
3383
4159
4671
4160
1489
3045
1181
1957
4777
2218
1344
3571
525
2173
4289
1443
4759
1243
2334
2364
1342
4618
2054
3494
135
3071
1546
1425
462
4593
3710
1040
3549
4620
2611
1455
2799
3180
4480
2657
1741
517
1131
4706
1928
3649
2021
4055
205
4608
2448
847
2700
1119
1212
2797
110
3664
896
2895
2189
4910
1964
3334
796
759
3493
2579
728
2531
2649
3635
946
1754
3997
2785
1711
2348
4471
2884
4657
4790
4507
1290
2664
687
3678
761
1675
2249
2575
4908
2320
232
3597
3316
2802
2417
460
355
2297
1478
2306
508
2353
1231
2187
2672
1882
2860
1016
4519
1062
1849
4285
1258
3751
1879
2818
602
2530
3606
577
1097
4448
3007
2422
1777
940
45
3834
4207
3081
1354
2391
4028
4745
3537
1704
2603
1245
1025
4495
1708
650
4595
4440
1408
3821
3067
730
4972
3219
4643
354
4033
2145
2007
599
3291
1193
4079
1146
4065
628
4608
3676
4425
2017
4733
1879
357
1973
1884
4154
4134
2768
4077
1129
4778
2815
4936
3552
4052
44
2423
3705
4520
1515
1145
2589
2631
2337
4999
1556
650
3136
3892
2573
3078
1637
3712
2462
423
1925
3883
1967
3382
2477
2450
306
3618
16
986
2692
751
3530
1158
3209
430
3464
4333
4716
1644
1988
734
1579
898
4798
859
2902
121
834
4811
26
2620
2103
623
2370
4659
1044
614
1324
2185
78
3860
3658
3776
4549
2292
1434
3801
3263
1919
4661
1914
3167
2552
2201
4669
3572
2562
707
713
1067
3555
4855
2342
2785
3050
2952
115
4118
4995
65
3149
3336
1666
4015
2117
1264
4442
1642
482
748
2869
2996
3775
1998
3919
3642
2332
4792
3131
3521
1132
3591
108
1390
232
1170
1630
3056
1928
1761
3461
3081
4812
354
3040
1274
1684
724
246
2867
2716
2730
176
3717
3252
1048
539
1058
4685
1074
4537
3194
3209
1249
1505
4591
873
3027
261
1414
119
4619
4718
3587
3929
3693
2564
1108
4237
1706
1427
1219
796
1151
1441
2972
891
339
4806
129
1432
3781
1836
1404
1958
1916
2155
1715
3538
3284
1530
4874
1787
418
4769
1335
3072
1702
2951
4694
1346
3867
3714
4938
2216
3479
1416
3506
2440
3616
851
260
4954
1557
2674
1121
3262
1750
2907
2558
2536
3275
4382
2778
3346
1561
4680
1256
3979
1344
515
3788
3027
1933
2879
2577
284
3345
1140
3778
4297
4888
4402
4907
159
2936
612
1547
769
1377
4451
2020
1460
3254
4957
3780
607
2483
1535
3286
1042
2504
2150
60
1811
3198
1156
1532
4098
4270
1772
683
838
1702
1220
1115
4392
2485
3655
559
245
1626
2542
3777
3196
1576
3733
3548
1414
1826
1293
2890
2896
2638
2137
40
2145
703
3195
1885
3698
3064
4377
116
450
1932
1818
4618
2852
1215
2505
4488
565
395
3357
2429
603
4582
1575
415
3251
4089
3162
1439
2434
284
493
1728
179
4388
769
4858
4597
4200
2574
4353
1618
3537
1211
93
3159
2061
1624
677
4456
2127
2157
3422
3868
4164
1620
4640
3342
1475
3509
2445
3758
633
3143
4733
4202
338
2284
4347
4333
4843
416
3783
2020
2440
4583
4276
3261
1690
3341
4176
567
2886
4731
177
1095
4985
1661
3302
1208
2853
3639
4312
2284
4145
2177
3341
1192
3749
156
3620
2568
610
4937
4506
1208
1401
573
1785
4609
420
1375
3695
992
1853
1377
62
2921
3842
3786
3554
2295
4332
841
2117
958
4315
3862
3064
4900
3227
2518
3563
2170
31
3685
4394
1917
4320
382
1900
2268
3881
2626
3757
2029
364
3685
454
2876
509
3682
198
3115
1349
1280
157
3770
4126
3379
2244
4845
1657
3248
2966
775
1177
4464
1524
2219
4882
1234
3473
2604
2615
4998
529
2508
143
1366
1458
1384
2357
828
4192
1357
4335
3608
1132
735
3470
4264
4582
2368
3696
752
3525
1639
1856
1537
1104
1531
784
4317
4421
523
4639
4435
3032
931
309
191
170
1567
3672
4086
1348
3933
4054
3006
2149
3906
3068
3088
1293
1346
1571
1270
788
626
3881
449
2410
3358
3764
3937
1312
2959
4791
4029
1587
4870
3760
4288
4037
3263
916
193
4781
670
2761
504
1201
2774
3564
3118
941
281
596
3805
3489
4895
4427
4838
4700
1831
201
2429
980
3532
552
741
3789
225
1803
635
4075
1609
2869
4911
552
4209
3780
2635
2288
1123
4568
1494
4766
2625
2493
4657
3523
663
4786
1692
4160
853
45
4564
1511
1839
937
4021
3213
4315
4999
306
4504
3004
3655
3647
2671
227
2781
1601
676
4388
3698
3240
3032
2706
1359
458
3586
4730
4370
2129
1595
3693
944
157
4067
369
4967
4517
5001
572
3452
3913
1807
352
1512
4648
1728
721
2694
2050
130
3732
2567
4385
1821
3978
3237
3938
4356
4140
4025
1604
2162
1239
689
679
3874
1381
2061
1274
871
4227
2904
2827
3782
4483
3357
2187
4378
4836
1972
4547
1039
4634
811
3022
509
531
97
10
1178
761
4363
2959
1157
2555
56
3467
4787
1826
4487
3236
1251
1726
1495
76
3313
3749
1200
861
4829
3712
2573
2985
404
1276
2887
3284
2489
2513
3265
2935
214
4531
2881
4473
3037
2912
3708
857
849
4496
2916
1428
4392
3226
2462
2515
4784
156
4060
975
2243
3642
205
2428
1940
1881
55
1067
32
2739
2292
4000
4054
3901
4336
412
28
4790
3156
614
4355
2688
2468
1232
3327
390
1895
2869
382
2509
3245
940
2229
966
1265
3770
2234
4209
1201
3621
4680
4965
361
1755
2661
1253
2195
4008
3188
4145
2252
2714
2898
4687
4705
2184
1670
4884
2363
70
981
4918
3435
2913
3251
4570
254
1637
4134
173
4520
391
4804
1464
4352
4518
4617
3392
4918
4104
516
4517
1485
4472
1182
4557
184
509
1575
1155
4924
651
878
1494
2843
3070
221
2771
399
161
3102
4046
2589
2415
4710
1639
2203
4142
2006
4231
4325
3694
824
4872
1315
958
4408
958
2826
3538
3415
917
2925
310
360
4754
2339
3961
135
3347
2330
3647
965
980
3634
4479
4733
1674
4237
4727
977
4172
130
3788
910
3518
4832
3236
3605
4826
3279
4845
145
1798
1256
2024
4563
270
965
3520
361
979
2143
697
3059
2336
4585
994
4119
2128
3329
3601
3711
2589
1150
1127
4042
4625
4987
2213
3730
4595
1086
99
3031
1766
2366
3110
2278
4054
4485
3906
2296
2497
3521
404
653
4322
2367
20
2809
2076
1494
1796
3047
2558
1334
2716
4092
2968
3467
2934
638
3017
4117
259
1974
3477
4435
3717
4884
740
4258
576
3345
2691
2779
4533
643
1869
1099
1383
2152
1054
1614
1151
792
1901
1066
423
4268
2625
3858
2441
1833
4805
2967
4423
478
2015
4912
3967
3914
654
4529
1873
2701
4686
940
2826
4877
3074
3461
4772
4257
4241
3252
2527
2069
3200
931
1870
2551
1825
4989
2123
789
799
2798
3536
2958
4994
3595
2177
2935
2764
2284
3906
1913
1314
1989
1219
312
876
4426
1868
4842
786
3862
883
968
4293
4999
2544
4961
3706
3950
639
2964
619
3157
2847
3167
1384
4094
3900
4793
3497
1923
3172
2133
3672
154
335
4997
2356
2870
1853
3430
3685
3902
2074
3765
3060
14
469
243
3052
653
3504
4779
3558
4561
2802
622
4976
119
4565
1954
2708
4672
4856
2807
3332
2422
480
2476
960
2793
4024
1856
2733
1321
4954
18
1229
2672
975
1473
4669
2991
4964
3899
1259
969
2087
2815
1633
945
1798
4572
1731
4600
1705
4623
1725
4139
2340
1905
4940
85
4546
1897
2093
2176
2882
2168
2455
2469
1775
1419
2016
1362
4273
2342
3595
1663
1130
2587
4383
4398
1758
4741
3813
4213
2506
2979
4425
3063
3524
938
1611
3154
4573
2436
3634
1194
3881
3513
2407
3255
1911
226
3100
4023
3744
4788
1214
4132
4013
4182
2976
746
2844
2615
2365
3791
47
4972
801
2298
3696
3120
4060
4004
2908
4092
674
595
840
2850
219
3213
151
3476
2188
685
3373
518
3843
1724
612
415
4464
1155
4769
4585
4387
2688
3369
2937
1575
2264
3163
1932
2585
614
2762
1858
479
2524
3784
3457
4415
3383
1318
3164
4576
2707
387
3751
4122
1756
3554
3407
414
2035
1343
3961
2790
559
2032
2307
2505
4531
4036
1029
2818
4293
3989
2629
3652
2211
871
1157
2453
227
1685
3557
2759
1732
4538
2038
1756
4200
2146
608
2774
846
4184
3983
1814
3801
1505
369
805
259
4506
4042
795
4309
4150
3829
3849
244
1731
4860
4033
1277
967
3861
714
1896
142
700
4044
3870
968
3801
1686
579
4615
4425
4176
950
2134
2339
2920
3001
4675
78
2949
4661
3083
2090
2011
1866
2686
2313
2441
283
2731
542
370
949
1626
3767
815
4452
2964
807
2740
4048
70
4347
125
2971
3417
3737
4818
118
1320
2611
925
3094
3568
4119
1357
3468
2072
4157
4846
4744
672
3852
4112
1104
4781
2685
1359
1051
3134
2392
3212
2234
2164
431
4042
2033
4671
953
2478
4103
362
951
1114
2646
1394
785
1875
2809
2612
4879
4013
3803
1921
921
1980
974
279
36
202
4735
4987
2755
3121
4949
3813
4873
4723
3718
308
1298
1346
734
750
4108
2547
1386
1588
1697
1890
1781
3417
4744
2256
1644
2767
1603
2131
4253
4724
2936
4432
935
4312
4050
2695
2567
2608
3495
4437
3762
4834
4109
3078
2518
1062
104
716
3019
1019
1854
3129
1594
510
4811
1999
1852
2386
3573
260
676
962
2789
2092
1335
1868
2226
2838
1053
323
4806
2345
2942
850
1053
3333
2639
426
2844
3200
2485
2482
628
2630
775
3152
507
1057
2657
2662
4500
2568
337
184
3261
2872
4351
3071
2595
4356
3390
561
2414
2055
2806
389
4722
950
3101
3654
4909
3433
1852
4164
4836
3964
4796
3065
817
4888
534
3201
2476
4298
4440
1568
3459
3610
2563
1074
4710
3320
3571
2705
1273
176
4376
3210
3126
2806
4473
931
360
4131
3424
4796
1706
4060
2894
4201
4753
395
2569
2059
1302
1055
2717
343
652
4178
105
3249
4627
1505
245
3856
355
2543
2293
1797
3203
3393
1801
3613
4219
4313
118
3950
1587
3640
1467
