124
13
139
93
167
69
67
79
53
62
41
42
45
14
116
120
83
179
123
29
34
138
94
103
144
128
162
86
184
0
164
88
87
60
13
37
40
153
31
47
21
71
46
109
167
14
40
88
35
11
50
111
105
10
72
4
27
155
41
84
37
23
77
12
146
195
106
51
50
157
43
70
122
151
47
47
209
20
137
66
171
167
70
76
182
175
83
68
79
34
12
66
153
5
42
191
196
197
117
154
168
181
73
160
78
135
18
184
24
202
13
117
163
197
208
13
137
58
85
18
97
139
160
73
156
162
151
33
49
7
60
107
170
149
18
150
67
161
151
201
45
18
39
58
197
138
194
151
102
134
2
29
118
137
146
125
78
137
73
89
139
65
32
32
203
180
131
69
55
192
58
122
9
172
118
131
137
21
28
87
99
130
91
139
27
137
49
152
35
122
95
201
175
161
195
209
103
43
9
88
103
24
119
107
18
128
160
172
9
106
177
172
162
207
54
116
195
69
29
195
172
32
42
33
96
167
162
177
156
209
120
16
191
8
161
4
79
180
48
48
161
50
25
30
114
107
25
177
67
150
56
28
147
156
18
129
175
163
41
68
115
27
185
126
19
80
172
7
131
208
190
124
205
195
71
53
203
150
34
128
1
133
124
133
111
30
33
36
203
148
105
175
135
5
35
44
204
203
149
174
99
143
137
117
71
199
160
112
92
149
42
85
161
4
103
138
90
206
9
2
64
171
16
79
161
9
149
20
188
44
118
45
130
83
139
57
24
68
169
129
195
195
45
65
91
191
26
89
206
197
62
144
157
73
192
201
174
52
121
42
76
10
140
68
176
74
165
21
142
37
131
97
116
198
196
53
68
50
31
85
116
161
144
33
184
87
168
93
201
102
207
93
190
108
36
81
176
90
36
180
25
43
138
195
94
120
182
62
163
119
84
87
117
61
27
74
77
38
193
189
71
160
49
57
84
6
0
130
181
146
74
7
17
68
187
163
59
52
96
25
115
181
20
59
159
22
49
67
208
117
54
29
179
166
43
16
9
9
101
185
14
151
200
39
68
200
97
142
144
1
107
58
129
174
111
139
193
165
13
29
127
193
197
1
57
41
138
122
18
77
3
16
174
202
44
178
121
79
176
150
16
9
165
110
179
25
191
2
200
155
22
162
10
131
131
179
70
155
103
200
151
24
63
169
99
197
13
142
54
94
134
141
150
178
199
81
146
84
173
20
3
18
50
2
44
76
44
155
57
200
172
67
117
173
125
119
63
108
162
66
117
190
197
73
73
95
21
47
112
0
8
99
28
145
164
172
98
49
154
121
208
61
194
167
152
34
144
128
98
173
75
201
2
150
42
69
26
111
112
8
137
62
197
99
142
157
111
95
126
209
42
106
99
11
54
206
140
100
49
193
28
2
160
188
208
155
160
17
15
85
152
134
28
193
63
162
102
184
135
74
37
203
28
24
31
38
46
110
122
67
51
156
54
133
79
187
166
24
181
185
134
101
185
115
152
8
71
112
167
134
20
35
83
25
26
94
17
2
32
191
99
122
206
40
196
105
59
106
51
113
61
185
79
126
48
36
133
124
189
84
129
4
16
36
56
108
107
141
20
75
121
72
149
80
95
116
79
122
107
137
26
138
136
127
195
64
155
127
58
83
122
99
186
140
34
128
4
143
165
205
110
194
188
120
156
101
84
1
42
193
153
55
28
92
162
177
61
42
166
139
151
91
52
194
62
76
30
23
120
194
207
197
184
13
97
80
127
47
33
139
33
54
33
168
22
115
126
45
91
113
209
192
169
96
8
193
44
157
20
97
70
53
17
30
9
192
129
154
204
18
86
170
90
69
29
113
17
6
183
194
3
166
87
82
106
165
138
73
171
132
45
172
107
37
199
116
182
160
179
177
126
133
171
182
169
135
208
189
125
86
173
187
55
81
206
90
121
193
46
81
98
42
185
9
133
43
142
5
167
146
73
28
147
53
94
103
83
193
133
148
194
175
36
159
74
170
95
29
137
52
159
71
55
187
146
101
138
158
138
93
28
69
163
9
48
175
32
4
89
58
143
1
117
2
127
74
135
153
28
51
158
68
187
28
129
18
164
10
65
135
113
130
65
151
105
154
36
6
1
4
20
148
208
77
70
42
134
108
49
202
64
4
8
79
146
105
107
43
7
11
132
208
193
74
181
165
27
95
93
70
7
199
96
142
103
191
51
106
197
100
22
104
115
67
116
3
5
70
49
133
99
188
76
79
72
52
110
53
190
99
19
109
152
25
202
9
124
104
175
137
98
177
194
165
162
121
205
72
174
161
88
52
8
27
95
40
109
177
40
32
187
45
209
141
186
155
148
148
96
90
122
79
107
10
103
59
203
66
66
163
198
145
67
54
65
194
209
160
19
206
48
136
132
176
110
139
152
119
96
47
63
99
128
117
120
37
48
15
20
24
105
21
161
172
90
53
40
162
155
1
44
202
175
14
63
22
6
86
111
204
52
37
201
183
194
62
51
24
45
23
57
42
4
201
36
97
190
203
8
35
80
105
151
148
1
166
50
157
127
112
195
159
24
160
202
52
58
115
72
46
125
91
132
29
22
181
62
6
25
174
134
2
85
26
202
187
168
2
44
201
82
73
134
70
182
68
45
170
28
14
90
19
3
28
188
171
0
84
198
88
0
95
99
70
178
177
165
18
17
148
177
53
176
5
163
54
93
83
97
117
108
155
120
89
25
15
79
192
189
36
103
35
125
122
119
79
181
67
43
126
193
104
154
168
69
66
113
9
29
192
19
142
199
6
143
121
128
27
198
123
28
17
170
48
160
206
137
126
63
98
144
200
177
88
103
94
45
207
76
201
2
49
136
199
104
137
25
22
98
144
55
77
98
53
120
15
176
26
87
199
30
171
21
146
38
127
138
45
130
93
190
153
102
92
5
17
57
157
4
165
166
125
86
74
75
22
80
56
126
79
199
109
82
10
92
86
77
141
200
168
151
124
69
160
73
85
160
89
131
60
111
65
178
148
58
115
70
101
189
165
152
117
176
165
55
195
29
66
156
60
88
89
48
21
101
183
54
58
61
64
91
110
135
128
43
36
124
201
60
52
176
128
68
151
143
200
164
203
121
55
96
57
208
91
27
209
151
113
207
162
37
83
27
144
113
150
160
153
24
159
178
183
46
168
198
105
85
120
5
78
155
169
105
96
103
174
137
73
149
71
97
48
174
80
61
69
68
161
194
43
170
18
200
14
198
47
50
0
115
171
94
67
140
186
93
206
63
186
129
199
196
198
13
208
6
12
172
132
152
26
93
121
131
149
54
201
72
45
30
146
41
100
200
159
25
159
132
78
185
134
166
208
0
69
54
15
15
9
169
60
33
183
4
181
184
55
24
182
140
23
109
165
109
162
160
158
109
204
58
37
51
82
5
19
46
25
31
161
79
25
44
166
22
176
209
208
131
52
91
96
165
183
175
142
123
10
81
181
184
208
53
64
4
73
132
80
109
125
190
156
97
18
7
67
20
148
14
91
163
141
12
189
121
3
207
173
17
66
73
122
128
145
81
0
158
118
122
21
40
72
54
2
93
191
82
61
145
148
195
166
45
135
13
27
55
153
157
95
194
152
3
120
149
62
29
18
26
76
36
149
74
82
69
64
3
173
117
75
59
20
187
155
101
173
90
49
113
28
157
120
171
82
76
159
194
85
166
168
93
120
20
105
184
51
27
33
63
162
83
56
137
145
146
12
177
154
177
114
139
31
24
74
106
48
209
145
204
98
75
103
12
24
39
27
95
46
155
52
35
150
100
199
60
193
156
108
161
1
6
156
90
196
38
59
72
71
151
46
90
76
115
68
92
139
111
183
62
148
98
27
200
109
117
130
89
182
12
79
105
52
116
50
139
153
192
90
103
0
19
129
121
161
189
176
66
129
20
191
95
176
178
132
125
133
60
81
104
107
170
103
112
80
28
207
124
147
172
111
42
127
57
160
80
71
101
34
164
111
61
152
164
27
1
94
76
178
55
171
121
193
118
190
125
102
84
163
204
165
101
82
151
159
164
166
5
100
60
42
175
209
22
147
56
176
107
40
150
6
116
152
30
127
54
29
121
9
128
200
44
93
108
81
116
98
19
16
132
123
157
71
13
120
153
177
163
91
41
1
150
147
38
52
106
43
143
200
30
112
161
63
39
44
200
98
93
121
145
80
149
144
131
132
109
117
207
82
81
184
188
37
94
193
83
63
109
49
1
52
9
59
206
79
152
84
159
61
204
8
153
77
17
1
180
207
64
67
31
8
100
139
203
131
6
52
198
163
173
141
56
197
98
77
25
175
82
99
87
105
169
55
75
104
81
134
108
196
198
40
53
89
49
133
199
4
43
192
8
45
111
153
182
108
208
25
73
22
112
186
90
179
119
190
29
97
11
48
143
1
162
28
206
203
52
156
127
66
120
108
1
9
142
164
111
143
133
161
194
13
178
22
147
139
37
148
101
8
117
158
5
171
36
68
14
109
51
154
167
152
188
178
8
88
90
87
195
58
21
10
100
42
204
27
207
183
195
34
181
92
184
41
198
79
73
189
141
62
205
199
50
77
101
15
149
51
158
116
64
43
193
175
131
163
205
6
161
188
200
42
159
158
82
188
74
105
80
56
33
205
209
67
23
140
72
102
128
175
94
20
203
81
29
143
32
47
20
184
148
131
85
198
118
202
138
124
134
30
75
123
84
58
203
124
42
30
177
137
174
162
204
20
57
14
63
74
133
137
77
104
60
98
41
116
203
39
114
87
161
12
107
44
54
40
74
40
9
142
81
200
164
114
117
101
130
25
187
71
118
135
30
89
84
106
169
209
16
115
143
85
1
68
41
61
142
106
161
188
11
166
202
49
44
104
99
150
135
121
30
163
169
193
197
126
73
138
23
30
209
1
34
78
90
15
139
11
22
50
191
111
173
110
3
154
105
54
105
166
172
156
78
1
3
82
20
134
10
80
64
114
159
209
99
69
89
17
10
141
153
141
206
192
117
100
103
112
206
190
158
61
65
99
189
125
170
116
3
59
194
202
202
207
166
174
21
108
143
62
27
39
45
101
150
180
133
107
154
101
84
54
137
145
100
199
34
109
153
70
126
191
138
200
3
147
10
95
60
152
18
190
185
43
133
55
15
153
186
142
205
31
120
8
55
104
65
37
57
73
134
123
110
126
7
96
176
163
43
84
9
180
36
107
19
158
28
53
65
22
173
196
184
6
93
32
200
79
149
48
29
118
39
174
141
186
38
184
72
146
125
170
199
52
137
153
46
146
116
64
204
157
208
131
187
94
63
205
151
92
51
206
139
72
50
160
199
177
140
94
79
54
116
66
131
158
152
80
173
18
179
79
185
76
29
8
73
182
154
94
1
33
158
201
120
67
100
171
26
160
34
183
57
115
97
152
5
67
208
47
6
96
119
23
150
61
66
74
171
18
115
120
203
10
42
141
21
12
29
155
16
18
58
159
13
167
139
138
30
6
39
171
145
36
44
106
85
8
129
77
178
138
144
171
187
110
97
100
126
103
114
145
118
35
53
37
89
64
39
171
201
29
58
181
68
57
174
199
163
170
21
72
178
98
185
16
197
115
97
101
141
3
66
124
74
97
170
88
167
189
184
55
190
177
159
175
121
92
165
134
93
150
167
135
75
49
189
155
45
153
150
145
99
130
59
106
141
25
147
114
77
13
162
72
171
134
139
25
101
165
10
127
183
109
190
21
122
147
149
188
123
191
136
209
26
184
169
55
197
2
74
110
103
22
198
127
95
171
71
37
81
178
66
52
167
170
158
119
45
92
208
172
148
102
133
206
87
78
126
32
96
30
169
32
13
186
43
147
70
32
4
16
194
9
101
188
141
164
129
17
18
113
189
134
98
172
75
182
169
91
174
138
142
186
108
75
77
189
124
136
208
46
164
88
92
103
16
185
110
154
129
66
71
127
155
11
137
73
204
82
111
0
63
144
208
72
79
182
206
35
41
104
37
118
45
204
111
177
67
111
158
78
34
36
163
89
21
27
87
149
19
49
176
170
159
189
61
165
124
155
206
63
204
9
26
90
35
67
198
5
196
201
129
133
12
52
141
15
201
193
109
18
43
38
69
109
207
89
35
204
183
168
194
182
157
98
53
149
186
165
110
3
35
105
53
104
204
144
192
117
3
35
127
145
10
44
112
175
84
129
179
62
199
152
38
107
191
152
37
127
202
38
88
10
168
162
168
81
9
27
158
199
199
74
14
185
67
94
48
179
62
2
151
68
137
63
95
156
203
1
69
60
136
20
95
138
185
112
53
107
64
154
109
9
7
129
53
35
32
74
84
62
200
157
113
203
95
22
153
185
182
69
186
113
28
107
42
179
24
66
194
29
49
37
135
113
20
39
6
28
152
139
136
112
42
161
42
97
103
176
79
120
205
184
40
128
84
95
113
36
111
163
16
179
68
69
209
19
111
207
203
166
192
36
164
130
76
38
110
158
13
133
158
45
173
193
58
32
87
119
102
145
151
190
82
132
142
6
92
126
146
117
54
130
110
44
51
128
125
14
6
108
83
133
102
112
128
67
92
134
58
29
205
57
108
191
66
34
9
117
157
169
208
3
161
143
67
180
131
8
143
169
74
89
11
49
123
75
99
47
60
157
119
194
181
118
42
166
68
46
61
168
93
21
92
90
189
182
200
165
49
81
96
144
71
0
59
163
135
119
97
206
165
62
140
84
134
114
2
59
193
73
41
73
130
119
112
173
18
6
123
15
75
129
23
191
186
169
197
46
60
112
79
170
142
192
153
86
113
124
198
121
128
128
187
96
109
60
209
110
148
69
14
42
132
81
145
138
40
18
71
170
47
17
133
183
183
118
95
92
33
194
200
130
19
165
77
32
114
16
90
202
30
156
148
18
59
74
188
66
20
174
76
0
8
62
132
198
134
58
192
196
115
137
6
175
183
32
56
103
31
42
136
116
73
76
38
1
81
117
3
40
7
171
163
120
176
81
101
75
61
205
167
84
179
57
41
44
15
61
197
36
43
99
112
23
6
44
45
96
181
199
67
49
180
45
27
85
89
100
39
120
60
60
66
147
177
56
16
90
27
88
32
13
19
130
147
87
14
149
28
17
106
171
155
27
148
179
152
144
168
3
149
17
7
113
198
117
51
156
143
178
43
182
114
31
177
46
158
117
52
21
50
41
28
145
26
187
60
195
39
193
53
125
71
188
171
10
55
182
67
149
19
4
161
13
96
32
172
180
92
93
124
61
192
90
29
6
75
147
206
49
153
84
60
31
97
62
13
188
107
65
207
35
2
103
167
27
154
147
195
31
35
85
169
157
112
9
166
91
63
36
154
16
165
0
161
1
101
136
182
209
74
29
15
186
138
150
21
148
174
158
64
17
137
16
142
129
137
150
164
103
145
119
181
159
134
139
148
150
198
84
68
162
42
73
160
7
2
123
174
148
110
178
182
6
85
34
33
24
195
172
50
2
71
22
113
80
14
40
38
164
205
136
171
117
199
134
11
40
80
62
186
190
14
126
168
5
203
48
3
99
60
19
145
168
166
103
141
61
160
41
20
73
206
178
137
74
120
63
180
61
53
159
89
148
100
11
10
102
70
53
176
192
81
168
69
208
108
94
116
79
114
102
92
172
43
176
67
60
108
78
92
79
126
184
71
142
3
57
73
113
35
150
196
173
32
8
76
6
184
30
15
65
195
72
135
123
119
37
74
128
125
142
109
5
130
63
161
149
35
19
146
38
102
128
34
208
108
82
7
114
178
154
155
141
95
75
147
170
113
124
2
28
121
77
157
175
154
39
80
136
53
22
136
116
57
6
44
131
48
173
60
18
201
159
194
3
123
106
116
192
174
0
124
102
86
199
183
78
175
56
148
7
25
190
106
185
48
84
8
176
208
147
151
38
57
174
57
149
181
127
203
160
99
36
94
153
61
145
3
139
109
10
188
106
159
139
179
116
111
116
182
166
195
145
167
74
0
12
11
159
83
187
8
106
80
78
40
176
88
145
52
120
63
114
1
122
80
205
137
113
64
8
14
159
56
117
203
20
180
125
167
196
25
176
207
33
152
57
67
176
170
93
53
206
109
94
11
21
145
18
128
187
7
105
149
130
176
177
197
156
88
123
200
143
70
30
183
194
83
127
150
187
16
58
54
18
114
160
19
72
147
4
127
11
89
90
178
39
142
118
175
54
62
19
40
190
187
54
134
121
109
197
127
27
98
153
113
25
40
161
136
0
112
83
73
113
5
197
194
154
198
126
87
198
10
24
138
206
87
34
63
79
72
35
184
41
144
5
130
121
117
145
182
73
160
145
145
195
43
188
136
126
35
204
140
103
134
128
151
2
155
180
82
179
103
140
119
120
3
50
154
88
140
91
39
190
147
16
59
120
118
24
15
104
204
22
159
104
54
90
206
59
148
37
199
164
116
6
200
204
9
64
26
178
135
13
172
147
10
186
181
137
67
161
170
12
175
157
166
142
102
122
30
198
132
102
194
15
195
163
181
14
183
185
26
115
25
111
136
121
61
57
56
186
35
122
21
129
66
33
164
167
154
183
2
90
195
149
92
48
143
90
29
42
80
9
181
102
7
166
189
32
58
57
61
83
76
178
151
156
202
189
170
99
79
158
59
186
205
168
123
104
63
101
180
163
189
22
80
103
100
189
48
138
91
124
98
51
203
38
133
84
177
121
156
81
142
23
19
116
207
122
53
196
37
29
22
42
18
131
168
97
204
148
139
209
63
188
1
194
182
50
150
127
5
35
155
127
86
191
179
105
192
19
108
91
182
4
79
188
125
103
6
15
142
189
119
113
69
58
182
123
46
176
131
99
10
68
131
179
55
199
108
94
142
174
133
173
141
48
201
171
30
128
55
90
174
128
146
207
68
105
127
191
85
198
43
137
209
128
25
56
45
144
191
116
95
3
18
6
3
111
79
206
74
65
118
10
4
42
29
19
50
16
43
185
92
182
27
145
150
35
167
209
115
18
51
164
163
136
92
207
202
143
117
137
184
79
29
50
103
158
196
20
90
138
48
203
11
197
112
171
109
155
49
32
78
2
155
2
8
27
170
157
186
113
60
177
127
158
155
51
35
182
57
167
140
121
138
189
156
90
14
133
76
27
92
133
115
0
156
96
21
58
35
39
181
169
74
186
166
114
147
130
92
169
209
147
130
155
144
113
64
113
69
131
38
66
94
28
35
121
166
132
57
186
26
109
133
98
89
24
142
24
17
77
152
91
109
31
41
54
108
40
146
71
131
35
192
101
161
36
160
148
122
125
23
117
184
15
65
38
208
4
55
96
171
122
176
186
77
167
125
49
157
5
19
199
128
14
29
162
93
72
29
24
109
187
103
164
107
137
139
167
14
5
145
192
156
148
41
146
82
102
166
202
131
112
86
209
53
209
14
94
147
103
102
31
41
111
209
107
182
173
166
128
0
117
101
67
175
49
75
170
189
29
84
178
172
123
185
30
205
112
66
54
142
177
32
59
26
203
101
19
70
102
76
199
185
198
81
62
190
55
101
12
152
17
72
103
49
72
65
108
53
171
94
19
111
98
27
155
72
73
83
195
155
71
132
39
125
83
181
55
24
132
10
131
104
93
112
68
125
12
152
48
50
14
185
184
128
23
106
49
155
29
67
120
81
199
140
1
127
86
188
55
37
123
118
101
110
47
68
16
114
65
93
52
178
138
70
134
139
189
139
73
130
112
181
191
203
199
18
41
19
114
187
54
39
96
206
50
166
136
118
154
7
6
56
135
5
196
125
167
166
41
107
93
15
102
198
43
161
209
184
83
18
204
140
105
25
208
24
78
191
32
199
133
90
94
194
59
99
53
37
71
104
150
13
80
185
39
173
98
87
82
177
114
17
209
44
175
143
16
142
203
65
24
70
45
55
191
68
28
51
5
52
47
42
30
166
50
44
36
209
187
81
70
152
45
114
151
171
125
45
155
126
74
117
62
145
112
78
36
137
168
116
156
177
40
64
115
209
110
47
64
84
107
80
194
75
151
148
5
37
28
133
161
2
87
175
158
100
148
130
188
171
71
44
94
154
183
104
174
22
81
169
19
176
8
197
63
169
177
156
75
170
129
105
204
59
196
54
71
55
8
49
69
122
103
123
169
94
164
193
67
26
127
192
181
188
38
88
198
197
180
128
33
25
97
158
46
61
84
7
164
85
128
60
182
172
5
136
76
24
162
10
114
142
135
9
149
118
0
149
36
88
145
142
59
182
13
163
135
127
84
200
158
186
172
11
46
167
155
162
148
35
70
44
99
173
124
24
151
72
25
69
71
74
36
35
156
29
107
172
187
78
156
110
91
195
13
12
6
195
59
26
54
30
113
135
20
177
48
106
96
46
182
42
100
99
100
150
94
28
37
3
42
132
146
5
78
87
17
11
141
145
1
68
57
205
149
2
9
187
65
148
55
80
159
69
91
149
48
129
15
110
126
14
182
185
171
26
79
188
59
189
139
41
125
141
28
26
199
28
47
13
101
68
76
202
140
184
5
160
51
44
74
63
154
141
60
85
163
98
199
182
90
138
19
160
195
111
136
98
53
98
60
28
195
38
158
75
182
158
196
159
12
159
147
54
145
30
54
113
86
97
24
9
69
126
52
151
179
195
117
86
41
101
27
113
203
150
122
98
137
77
62
86
66
57
40
34
166
177
73
166
65
27
48
24
209
5
16
37
152
183
176
186
193
144
206
10
85
140
55
178
49
18
193
66
209
24
111
136
149
37
151
98
121
205
170
19
169
123
194
84
200
114
163
94
209
49
10
118
189
77
26
73
66
128
196
28
137
113
22
34
28
4
6
69
192
173
155
107
96
81
61
103
91
119
162
60
182
62
67
115
131
91
97
159
135
200
28
96
46
146
93
1
147
148
33
180
129
84
144
100
25
50
156
12
95
192
52
193
59
181
145
47
135
201
174
137
179
155
131
124
51
66
154
198
171
50
158
134
93
142
91
3
124
186
201
65
144
151
51
141
189
208
73
52
176
133
65
20
9
110
33
115
59
175
194
100
37
39
166
40
66
142
38
153
196
96
143
194
50
201
149
47
5
132
74
99
55
63
96
16
117
162
40
84
140
184
188
73
158
150
3
69
12
166
84
16
178
6
199
198
99
141
134
80
129
10
105
58
100
93
94
148
128
91
102
76
36
82
151
67
203
192
195
160
115
202
65
92
95
140
164
72
184
183
88
92
205
19
18
201
139
189
84
26
54
41
173
177
54
91
197
15
79
131
180
149
71
209
193
206
132
189
37
198
112
27
94
136
156
24
165
79
40
2
159
182
77
10
159
85
84
145
19
26
52
71
12
198
163
54
77
56
78
0
158
188
98
88
54
45
78
70
60
129
112
48
136
82
193
45
95
137
168
97
133
144
203
186
124
127
44
129
128
112
4
150
29
185
108
83
15
65
97
57
152
199
108
173
65
17
62
119
41
36
124
6
20
85
83
176
10
126
14
190
205
193
106
183
31
27
118
191
129
70
204
43
187
7
42
121
78
140
158
7
90
61
192
188
198
156
166
60
27
136
158
14
84
0
177
102
15
174
48
87
20
160
123
68
134
51
78
163
54
10
52
99
147
99
24
32
26
10
76
189
102
142
12
198
206
108
72
193
112
119
8
180
7
82
42
109
109
128
26
186
109
75
114
208
171
19
77
102
71
0
198
85
147
14
77
197
188
202
173
46
156
164
124
89
11
144
30
150
17
141
120
79
141
209
54
164
158
167
35
137
54
117
180
73
32
96
172
95
108
204
107
193
78
29
59
148
8
102
191
33
157
190
111
56
100
70
131
78
117
136
73
37
87
19
182
149
206
44
34
86
38
186
146
73
105
205
100
62
114
100
194
71
13
59
31
69
70
96
5
83
198
6
171
161
23
44
49
178
69
76
173
38
22
12
171
22
125
109
75
78
150
0
96
31
208
165
84
65
48
127
139
79
127
119
0
5
26
167
207
22
70
170
79
135
127
64
196
109
133
178
41
90
207
128
118
191
102
103
107
129
198
28
37
4
103
204
80
61
20
193
92
21
128
66
151
138
111
73
21
164
83
113
159
32
209
31
29
15
31
23
21
70
182
92
148
152
32
68
111
116
151
194
162
92
5
61
116
164
197
28
156
161
90
45
24
188
55
157
41
84
107
182
92
128
30
18
3
139
117
167
206
186
142
10
51
188
201
64
166
187
54
129
187
108
164
80
125
156
39
8
5
186
131
111
117
92
187
197
113
190
203
128
42
24
32
187
10
160
131
36
38
22
100
84
141
183
186
48
22
68
121
125
48
25
177
203
5
168
106
27
182
36
73
18
96
58
93
114
109
135
185
17
149
62
25
117
53
42
81
38
178
24
184
209
163
136
15
205
14
100
79
188
173
88
125
36
34
99
2
160
48
205
160
96
71
178
114
207
177
37
169
105
200
66
87
28
63
83
124
26
45
153
176
120
31
64
43
206
57
6
148
208
75
201
89
67
112
2
19
42
181
119
147
192
88
134
118
90
21
123
63
2
18
85
104
92
104
90
192
12
28
100
49
110
156
200
42
12
137
198
139
80
166
79
33
2
80
151
38
146
116
93
178
107
168
8
176
56
2
43
11
203
27
196
89
195
155
59
108
175
141
149
41
172
53
148
42
124
174
81
62
91
113
197
49
86
165
161
31
5
56
171
144
196
169
202
141
98
23
118
62
70
48
62
41
25
204
89
94
121
125
9
9
164
137
38
107
69
73
33
110
15
129
90
160
122
187
176
106
20
60
37
114
174
126
66
42
157
62
26
5
110
11
198
123
6
71
183
90
10
142
83
69
180
192
208
205
129
61
147
203
166
192
85
134
128
32
110
3
194
163
198
71
103
6
20
109
209
34
94
206
165
109
169
42
111
27
59
144
122
155
175
120
194
33
61
38
150
117
145
56
78
82
44
118
162
19
20
115
14
116
91
189
2
83
34
174
87
31
102
39
96
105
160
171
179
77
195
154
5
155
129
3
137
88
48
72
11
54
163
171
185
175
32
58
189
17
186
203
12
197
194
68
47
72
116
70
25
136
154
178
174
87
202
63
24
122
168
49
3
144
142
63
183
38
166
125
5
140
51
119
55
175
40
192
184
40
145
194
2
80
174
160
22
192
81
209
82
106
77
192
135
147
57
59
172
35
186
194
39
173
87
106
69
82
193
144
61
134
13
56
179
8
157
118
190
132
79
181
128
19
204
157
111
120
77
182
195
44
67
79
58
14
10
155
130
174
126
159
137
82
161
6
0
9
114
51
70
158
72
106
204
140
158
20
88
134
60
139
14
64
13
86
98
105
114
115
34
22
81
160
8
38
136
150
149
4
145
60
186
35
44
17
112
62
61
83
202
160
124
195
135
22
16
204
99
102
75
145
139
113
87
62
49
111
17
169
164
29
190
64
110
93
3
74
55
153
60
52
60
131
125
132
164
176
94
141
68
192
166
3
166
161
147
183
51
94
93
172
207
184
21
108
110
67
81
129
80
203
205
16
75
76
24
25
73
83
141
10
170
205
173
79
142
82
175
171
54
78
194
138
169
43
132
176
75
74
108
35
52
89
153
95
60
175
15
53
62
10
110
165
12
138
152
29
114
83
108
144
3
46
190
103
67
97
123
170
144
200
197
23
190
78
79
136
26
42
156
101
100
24
202
140
120
164
11
169
133
50
34
188
69
117
33
39
0
167
20
179
168
186
169
102
188
151
39
31
5
112
2
13
144
126
195
160
195
191
100
56
122
25
58
126
43
27
35
128
104
147
161
40
189
126
136
141
59
103
24
90
188
203
150
127
35
160
37
86
26
96
67
74
109
149
165
61
80
19
133
6
145
110
163
7
201
8
60
83
66
148
76
103
51
22
158
83
179
61
197
88
4
189
161
182
183
124
119
195
111
181
38
95
39
96
69
10
30
195
29
108
117
134
69
99
28
73
19
172
33
55
141
30
191
143
93
159
19
181
20
199
41
10
15
47
36
203
199
134
131
90
172
110
81
100
91
206
1
80
121
186
31
81
153
3
144
42
118
136
128
81
201
53
115
96
197
195
141
0
28
67
165
114
48
189
87
91
110
74
130
124
194
23
113
71
70
66
144
0
97
162
54
136
49
125
173
137
105
32
110
184
203
133
158
103
203
182
169
7
36
86
90
155
193
10
209
119
123
7
143
176
132
177
11
84
15
59
79
67
142
123
109
87
97
5
81
85
153
29
91
113
145
167
57
159
173
159
102
68
114
55
170
197
198
95
101
191
20
188
30
46
104
198
158
39
19
170
202
52
104
19
197
209
40
87
66
128
179
15
117
53
2
19
122
184
185
106
62
115
148
174
127
64
29
174
149
92
159
72
11
23
47
131
14
29
104
173
76
117
193
196
128
18
92
103
181
126
77
152
146
41
131
202
158
20
172
178
171
144
58
46
6
70
145
41
58
176
194
106
81
137
22
26
77
45
5
151
137
39
119
124
84
139
97
38
131
31
103
201
26
180
107
118
181
61
123
54
161
173
156
156
179
205
89
39
175
105
74
115
144
134
15
146
129
105
12
123
151
133
177
149
103
12
16
94
20
147
173
161
58
39
62
144
4
52
209
72
120
98
45
164
91
145
117
203
68
91
53
140
72
112
7
164
10
155
201
30
71
188
2
85
57
197
196
15
207
191
19
76
128
137
120
101
13
53
168
110
36
139
19
105
87
110
207
92
125
145
41
19
79
167
21
27
164
141
87
97
145
160
136
169
166
79
180
178
149
178
48
148
30
156
207
29
36
179
175
114
181
44
156
200
164
203
194
44
41
205
9
92
101
202
88
161
92
45
109
59
174
20
133
148
21
85
119
126
75
195
150
107
118
170
51
189
58
112
8
64
182
95
62
6
167
157
190
78
93
139
199
71
139
103
5
23
113
156
110
202
57
174
102
104
131
156
84
111
37
105
26
196
126
19
162
145
0
2
132
6
137
98
120
166
154
27
36
100
185
62
105
159
94
17
26
15
200
108
127
92
195
199
155
125
25
45
165
184
186
102
185
55
200
60
108
155
205
94
57
87
187
158
156
8
6
74
19
191
55
71
14
5
44
136
32
177
85
137
28
5
60
39
44
129
13
76
78
88
23
151
187
165
105
6
130
179
156
154
92
150
83
173
52
35
138
142
16
151
79
81
90
181
126
5
182
30
33
126
81
144
208
123
155
39
21
198
189
10
87
137
109
179
120
174
72
85
158
35
74
25
71
135
189
131
109
92
167
89
64
113
21
93
127
8
40
147
70
134
128
36
48
123
42
112
95
51
188
81
172
179
69
162
194
91
31
41
182
6
114
106
68
178
60
101
69
126
174
46
1
39
60
173
14
158
66
100
67
51
170
181
133
111
109
111
4
148
169
149
189
183
147
173
30
154
107
203
118
51
169
171
134
130
194
194
75
136
54
46
175
125
64
198
82
31
116
60
68
118
142
1
144
81
48
137
149
128
175
123
47
182
118
131
104
186
49
103
114
38
8
204
32
64
178
116
75
32
97
173
157
118
93
166
124
0
38
141
22
38
169
113
13
176
144
14
47
9
121
40
12
13
206
199
133
202
139
113
181
190
115
127
165
95
81
53
207
191
83
48
61
205
42
0
12
118
182
126
186
171
135
46
35
116
182
41
104
191
85
47
16
176
127
100
42
121
139
196
129
167
97
200
169
81
1
186
15
144
205
150
168
108
204
157
178
85
5
80
125
76
24
14
79
3
33
6
106
113
167
142
107
49
190
46
182
148
72
89
178
78
203
41
59
148
154
144
135
157
161
68
78
188
152
116
82
112
1
161
162
167
135
191
114
134
111
139
118
137
186
162
170
78
163
110
2
145
53
62
14
101
193
103
19
70
132
101
33
48
167
197
9
169
162
119
26
0
106
107
105
138
77
187
108
31
144
146
42
149
198
100
22
113
122
135
172
5
136
136
68
79
67
201
81
5
130
135
129
48
171
150
195
80
47
98
17
43
20
121
191
112
132
58
192
208
33
67
17
21
208
158
63
166
112
19
110
93
129
151
43
14
6
33
20
16
104
85
62
50
36
173
90
110
165
156
89
144
0
41
136
107
97
16
24
26
172
105
175
4
29
168
143
151
76
70
23
194
7
49
182
11
82
85
149
66
14
184
96
9
181
207
197
48
21
186
207
22
44
21
15
118
163
124
143
114
143
141
17
151
5
80
150
7
127
165
48
47
135
15
200
51
114
132
9
135
98
182
172
74
91
85
33
53
77
63
114
168
43
7
16
62
83
148
29
22
172
110
198
20
17
199
81
109
116
6
144
2
116
18
45
160
107
109
28
8
73
204
12
27
37
120
135
197
19
0
69
67
122
151
134
51
163
157
147
124
191
46
6
147
137
15
93
42
176
111
5
80
155
77
43
206
204
150
63
203
145
13
73
147
91
134
202
164
124
75
36
65
65
195
60
201
3
41
145
144
5
163
187
10
95
82
105
85
27
29
127
136
66
7
68
126
201
121
186
63
85
132
120
162
84
205
111
76
11
55
81
20
41
195
81
46
5
139
59
30
17
164
90
162
83
157
154
77
119
141
87
75
90
34
153
150
8
206
44
177
107
193
78
151
78
55
3
78
143
4
134
26
42
46
86
69
33
28
94
145
143
184
151
83
93
17
9
140
156
148
60
194
30
135
61
36
188
89
42
90
40
129
100
206
117
93
88
28
84
52
186
146
115
107
94
68
13
152
60
78
10
207
108
39
91
73
201
185
119
134
165
203
185
167
25
181
96
149
107
90
83
187
102
73
167
62
104
41
179
43
187
208
29
14
88
79
133
81
46
92
60
8
152
36
172
59
8
2
95
197
200
55
128
74
166
75
40
94
83
131
160
137
63
28
151
82
157
195
168
107
66
11
135
175
88
35
35
163
44
78
78
168
87
18
197
80
125
138
54
6
146
106
120
27
58
79
179
86
127
76
140
97
163
182
161
78
40
115
204
2
75
9
162
173
58
104
118
118
133
188
153
11
85
10
166
196
76
90
163
10
142
56
29
101
93
161
6
85
192
184
33
126
91
19
28
160
116
183
113
14
73
209
115
3
179
115
83
183
62
71
41
187
56
153
182
195
137
153
168
87
29
206
36
183
96
156
156
92
139
146
110
125
201
163
100
200
209
115
82
92
30
152
179
29
194
24
13
97
190
194
44
16
30
20
113
142
18
122
150
0
73
81
155
156
60
179
58
196
142
154
152
160
160
113
59
37
159
205
154
42
33
123
37
91
187
73
156
71
175
181
173
11
116
65
28
76
143
163
152
6
198
75
94
45
85
77
68
204
102
44
202
151
23
196
201
83
100
148
89
193
146
59
8
59
184
105
125
0
83
34
18
131
75
141
148
49
203
197
98
61
65
124
10
119
6
194
111
202
1
23
163
52
156
117
175
147
66
97
126
131
70
105
185
165
86
205
127
183
200
171
179
158
173
193
41
4
88
90
13
133
157
125
204
16
186
176
112
34
133
139
191
102
26
182
31
181
168
61
74
151
189
206
40
95
185
143
128
184
118
204
57
31
205
208
52
123
48
101
97
71
109
167
34
206
76
62
147
173
86
75
96
131
159
107
98
89
148
4
145
52
90
113
192
182
185
163
16
42
68
67
64
79
185
45
22
125
28
40
149
73
134
183
200
195
105
102
158
199
45
70
71
122
142
116
141
161
82
105
118
200
93
193
97
5
186
204
132
190
143
18
84
155
115
195
205
204
203
176
25
54
161
110
145
200
143
152
150
148
194
63
33
174
153
58
140
60
155
43
143
41
94
136
33
39
204
199
126
124
59
101
34
180
122
198
76
134
59
161
164
194
78
131
3
138
195
54
14
118
86
65
167
98
95
119
104
160
120
164
109
86
189
170
22
147
173
23
29
95
34
156
114
1
100
68
42
34
165
162
147
171
197
74
41
106
199
110
9
4
51
84
6
25
120
71
41
22
24
152
198
32
186
34
28
133
104
54
52
90
171
153
23
120
9
197
87
118
100
193
50
154
162
32
120
180
146
123
25
20
1
153
25
121
118
136
137
195
99
69
98
79
100
199
156
73
9
73
157
11
118
82
123
114
38
170
204
92
84
176
13
42
133
85
148
200
6
70
207
85
48
30
121
198
56
128
168
61
143
143
135
53
142
195
23
197
75
196
196
102
168
4
165
158
11
76
194
80
77
40
178
160
172
115
99
146
66
176
6
27
19
127
102
171
61
17
152
174
151
90
147
195
88
205
34
96
185
75
184
186
92
107
101
2
191
179
173
26
102
40
97
50
175
116
162
117
144
202
119
139
89
113
186
164
8
64
88
54
172
167
66
12
172
9
175
196
90
10
2
122
159
66
15
175
137
42
51
18
41
113
152
167
76
163
111
177
10
29
3
142
125
95
35
67
12
163
169
63
3
58
97
34
39
191
46
191
38
63
78
200
146
3
99
192
163
148
144
22
130
84
35
68
18
49
31
10
149
145
194
165
117
153
189
202
60
158
157
92
57
24
209
4
168
7
17
44
166
168
61
182
121
96
53
43
36
35
73
53
59
200
164
89
205
204
107
129
202
123
40
207
120
0
33
126
28
148
79
75
42
114
32
152
93
11
29
50
123
9
5
202
131
72
205
145
199
58
61
123
97
37
54
159
112
139
27
40
196
203
105
110
25
201
169
137
108
136
190
63
94
8
31
53
3
44
89
44
2
109
17
42
127
58
14
66
43
82
151
1
109
70
70
56
20
130
97
44
146
113
76
201
79
46
0
205
111
22
140
183
111
3
84
9
172
194
46
189
150
5
173
189
186
175
68
31
66
65
55
100
14
42
20
148
17
47
107
123
91
100
19
115
173
60
112
47
163
114
206
112
33
188
97
206
50
179
14
102
157
68
52
209
38
30
5
153
94
29
158
183
84
195
45
167
157
134
54
138
19
43
114
125
110
20
134
29
105
208
85
203
129
104
1
198
120
145
137
25
160
166
108
121
141
52
96
54
86
97
165
175
30
193
201
189
136
177
208
98
113
102
200
176
203
101
91
64
164
80
0
194
7
73
113
9
24
116
69
36
97
3
167
130
131
55
161
151
27
145
91
183
141
72
184
206
51
139
97
171
33
156
162
165
34
48
180
144
96
206
122
33
209
87
119
177
132
173
206
34
157
94
126
80
176
140
136
112
100
1
26
99
75
159
9
15
40
201
195
174
39
152
87
209
156
145
2
110
74
115
113
115
109
124
36
172
94
68
135
105
208
179
103
171
0
19
14
78
159
140
14
118
62
99
60
135
137
100
153
122
105
132
149
86
94
135
84
92
19
207
20
176
17
196
186
97
31
188
139
171
15
138
64
181
36
116
205
13
39
122
167
52
168
70
146
113
69
113
148
180
191
108
42
76
42
28
118
194
53
97
209
172
37
199
198
111
16
107
48
41
4
67
144
192
137
158
55
92
170
108
114
171
91
12
118
58
107
77
32
186
142
179
135
115
123
25
49
124
164
43
196
142
146
28
110
46
70
102
99
37
144
155
17
81
98
179
21
195
94
83
48
104
172
1
75
207
183
68
43
43
155
69
32
159
101
104
185
144
63
76
99
103
23
27
207
9
134
25
29
101
105
120
180
99
157
148
150
201
12
65
141
84
102
111
27
72
197
116
58
106
153
202
64
62
127
44
166
156
1
196
194
188
190
122
176
81
180
23
129
108
77
202
13
157
94
107
62
62
151
39
116
177
31
147
75
29
173
14
81
17
145
209
1
174
132
83
147
206
200
124
63
147
127
62
158
157
87
161
39
51
77
153
52
180
129
90
182
203
157
169
158
9
141
21
62
9
5
28
3
46
50
93
200
27
90
13
100
32
54
175
199
196
179
26
170
181
45
186
55
29
139
92
58
57
134
197
90
49
168
152
148
45
184
0
99
209
186
53
76
45
177
112
66
81
154
154
144
26
50
127
169
164
100
155
205
190
101
36
56
50
173
35
207
184
53
184
98
148
155
37
31
192
128
188
45
144
4
20
64
7
193
159
102
68
167
78
61
17
200
203
172
104
54
97
156
27
14
49
129
78
121
59
127
57
102
106
58
199
101
55
152
177
76
71
14
179
87
25
50
18
191
95
117
112
44
143
131
11
10
153
165
198
13
119
87
52
178
56
92
150
27
99
7
141
153
62
84
90
104
137
199
104
64
128
56
45
92
159
180
83
193
195
27
91
122
161
119
96
33
186
111
62
127
150
207
29
179
122
104
107
204
200
84
161
120
120
207
75
50
45
119
15
159
133
74
70
115
168
121
58
67
149
154
203
120
96
180
86
207
61
87
26
197
131
126
89
144
43
102
35
25
64
174
146
162
128
86
17
202
9
110
82
40
123
128
184
12
106
119
37
185
202
106
170
203
52
201
197
3
64
203
183
53
52
71
84
141
91
189
182
45
103
160
4
178
166
92
85
89
36
160
75
46
81
83
170
91
162
185
33
25
140
136
207
56
150
127
107
123
18
38
145
124
0
177
54
141
7
126
208
104
50
148
14
167
18
88
140
89
91
194
87
7
131
48
55
181
171
62
113
94
158
184
62
31
206
106
45
80
144
171
63
121
162
200
24
94
72
67
55
89
63
6
183
132
160
58
1
115
107
141
152
129
39
54
0
87
58
36
94
133
60
182
140
86
153
62
52
27
137
64
77
120
116
181
9
16
3
104
85
181
56
174
15
172
32
101
198
174
59
59
32
35
162
114
75
73
162
31
132
109
50
30
72
156
169
10
176
52
102
198
88
177
161
84
94
20
32
156
167
108
38
112
109
120
5
195
100
54
170
2
38
156
192
110
101
79
140
95
90
10
54
41
184
129
172
126
129
147
182
203
98
191
125
204
196
147
112
92
1
198
149
186
139
170
183
69
119
81
96
44
35
155
184
34
146
49
62
64
36
105
100
119
25
51
119
136
21
135
189
162
171
69
180
189
1
196
142
166
67
142
31
82
145
138
35
68
37
10
204
99
40
46
24
119
59
198
115
208
107
98
10
98
159
154
25
33
39
128
204
206
163
72
172
75
152
147
44
147
22
13
86
199
182
134
25
62
3
188
41
95
64
130
168
58
110
147
47
13
123
141
176
196
93
178
174
189
35
192
102
80
17
15
60
119
120
4
20
136
174
198
26
71
69
11
17
59
160
9
140
37
158
39
18
55
158
169
4
55
54
54
92
145
111
139
168
144
205
14
19
34
17
47
25
68
57
45
115
162
161
13
64
60
85
27
39
126
47
126
45
25
112
159
103
84
173
127
74
80
145
98
202
7
36
129
39
95
6
44
157
202
178
23
124
168
60
24
170
75
139
24
49
82
19
104
60
89
128
180
108
69
105
117
134
188
187
42
86
76
63
163
81
32
136
104
199
127
32
195
115
156
152
203
97
173
155
11
43
128
185
183
15
14
0
96
197
114
123
103
162
194
127
165
49
140
8
24
196
171
135
59
111
112
58
119
141
128
30
127
201
91
42
181
187
95
195
78
172
1
170
106
127
134
118
188
87
109
147
190
142
36
41
46
171
186
45
49
61
114
202
169
197
169
133
84
123
175
33
199
12
97
82
140
100
209
144
186
21
16
169
101
39
159
158
138
72
56
134
99
151
86
92
170
99
206
113
108
0
123
90
15
84
45
207
129
114
38
65
26
24
158
44
132
180
202
47
172
83
74
187
110
95
25
148
67
28
175
205
125
172
62
87
17
136
108
200
143
191
33
92
102
113
59
6
91
98
127
114
4
64
197
40
179
186
163
49
192
205
80
59
154
121
160
115
138
197
203
95
124
160
96
42
101
187
151
32
177
57
86
129
33
156
19
206
148
134
75
48
60
15
149
122
151
195
101
126
69
44
117
91
33
207
101
101
182
75
192
51
163
144
205
138
63
121
71
104
138
3
153
68
53
209
57
132
197
13
165
17
208
58
197
122
128
104
140
25
107
110
122
64
174
194
135
117
22
112
176
88
124
142
196
116
201
51
184
59
45
9
138
66
170
172
125
31
92
12
204
107
150
95
142
139
125
182
105
31
75
40
206
38
209
55
130
60
130
107
67
185
86
160
127
105
65
41
152
10
164
74
60
183
96
35
57
115
44
156
121
185
110
183
120
124
22
25
67
196
190
61
76
186
61
78
137
191
156
31
98
165
99
180
35
99
14
175
189
23
191
52
2
203
3
5
189
117
67
114
187
34
194
102
114
179
176
61
73
94
39
131
50
200
3
157
64
109
72
115
60
168
54
198
163
136
67
129
80
203
178
74
171
34
168
171
189
190
191
17
85
25
165
81
133
101
154
111
25
61
122
58
70
79
52
32
118
100
113
69
146
39
167
160
125
173
137
86
143
35
40
33
92
96
153
122
187
33
157
19
31
60
171
109
66
140
142
204
115
178
132
142
47
113
174
148
26
98
176
6
116
108
155
201
21
98
150
23
9
38
39
96
68
103
36
32
177
68
17
143
205
107
176
149
85
184
204
5
203
81
102
190
69
159
89
134
129
186
143
175
177
121
190
158
114
187
70
104
127
197
145
158
53
144
