72.8379
80.3106
80.6451
80.3069
80.3867
72.328
72.6611
72.5368
80.8836
80.3752
72.5893
72.2375
72.571
60.2579
48.3546
92.3948
92.7632
72.5811
72.4951
80.6109
60.5352
72.8235
80.6542
72.8725
72.3608
72.6905
72.4955
72.3018
80.524
72.4778
80.6887
80.3737
72.4398
80.6262
60.72
72.2223
80.6802
80.7399
80.6165
60.347
72.6511
72.8841
72.6212
72.6345
72.6742
72.3508
72.4555
72.2895
72.6947
80.7197
80.6845
72.5947
80.4782
60.4618
72.6281
72.6412
72.4652
48.1631
72.6444
80.4178
72.607
80.7738
80.5153
72.4448
80.6544
80.8172
72.3968
80.9472
72.6017
60.3436
80.8675
80.5933
72.5313
72.8346
80.7259
80.3425
80.8258
80.6688
80.8339
80.5145
72.8071
72.4131
80.6892
72.5388
72.5128
72.2689
72.3531
80.3743
80.781
60.6003
72.5057
72.2803
80.8265
80.4748
72.2154
72.6019
80.2327
80.5724
60.6312
60.5538
72.7918
72.2974
72.3881
72.6318
80.9222
60.804
60.4745
80.5771
72.6703
72.7671
72.5579
72.739
80.6211
72.6277
80.3311
80.5551
72.8197
73.0869
72.4128
80.5573
72.6752
60.3286
72.2617
60.5923
81.0717
72.4688
81.0093
92.616
84.4902
80.2958
80.4351
80.3871
72.4118
72.4132
72.5206
80.2894
72.4554
72.3468
72.5424
80.856
80.7083
72.5904
80.406
72.7857
72.416
80.7029
72.9618
72.6834
80.6522
72.6636
72.3745
72.2308
73.0144
72.831
72.6136
72.5601
72.8048
60.6129
60.5359
72.3444
72.5705
60.3056
72.3917
72.5072
72.281
72.6084
72.4893
60.2234
80.9731
72.8096
60.3928
72.6833
72.5559
80.4148
60.8194
80.6458
81.0847
60.6
80.2436
72.2018
72.6467
72.6802
72.1868
80.5411
72.6513
72.733
92.3899
80.6646
80.5624
72.6286
72.6315
72.9007
80.6729
60.5302
80.5825
60.2558
80.9192
80.7241
80.5244
72.2974
72.9156
60.2202
72.27
72.5521
80.6141
72.7192
60.3817
80.3398
80.5398
72.2628
80.4975
72.3498
80.5728
84.3178
72.3303
72.5377
72.4602
60.3804
60.3463
80.608
80.4757
80.4592
80.2885
84.7052
72.6429
80.5993
72.6377
72.5485
72.9106
80.8258
84.6837
72.763
60.3937
80.5567
72.328
72.4853
80.7857
80.6035
72.469
80.0945
80.4931
72.4483
72.3799
72.5122
72.5401
80.478
72.4411
80.9783
72.7141
80.4084
72.4379
80.2389
72.4127
72.8068
80.5118
60.6791
80.5754
80.6297
80.4527
60.3294
72.3194
84.2145
72.5513
81.0039
80.8947
72.4194
72.3771
72.4775
60.7474
72.6657
72.5728
81.1402
92.6909
80.6628
80.8812
80.7176
80.5513
80.5455
60.4601
60.373
80.5757
80.8165
72.7196
72.8571
80.7012
80.3668
84.3482
80.711
72.4639
80.8844
80.4334
80.5284
80.6588
72.5447
80.6003
72.5918
72.4071
60.2743
48.111
80.7338
60.3779
72.5579
80.742
80.8105
72.6355
72.6466
72.7338
80.7817
60.3753
80.3383
80.4252
60.6017
60.5942
80.5089
72.8924
72.8444
60.4562
72.605
80.448
72.4901
72.4903
80.5405
80.6458
80.8565
80.664
72.3753
60.2146
72.7316
72.4343
80.8415
81.0331
72.3188
60.4572
84.5183
72.4173
72.4927
80.6353
80.4086
60.5696
80.6788
80.6555
72.6395
80.5264
72.4409
72.5266
60.2578
72.6749
72.4833
72.1798
80.7455
80.545
80.4754
80.6895
60.6287
72.6846
80.8464
72.4855
72.6998
84.7871
72.2678
80.525
72.3251
72.5706
80.4007
60.5044
72.8336
80.5005
81.0606
80.5107
80.5339
72.9054
72.711
72.577
80.5114
60.4151
48.4279
72.42
72.7309
80.7046
72.8406
72.7164
72.5448
80.4355
92.6242
80.7026
80.4527
80.8223
80.5451
72.8135
72.8088
84.2273
60.2826
80.5198
72.4863
80.5889
72.3566
72.6879
60.3281
80.8185
80.5398
80.6609
60.4394
72.7236
72.5272
80.7193
84.7397
80.3224
72.5642
80.3262
72.1778
80.2374
72.4453
60.3937
80.3236
92.5266
72.6637
80.6203
72.457
72.4753
48.1618
80.9107
80.508
84.5382
72.2677
60.3237
72.5118
60.3791
72.357
80.4822
72.7769
72.6394
60.2923
72.586
72.3087
72.9211
72.4448
72.2729
80.4439
80.6186
80.7398
72.713
72.206
72.6514
72.4048
60.6045
60.5094
92.7093
80.6497
72.8707
80.753
80.4066
80.5248
80.7657
72.6339
72.6576
72.6068
72.5551
72.538
72.8183
72.4855
60.3738
72.6167
80.6656
72.3619
72.3399
72.5855
72.6104
72.6386
72.2945
60.7577
60.3748
72.9347
81.0536
72.6693
72.5502
72.3784
80.4902
72.3777
60.5284
80.6262
80.2904
80.4386
80.7052
80.8952
80.1933
72.4911
72.7457
72.9655
60.4279
72.4188
80.435
80.5434
72.6062
72.7632
60.5572
72.7804
72.5035
80.8401
80.7603
80.2153
72.4105
80.4088
72.4467
72.6051
80.9704
60.5176
72.3547
72.581
72.4264
72.5935
80.8781
72.539
72.636
72.7859
72.8144
72.6185
72.4679
72.4952
72.7309
80.4467
80.734
80.7101
60.1797
72.5535
60.2493
72.3599
80.5774
72.7644
72.358
60.3607
80.75
72.7337
80.6066
80.8499
80.5919
72.3061
80.6355
60.4471
72.6767
72.4098
80.4459
80.3565
80.6178
80.5284
72.6821
80.4966
80.8817
80.7002
72.3274
72.43
72.4789
80.893
72.7497
72.9887
80.7086
72.3834
80.3253
72.4553
80.7491
60.3725
72.734
80.5466
80.7273
72.4915
72.8805
80.585
72.4838
72.6756
72.8118
60.5624
80.5567
72.4177
60.3198
80.1471
80.3298
80.7886
72.5709
72.4294
72.5256
84.4442
80.9235
72.3851
72.8603
80.3408
72.5873
60.458
80.5656
80.4861
60.5473
80.7033
80.4876
80.761
72.3108
72.5409
80.4077
72.377
80.7008
72.6259
80.9596
60.2985
72.5654
60.2519
60.4413
72.4161
72.5676
72.2617
72.7783
80.9114
80.8686
60.3449
72.4534
72.3447
80.4698
60.381
80.1174
72.3777
72.5811
80.4598
92.5397
72.195
72.2445
72.5609
80.508
60.4358
72.3559
72.5884
80.6095
72.5729
72.7227
72.8655
80.565
72.7628
80.5125
72.489
60.2503
72.4351
72.6748
80.4126
80.8611
80.8372
60.2202
72.5619
60.349
60.4117
80.7037
72.7864
80.8357
60.6303
80.7845
72.4294
80.7142
72.9636
80.3062
60.6435
80.6025
80.705
81.0225
72.3776
72.2493
80.5753
80.7154
72.7757
80.6671
72.311
72.6457
60.3838
72.6254
72.5872
60.3955
72.702
72.7507
80.8577
92.5722
80.4193
81.0629
60.4285
72.3507
72.4958
80.4689
80.5989
72.5965
60.376
72.354
60.5149
80.4791
60.3312
72.2288
80.4695
60.5812
60.4437
72.4631
80.9471
72.6137
72.8927
72.4497
60.4271
72.8466
80.9215
80.832
72.3537
72.7537
72.5953
80.7
60.5726
72.5361
72.4481
60.4624
72.8362
72.6015
72.3328
84.3392
72.7347
80.5238
80.4947
80.4535
60.4491
72.7512
72.6122
72.3831
60.4649
60.3892
80.7646
72.5331
80.7061
72.5279
80.5485
80.2153
60.2137
81.101
84.8139
72.5717
72.5864
80.3115
80.486
80.9463
80.7579
72.6941
80.5235
72.4902
72.7306
72.5892
80.6899
72.3272
92.5158
80.7402
80.8487
80.6365
80.7041
72.3587
72.3419
72.6376
72.5923
72.3902
80.5215
72.618
80.5702
72.4455
80.2913
72.6972
80.513
60.6002
72.2389
80.796
60.4897
72.3674
80.6903
72.5134
60.4561
60.1939
72.5165
84.5137
72.6126
72.5732
72.7557
80.7934
72.611
80.461
80.5348
92.7299
80.5783
52.1038
60.1832
92.5254
72.6733
72.3716
80.7531
80.7403
72.5082
80.2275
72.583
72.2244
72.7503
72.3918
72.5765
72.4854
80.4039
80.8215
60.3671
72.6747
72.813
80.5241
80.6539
72.8011
72.6533
72.5351
80.8168
72.7774
72.5856
72.3994
72.4996
72.5298
80.7455
80.8086
80.6128
80.5686
80.9054
60.4892
72.5278
80.9445
72.6539
80.5385
72.6944
80.5754
73.0108
80.6269
80.6035
60.4882
72.5199
48.229
81.0009
80.6293
80.4336
72.5701
72.2658
80.593
80.6982
72.7527
80.589
80.7804
80.6511
80.7749
72.8743
80.7373
80.6368
72.8563
72.9626
80.3912
72.361
60.4829
72.1952
80.842
60.8311
60.5474
80.2936
80.4581
60.4322
92.397
72.5533
80.6604
80.4084
80.7306
60.0713
72.5715
72.5251
72.7056
72.6565
80.7355
80.7313
72.5458
80.6026
72.6055
72.4848
72.3806
72.8314
72.4651
80.5953
92.8302
60.3895
72.4843
72.4667
80.7818
72.5155
80.9492
72.4917
80.8326
72.6965
60.6075
80.5084
72.7929
60.633
72.5959
72.6908
72.7974
80.5741
72.6417
80.6612
72.6227
72.5311
72.5015
72.3931
60.3829
80.2593
80.8752
80.6018
72.6182
80.6059
72.6761
72.4254
80.383
80.6978
72.4342
72.5597
72.6149
80.4399
80.7112
80.795
72.8217
80.5423
80.2341
72.9208
80.6547
80.3261
80.8778
80.5453
72.6158
72.6551
72.2303
80.2665
72.5041
72.6113
80.6463
80.9097
80.4776
60.5589
72.5287
72.3704
72.4441
80.4838
80.562
72.5418
72.5034
80.4883
72.7425
72.3693
72.5589
72.1729
60.4401
48.3496
92.6844
60.4505
80.6823
80.6591
80.4122
72.6914
72.7599
72.5668
72.1912
80.623
72.366
72.6943
80.8251
80.2253
80.1165
60.7161
72.6068
48.13
92.556
80.7501
72.2545
80.5461
72.4823
72.5255
80.6902
80.6283
81.0515
72.2783
80.4684
80.6242
72.5077
80.6114
80.6704
72.5764
72.6502
60.4629
80.9329
80.4469
80.7741
72.3658
84.7781
81.0427
72.3818
72.1737
72.3536
72.7658
80.618
72.4233
80.8898
80.7767
72.6149
80.6434
80.6003
60.8178
72.5222
72.2839
80.7632
72.5648
60.6426
60.64
72.3787
80.8497
80.7541
72.5824
80.8085
72.4008
72.4798
84.3898
92.9841
80.536
72.6869
80.5612
80.1944
80.5182
72.4398
72.3153
80.663
60.5376
72.6713
72.8596
80.7803
80.6382
80.5438
72.5394
72.4117
72.7191
80.2721
80.7013
72.5231
72.7129
72.6471
72.6774
80.7859
60.5812
80.392
72.4795
72.8703
60.1419
80.562
80.421
72.5645
72.5524
81.0029
72.4488
80.807
72.3962
80.6839
72.8898
60.5644
80.6019
72.633
72.3741
72.5724
80.5477
72.7508
72.6964
72.5187
80.507
80.6926
48.2415
60.6387
60.3518
72.1598
80.4556
72.5833
72.3357
92.6774
80.5741
60.1972
80.6434
72.4707
72.3912
72.2437
72.8066
80.6237
72.3106
80.6277
72.6414
72.4976
72.6514
80.8067
60.6748
72.3232
72.908
72.327
72.5313
72.4646
80.5229
72.5226
72.3799
72.6206
60.4823
72.6253
72.4286
72.7464
60.4965
72.6165
80.443
72.3715
72.4223
72.5333
80.9214
72.328
60.3574
80.728
80.7742
72.7931
80.5669
72.3497
72.4559
72.647
72.576
80.5384
80.6664
72.7224
72.5761
80.7949
72.7323
72.9774
80.5716
80.4858
60.5354
80.4241
80.4785
60.4575
60.3291
72.6429
60.3909
60.706
72.5853
72.6857
72.5201
60.5882
72.2981
80.7935
72.4584
72.8724
72.4825
80.4472
80.7171
80.6344
80.7679
72.5512
72.2802
72.6791
72.696
80.3797
72.6807
80.9899
72.2353
60.5125
72.8407
72.8888
60.6839
60.6932
72.4969
72.3184
80.4662
72.3414
72.557
80.4738
60.2588
72.4264
72.5937
80.4682
72.4883
72.4685
80.99
80.5991
72.5656
80.6737
80.5896
80.5917
80.7486
60.2642
72.5003
72.7651
72.5836
80.5675
72.6815
80.7722
72.6734
80.5527
80.8026
73.0359
60.4847
80.5228
72.1692
60.2405
84.724
72.6811
72.6822
72.6772
80.6436
92.7567
80.5474
72.5626
48.2864
73.0658
80.588
72.407
72.8703
80.8545
80.6423
72.5243
72.7252
72.5811
72.7682
80.4001
48.3922
80.5471
72.904
72.5172
60.4656
72.302
72.6232
80.4466
72.4424
60.4678
60.4362
72.6274
80.4423
80.7084
72.6335
80.7229
80.6056
80.404
72.298
80.7952
72.3604
80.6106
80.5782
60.3026
80.5506
72.492
60.3537
80.626
72.432
72.9873
80.9714
80.537
72.3868
72.2832
72.5185
80.5669
72.1609
81.0748
72.6891
72.505
84.3297
72.5332
80.7426
72.4361
84.4779
80.5753
80.5765
72.6519
72.826
80.5367
80.8874
72.6218
72.1238
80.6545
80.5213
80.4824
72.5073
92.7708
72.8329
60.3658
60.6664
80.1856
80.4483
80.6971
80.4709
72.7401
80.417
72.8003
60.0041
80.7755
72.4526
60.2517
72.4162
72.4322
72.4967
80.5846
80.6711
72.8377
80.8964
72.4462
80.4329
72.5868
60.5285
72.5656
80.8437
72.5146
72.7028
72.1063
72.4647
80.4844
80.6149
72.5831
60.7532
72.442
72.9409
72.869
80.3117
80.6402
80.4149
72.3884
72.6485
72.497
72.7843
72.6781
72.8249
72.3427
72.5404
80.8161
72.7448
80.4977
72.5702
80.5991
72.6233
60.3477
80.5995
81.017
60.4818
80.6571
72.6478
72.4397
81.0268
72.3236
60.5194
60.4354
72.7685
80.8825
80.5127
80.4902
80.5631
60.3836
80.5209
80.8272
72.3614
80.3238
72.5189
80.2848
72.48
81.176
80.6635
72.1634
72.7817
80.5733
72.9152
60.2711
80.9235
72.8851
80.8132
80.9771
80.5846
72.8754
72.9715
72.4072
72.5065
80.5035
72.561
80.5685
72.743
80.5587
48.278
72.3218
80.8312
84.6124
60.4885
72.6597
72.3637
80.8712
80.5896
84.4298
80.7328
81.1978
80.5862
84.3235
80.5912
80.534
92.7589
92.6134
80.4378
80.7941
80.5519
80.4124
60.6247
80.4752
72.5792
72.881
80.524
80.7462
80.9136
80.9673
80.7158
72.9077
84.6675
72.3667
72.7432
72.6137
80.5901
72.218
80.9888
60.7378
72.696
81.0377
60.4555
72.3465
80.6098
80.7398
72.6277
80.7093
72.5769
80.2293
80.6267
80.4362
72.5642
60.5546
72.5309
72.4831
72.5138
80.2979
80.3156
80.6842
72.6071
72.8061
72.7926
60.3139
72.6594
80.5718
80.6376
72.5008
48.3388
80.2773
80.395
80.2017
80.2663
72.931
60.2022
80.5133
72.7437
80.8465
72.4449
60.1278
80.3472
80.6237
72.8075
80.5128
72.6782
72.1318
92.5231
80.8398
72.5263
80.3909
80.6015
72.3772
80.5446
60.4678
60.3234
72.6764
60.4661
80.5434
72.5496
80.222
80.7476
72.5816
80.7415
80.4371
80.581
72.5851
80.6731
72.6659
80.5803
72.3548
80.6042
72.6655
72.629
72.7299
72.4957
84.9075
80.3996
80.6482
72.4174
72.7215
72.6515
72.253
72.6126
80.3504
72.7582
80.9005
72.3577
81.1905
72.4874
60.614
80.4713
60.7662
72.4145
80.6085
80.3586
72.5429
80.7579
48.4088
72.4769
80.7131
60.297
72.5277
72.263
72.6986
72.4904
80.3876
72.5227
60.4719
80.7373
72.3948
72.5004
81.0878
72.6744
60.1532
80.6239
80.7059
80.6141
80.54
80.6186
80.8351
72.6856
60.2288
80.7091
72.5137
72.4719
80.5843
80.6721
72.6187
72.5335
72.697
60.3249
80.8978
72.745
80.6821
80.7754
80.86
72.3685
80.4875
72.3785
60.4447
80.8173
72.5864
72.526
80.4674
72.7047
72.2615
80.5467
72.7353
72.3659
72.4607
72.7419
72.6595
72.3437
80.7158
80.9226
80.6599
80.1031
60.3416
72.4403
80.7115
72.5328
80.7723
80.6293
80.5714
72.4293
80.3257
72.4361
72.4681
80.6446
72.6331
80.4934
80.3131
80.7265
80.4655
80.5758
72.3906
72.869
72.4925
92.3687
80.448
72.6234
80.4689
72.4961
60.5939
72.2187
72.5232
92.4022
72.421
80.6037
80.4989
72.7114
72.4213
72.7247
80.4784
80.3435
72.4298
72.4731
72.3185
60.3218
60.2874
80.5889
60.5115
72.2883
80.5436
72.5961
48.419
60.3789
80.772
80.8568
72.6555
84.6369
72.3542
80.4555
80.3039
84.5642
72.7485
72.6457
72.651
72.5226
72.6186
72.7702
72.5856
72.9704
80.2542
92.9411
60.4787
80.4034
72.5975
80.337
72.2937
84.6093
80.5279
60.3234
84.6667
80.6514
72.5699
72.4098
80.5362
80.1806
72.4985
72.7024
72.5266
80.5109
80.6414
72.5249
72.5039
72.6929
72.5
80.4876
72.3326
80.3923
72.1828
60.4041
80.6268
80.8544
80.4447
80.6107
72.3086
84.633
60.4286
80.6665
80.4987
80.4774
72.3955
80.5496
72.284
80.3666
72.6901
72.461
72.966
60.4606
80.6851
72.698
80.5683
48.3681
72.3103
72.7769
72.657
80.2985
80.4892
60.537
60.5508
80.6143
60.2514
80.5707
72.4484
72.3943
72.704
72.2992
80.5602
80.681
72.2639
80.8491
80.4919
92.6056
72.315
80.7446
81.0735
80.7004
72.4761
80.4009
80.2364
80.9494
72.4614
72.5432
80.3911
72.6153
60.4528
72.5289
80.8253
72.6681
60.6466
72.6022
80.6372
80.9016
92.4691
80.5946
72.5141
80.5676
80.3508
80.8315
80.5347
80.4584
72.5996
72.475
72.9196
72.7354
72.411
72.7853
72.7134
72.0618
80.7903
80.7304
60.6487
72.7133
80.6714
72.6706
80.4373
84.324
81.0249
72.5078
60.2874
72.6187
72.4782
60.2341
60.116
72.4644
72.5078
80.8434
48.3989
80.679
72.3275
72.4382
80.5837
72.4163
72.4082
84.6416
80.7782
80.6363
72.5404
73.0865
80.4446
72.6323
84.5606
80.2719
72.7078
80.3694
72.5711
72.5298
80.7818
80.4732
72.6451
72.5817
48.457
60.6875
72.5195
72.767
72.1201
60.5638
72.5679
72.4104
72.8102
80.0342
60.2795
80.3066
80.7751
80.3874
60.5097
81.1695
72.4976
60.5862
80.5319
80.4572
80.7959
80.581
72.6501
72.5678
72.4862
72.389
92.695
80.2841
80.6868
72.3947
72.7532
80.4436
72.514
72.1687
80.9026
80.9859
72.8696
72.3431
60.8865
72.3608
60.4248
80.6168
80.4669
92.6283
80.7899
72.5836
72.518
72.2155
72.6082
80.6996
72.6628
80.6991
80.8592
60.581
80.4276
60.7913
80.5485
60.3079
72.6666
80.8482
72.4234
72.3348
60.3013
80.5361
72.5053
80.9031
80.3042
92.6044
60.2802
72.3541
80.4363
60.3772
72.5599
72.8088
72.6165
72.7119
92.653
48.4628
72.4113
80.5787
72.3403
80.555
72.613
80.5613
84.8228
72.4426
81.014
92.5634
80.5835
60.6006
80.669
72.0367
72.3442
72.6934
80.3097
72.4488
80.5796
72.2693
72.2737
80.7911
80.3549
72.1925
72.5049
80.966
72.4952
72.4009
80.6152
72.4191
80.4652
80.7106
72.4071
80.6764
72.4
72.8401
72.389
72.7431
80.6994
80.7553
80.5369
80.8907
72.2106
72.5948
80.8138
80.2438
72.6372
72.4011
80.9228
72.5928
80.4952
80.7274
80.6511
60.6692
72.3719
60.3096
72.614
48.3196
80.6463
80.8801
60.5102
72.5863
72.4637
80.7721
52.1582
72.5974
72.4009
80.7027
60.4602
80.7062
60.5188
60.434
80.5331
72.7217
60.2977
80.5345
72.4448
72.3934
80.6645
60.5437
72.725
72.4147
72.4024
72.7186
72.4634
72.6634
72.5229
80.6832
72.9077
72.1893
48.4115
72.7611
80.6219
72.5538
80.7188
80.5161
60.4563
73.063
72.4141
80.8034
84.7652
80.7236
72.6854
60.4158
80.7222
80.3169
48.4286
80.7598
72.6324
72.3912
80.9312
60.5345
60.7843
72.6955
80.5072
80.2011
80.4206
72.6019
72.8683
72.6113
72.8896
72.6073
60.4967
72.7707
72.519
60.4062
72.1558
72.9508
72.4888
72.5798
72.4141
72.3304
80.5527
81.0932
72.466
60.3458
60.3743
72.3401
80.7602
80.8064
72.6243
48.3318
72.4233
72.468
72.4962
92.5269
72.5455
60.4555
80.7044
72.5337
60.2291
80.4451
60.5011
72.4606
80.6986
80.8405
72.7184
80.4504
60.4
72.7551
84.9056
60.4712
72.6004
72.4636
72.7569
80.8776
72.4561
80.3925
72.7372
80.5821
80.5959
72.648
80.5031
80.4256
72.6398
80.6994
84.7464
80.5639
80.6243
80.4504
72.5216
72.2685
80.7301
60.3227
72.7748
80.3199
72.6929
72.7309
60.2543
72.4202
84.5558
92.6796
80.6285
72.7524
60.5404
60.3032
72.4629
60.7818
72.4981
72.5394
60.6931
80.7269
60.4283
80.5243
72.2255
60.2657
80.3035
72.5943
80.694
80.6616
60.5904
80.726
72.6862
72.7326
72.7864
80.8882
72.7747
72.8448
72.9046
72.3633
60.1666
80.5215
80.5434
72.5379
60.2823
72.838
72.2508
72.5175
72.8791
72.943
80.5751
60.4138
72.2445
72.5822
60.454
72.534
80.3539
60.6349
72.715
80.9002
60.2847
72.62
80.4018
60.3515
72.5219
72.6168
72.4138
60.3706
80.4449
72.4086
60.2223
72.0667
72.3123
72.7109
72.3575
60.3048
80.8117
80.4136
72.5176
72.6228
80.7172
72.4562
80.3781
60.5884
80.6124
80.7715
72.4787
80.5505
72.5632
80.7018
60.5933
72.5858
80.5071
80.5608
80.6458
72.4433
72.9638
72.5836
72.4371
80.5793
80.7016
72.6855
72.6435
80.5296
72.4311
60.3263
72.7273
80.6163
80.4878
80.4825
72.7665
72.5455
80.5052
92.5574
72.7228
80.6773
80.6708
80.5826
80.7452
92.545
60.2877
72.6049
72.6314
72.139
60.2401
72.6409
72.6055
72.9143
72.8495
72.518
72.4593
60.6418
72.6403
72.6778
80.6573
72.8329
72.5948
80.6946
72.5878
81.0075
72.6271
80.5506
72.7974
80.7672
72.3536
60.4006
72.5906
72.2284
72.6699
80.7844
72.3289
72.805
80.6579
72.4794
60.3822
80.8367
72.2675
81.0038
80.6141
72.518
60.5262
72.3307
80.7252
80.4644
80.3585
80.6565
60.515
72.8005
72.4356
72.8852
80.6529
80.5799
72.3588
72.6293
80.6163
80.4875
81.0995
80.8536
80.6808
80.4837
72.7073
72.4594
80.5053
72.7514
80.4668
72.5507
72.5515
80.6676
72.4277
80.2597
72.3823
72.3672
80.6162
84.1578
80.775
72.2877
72.9035
72.3924
72.4373
80.4264
84.1531
80.3707
80.6287
60.6365
72.4586
72.7845
80.4808
80.7255
72.6907
80.8369
80.6389
60.2154
80.9513
80.3933
60.4198
80.4136
72.631
80.7031
72.6542
80.5326
80.8494
80.5352
81.1001
72.3778
80.4755
48.1951
80.6935
72.4492
72.3153
80.4954
72.4607
80.6545
60.513
72.8053
80.6791
80.5854
72.7783
72.6611
60.3242
80.9882
84.7604
80.6876
84.6817
80.5129
80.6029
72.5393
72.5457
80.7142
80.4756
72.6741
60.6566
80.7782
72.8279
72.66
72.3513
72.5451
80.9853
80.7091
80.9501
72.4673
72.3432
72.4936
60.656
80.4294
60.5311
72.4949
72.2957
72.5157
72.2175
60.4839
72.9357
72.5708
80.5847
72.8092
80.6667
60.3653
80.2588
80.8481
60.35
72.6889
80.2551
80.8628
72.312
72.7034
72.5128
72.1383
60.4988
60.5464
60.51
72.4405
80.7436
72.3433
72.5133
80.5085
72.9021
72.2619
80.6621
80.4023
80.7305
80.6151
60.4259
80.4919
72.3089
60.5781
80.8204
80.7656
72.3423
92.9294
72.6223
60.6026
72.7469
60.3458
80.3735
80.884
72.6292
72.3835
60.349
80.6294
72.4392
72.8773
72.579
60.2339
80.5681
80.3623
60.6726
72.797
72.7611
80.583
60.7223
80.7146
80.7931
72.7146
80.8007
80.446
72.3999
80.6693
80.5405
72.3531
60.4998
72.6733
72.7446
84.7235
72.739
80.685
92.5919
80.6801
72.3854
80.5659
80.9289
80.884
72.503
80.6802
72.4716
80.5127
72.6667
80.6274
80.5828
80.6484
60.4631
80.751
72.4858
72.6894
72.1887
80.7691
60.4078
60.3962
80.5826
72.7424
72.8821
80.7754
72.3786
72.5966
72.4786
72.4403
72.3658
60.6708
72.6227
80.1877
60.2321
60.468
48.222
72.688
80.9316
72.5348
80.6528
80.6053
80.4345
60.3199
72.4063
80.2881
80.3975
80.4883
72.4134
80.9048
72.4401
72.7452
72.7816
80.5356
80.7809
72.5005
60.5392
72.5709
72.2561
72.7687
72.8954
80.6839
60.5946
72.4108
72.7591
60.6344
80.7038
60.2295
72.8018
72.5631
60.5316
80.4818
60.4631
80.7605
80.3121
80.6936
72.7249
80.3192
72.8939
72.6571
80.4296
60.1295
80.8582
72.5809
80.3633
72.6288
60.5647
72.506
72.9923
80.7552
80.7672
60.3421
72.5122
48.381
72.8617
72.8147
80.7857
72.3614
72.2719
80.7088
72.5092
72.6125
72.3779
72.2923
72.4509
80.2541
80.6551
72.4249
60.4097
72.701
80.7045
72.6897
84.417
80.7272
80.4763
72.7674
60.1272
72.5593
72.7405
72.8364
80.4287
84.5039
60.2602
80.5308
80.7479
72.5883
72.3654
72.5469
80.6073
60.5382
72.2339
72.5552
80.9405
80.46
80.5158
72.7119
80.1822
80.9328
60.4659
72.6327
80.6286
72.4486
80.6865
72.4446
72.6815
72.4237
60.1608
72.2862
80.7904
81.1356
72.417
72.6733
80.7564
72.5542
72.4214
80.3451
80.7915
72.3966
72.2823
80.47
80.6143
80.5789
80.8493
80.7199
72.6702
72.5284
80.9824
80.6267
72.766
60.5606
72.8504
72.0972
72.6801
72.5305
48.3753
80.5161
72.4391
81.1681
72.1871
80.7282
80.4439
72.836
72.6583
80.2683
72.4534
72.8137
72.4128
72.5575
80.7429
72.5055
72.7372
80.5948
80.3851
60.5992
80.6689
80.6385
60.4381
80.7308
80.8377
80.4924
72.732
72.5858
72.6008
48.2324
72.3189
80.3656
80.6482
72.6025
80.5897
80.3436
80.9284
60.1008
72.5989
72.482
60.5654
72.606
60.5396
80.7321
60.3945
72.5974
60.4429
72.3543
72.3423
72.3851
80.7599
80.3291
80.6015
72.4362
80.7064
72.2746
72.5386
72.4655
72.2432
80.4519
72.8856
80.2721
80.5372
72.4704
72.4078
80.2083
72.777
72.8962
80.4699
60.2499
60.4952
72.596
72.8106
60.4196
72.7779
80.3899
80.7056
80.8556
60.4365
80.8984
60.5476
72.6799
80.632
60.515
72.3384
60.5033
80.6267
72.6963
72.7808
48.5046
60.4233
72.844
80.4108
60.5756
72.3953
81.0586
60.4241
72.454
72.4529
60.4456
80.5376
72.5892
80.4043
72.8377
48.5584
72.4206
72.6463
60.3074
72.635
92.5062
80.2173
72.2666
72.6606
92.446
72.7043
72.7332
72.5517
80.6573
60.2569
80.5034
80.7543
72.2679
72.2762
72.0875
60.3977
72.21
72.5459
72.4163
72.6672
80.4234
72.4678
60.567
72.6949
80.7273
72.7434
60.8743
80.3337
80.5806
80.6745
72.4813
80.9128
80.4676
72.8105
72.3053
80.9471
80.6731
80.5425
80.7808
92.41
80.4473
80.9321
60.3794
80.8243
80.7393
72.6212
80.486
72.5473
80.7591
60.6367
72.3378
80.4511
80.395
80.921
60.3413
72.8819
72.291
80.8948
72.6833
60.2126
72.3487
80.6422
80.6203
80.3421
60.6044
72.3459
80.4918
72.7064
72.656
72.7006
72.4788
80.4122
80.8519
80.5898
60.319
72.58
72.4479
48.5001
72.4475
48.2439
80.5965
72.4968
72.2796
72.4324
72.8602
72.4164
80.6734
80.8216
72.5379
60.7664
72.3211
80.3469
84.5019
80.59
72.5868
80.619
72.6765
72.2301
80.7561
80.8286
72.5827
72.4142
80.7654
72.5084
80.6837
48.41
48.1192
80.8946
80.5857
80.5515
72.9582
60.5604
72.4671
72.3703
80.4233
60.2952
72.5772
80.829
72.4341
80.5849
72.8074
80.6569
60.2444
80.604
72.4966
72.6939
80.3442
80.3582
72.6953
72.4496
80.7202
80.4938
73.0418
80.7238
80.5508
72.5657
80.5053
80.4993
80.4989
72.4596
80.721
60.656
80.5266
60.4381
72.3137
80.3473
72.7938
80.4725
80.3204
72.4099
81.0327
72.3569
80.2706
60.3251
72.34
92.4337
80.6099
80.8622
72.684
80.6642
80.4645
80.5677
72.2562
72.4406
80.3938
72.3306
80.6807
72.5273
72.4567
72.4853
72.7679
81.0151
72.5934
60.6305
92.8717
92.6967
80.7399
72.7744
80.369
72.4437
80.6774
60.3937
80.8722
72.6294
72.6433
80.5403
72.5981
72.408
72.2617
80.5851
72.5598
80.7234
92.4764
80.249
72.6951
80.6974
80.4197
80.4678
80.4702
72.6343
80.5827
72.703
80.663
80.934
80.5755
80.7884
80.6199
60.7098
80.6211
80.8412
72.7319
60.4002
80.4479
72.6704
72.6638
72.9748
80.5382
80.8594
80.9969
72.8768
80.5555
72.4193
72.6873
72.4775
72.6149
80.2812
72.4882
72.5683
72.5601
60.3354
60.4125
80.7593
80.4236
80.6167
60.2683
72.5605
80.715
72.4752
80.6163
72.4143
80.4065
60.5839
72.3319
72.7635
60.4457
72.6557
72.3964
80.6218
60.2186
80.5233
80.6318
72.4735
80.6995
72.6309
72.4586
72.7262
72.342
80.4693
60.4777
80.5591
80.8091
80.811
60.3679
72.6473
72.9283
72.4851
72.1588
60.5352
84.5707
72.4868
72.3356
80.6957
72.5168
72.7103
60.5569
72.2862
48.3294
72.4882
80.9493
80.4633
72.7275
80.2583
72.7113
80.5594
80.8861
80.5885
80.7811
72.5251
72.5461
80.5163
72.4506
80.6931
72.225
84.5372
60.1908
80.5451
72.1215
80.838
81.0391
72.2523
72.4194
73.1217
60.1434
72.8038
80.4792
72.4317
72.3476
80.4663
60.2182
60.5938
72.5402
80.6142
80.4319
72.2195
72.6365
80.5856
80.4546
80.2857
72.2435
80.8808
60.6513
80.5114
60.4292
72.6667
72.6795
72.2951
60.8036
72.7514
80.4315
80.5523
72.8041
80.7747
80.335
80.7104
80.6878
72.814
80.3698
80.565
72.6953
72.6804
60.3423
80.6972
81.0551
72.6724
84.2888
80.8376
80.8029
72.6952
80.7771
72.7424
72.5198
80.5141
80.8464
80.6652
60.3144
72.2644
72.5346
80.8782
72.4197
60.4743
72.576
72.616
72.5257
80.6894
60.7365
80.514
80.7048
72.7615
72.9364
80.743
72.6675
72.8541
80.8869
84.3534
72.8302
80.5995
72.4282
72.6466
80.3437
72.315
72.3331
80.3658
72.5886
72.4447
72.6306
72.3089
72.8758
80.6503
72.6344
72.25
72.8597
80.3645
80.3387
72.5194
72.5586
80.5755
72.725
80.8296
72.6119
48.3442
60.4866
72.5284
72.6459
60.661
72.468
72.4788
72.949
80.644
72.5771
72.847
72.4457
72.3705
80.8721
72.7977
72.1926
72.1001
80.5098
72.8332
72.3649
72.7274
80.6373
80.6045
60.5779
80.683
72.4329
72.3791
72.5782
80.364
84.7075
72.6951
72.5534
72.9031
80.4954
72.5207
92.6424
60.6026
72.4985
60.6204
72.322
72.3057
72.5491
72.5724
80.3461
72.5501
80.8654
80.654
80.7897
80.6807
72.7855
80.6465
60.4616
72.4062
80.6457
72.4983
60.5604
72.4978
84.5587
80.9321
80.4118
72.556
60.6308
72.4221
80.5623
80.5112
92.6774
80.674
80.6963
60.2549
72.2193
80.7205
72.4821
72.4101
80.5662
84.4026
80.6505
72.3125
48.4284
72.6066
72.4798
60.4868
72.4511
80.5227
72.6542
72.2897
60.3987
60.4815
80.4954
80.3773
84.4209
72.4526
60.7189
60.234
72.4933
80.9536
72.4204
80.6813
72.5691
72.5012
72.7809
72.6019
72.5734
80.3326
72.6786
80.747
72.8789
72.5255
72.4584
72.6153
72.5656
80.6089
72.5304
72.6533
72.7039
72.7212
80.9662
72.4162
80.6334
60.3532
80.3036
80.708
80.7509
72.3297
80.7982
60.4329
72.5736
80.9246
72.8208
80.7292
72.2287
72.4236
72.3415
72.6375
72.6347
60.1778
72.4015
80.5834
60.6083
72.6736
72.5595
80.5937
72.6538
72.3793
72.5874
60.5469
72.409
80.6866
80.2597
72.6302
80.3743
72.4767
80.5113
72.2447
80.6957
72.2301
84.5144
60.7336
72.6931
72.5198
80.8103
72.8075
72.551
72.5783
72.3231
60.1776
72.656
84.3521
80.4818
72.2557
80.8077
80.5379
72.2966
72.767
72.7294
72.467
72.7915
72.6107
60.8277
72.6602
72.4915
80.9851
80.4369
80.6226
80.4644
80.5013
80.6969
80.9561
80.5882
60.3058
72.9191
72.5422
80.4511
72.7038
72.1649
72.3364
60.4912
60.6264
72.6028
80.5137
72.42
80.5612
72.5326
72.8278
60.6701
72.7402
72.2892
60.3218
60.5195
72.8823
60.3497
72.6294
72.8642
60.9129
72.7154
80.2986
81.0705
80.3825
80.2757
80.8296
72.5924
72.5445
72.4277
60.5914
72.3178
72.5397
80.5489
80.3993
72.5261
80.2925
72.3801
72.5618
72.3688
72.5313
80.7316
72.3661
80.7567
72.5611
72.8363
72.4305
80.4389
80.6768
72.7691
92.635
80.7461
80.4632
80.4654
80.6231
72.4804
72.8408
72.7841
80.648
80.4369
72.4484
80.6506
80.7442
72.1447
84.536
80.2434
72.5719
60.7201
72.6613
72.8602
72.7241
72.4965
80.5393
72.59
80.3801
72.5041
80.3743
80.6845
72.6295
72.6411
72.616
72.2969
80.5703
72.4764
80.4223
80.7067
80.5562
80.6241
72.4942
72.761
60.5898
60.5451
80.6098
72.5465
72.6262
80.4642
80.6547
72.661
80.9099
72.7562
72.514
72.3237
80.843
80.4243
80.9711
60.3816
72.3604
72.9128
72.2097
72.9228
80.425
72.6857
80.6867
80.5049
48.4897
80.7313
80.4717
72.6902
72.3636
72.7926
72.4021
80.828
60.4279
72.9846
80.3496
72.6019
60.5712
80.351
72.6652
60.5396
80.4941
72.5107
72.5436
60.6608
80.6316
72.581
80.9786
60.3456
80.9634
72.4434
72.4968
80.3755
80.4642
72.4578
60.3331
80.6245
72.3202
80.6985
80.8789
72.5974
72.3721
48.1341
60.5423
80.5851
72.5485
72.2929
80.837
72.8273
80.5768
80.349
72.2478
72.4788
60.7243
60.2382
72.7527
60.4191
60.6824
80.7115
72.7525
72.3295
80.6127
80.3416
72.6651
80.8125
72.4847
80.3996
72.6734
80.776
80.7785
80.5573
72.6585
72.6397
72.5515
60.5632
72.7804
72.7462
72.681
80.6829
72.7626
80.1808
80.2559
72.5624
80.5568
80.7744
80.383
80.7369
84.5476
80.4499
72.4022
80.3126
72.6384
72.3686
80.596
72.4891
48.6309
72.6723
80.4982
60.4153
72.534
72.742
80.6461
80.624
72.3116
80.6111
60.3108
72.5225
80.9913
80.6759
80.6105
80.5483
80.6362
72.6377
60.5019
80.6266
80.6204
72.6849
81.1173
72.7183
80.2095
72.2815
60.6558
72.5519
72.5488
60.4573
80.7614
72.5432
80.6955
80.5868
72.5185
80.582
80.5608
80.5448
80.7141
72.895
80.6136
72.6776
72.6578
72.5694
80.4669
60.211
72.3845
72.1769
72.4404
80.2186
60.4367
72.7291
80.6023
72.6246
72.6575
80.4167
80.4403
72.1343
72.5105
72.4211
72.796
72.601
60.4893
72.3587
80.5408
72.6669
72.5033
80.5233
72.5651
80.4605
60.3543
80.775
72.6102
72.5632
80.6593
80.6682
72.6863
72.2864
80.7296
80.4118
84.5456
81.0454
80.5414
80.5283
72.4487
80.9277
60.4824
60.5045
80.395
80.4826
80.8522
92.7822
72.332
72.5934
72.4405
81.0373
72.2263
84.6441
72.9455
80.5897
72.6958
80.6322
72.31
80.7978
72.5675
72.7014
72.4063
72.5865
80.8467
80.7152
60.3878
80.5472
72.6294
72.7627
84.5182
92.3585
72.5778
80.6808
60.4814
72.7867
72.6871
80.6288
80.8788
80.5169
72.8597
60.3369
72.6946
80.822
60.2905
80.6664
72.4403
72.6137
80.4594
80.5746
80.6572
72.4388
60.4059
80.727
72.4796
80.909
60.2453
72.5494
60.363
72.7857
80.601
60.554
72.7361
72.7728
92.6508
72.4229
72.499
72.6909
72.5574
72.7059
72.4829
72.2431
72.4907
72.4527
72.6728
80.5493
80.5004
72.475
72.3938
72.7874
72.2892
72.4369
80.8054
72.3391
80.8476
72.7916
72.4662
80.466
80.4375
72.623
80.4053
80.6019
72.6073
72.3869
72.862
52.11
72.8303
80.8276
72.3415
84.0859
72.4895
72.4872
72.7124
72.571
80.6472
60.4959
80.3665
80.6717
72.6006
84.567
72.8505
72.6301
72.5862
72.7179
80.7945
80.791
72.6102
80.8978
72.5487
72.7693
72.5459
80.6051
72.5871
80.6187
80.4554
80.6979
60.5631
60.6349
81.0264
72.451
80.4639
72.3203
72.3575
80.9021
80.3961
92.8839
72.7239
72.2713
80.5655
72.8419
72.5174
72.2776
72.5374
72.5345
72.7632
72.2056
80.2205
80.8625
72.334
80.559
60.3359
80.9414
72.8325
72.389
60.4531
80.4012
72.3797
60.3343
60.7385
72.7045
60.6071
72.4267
80.3654
84.5949
80.7355
80.8931
80.5593
72.3582
72.5702
72.3484
80.2829
80.5314
72.5786
72.5472
60.2974
72.534
60.5639
72.2153
72.6871
80.6391
72.4785
80.4195
80.772
80.7064
80.5863
80.5706
80.5617
80.5439
48.2666
80.6286
72.6851
80.3545
72.5026
72.4415
60.38
60.5428
72.4716
72.65
80.7981
72.7587
80.8246
80.5475
72.3698
72.4016
72.5532
72.4238
60.4733
60.419
80.4408
72.3624
80.7273
80.2141
72.4186
72.643
72.397
72.3517
60.4849
72.7015
80.5909
72.5355
72.6949
60.5571
80.8646
60.599
60.4275
80.4681
80.6172
60.3846
80.7149
72.7863
80.5974
80.6032
72.5131
80.5657
80.2998
84.4745
72.306
80.3835
72.4118
80.5993
80.6386
72.62
80.7741
72.9015
60.2169
84.4721
80.5267
72.4843
60.4429
81.0606
80.7177
72.4071
60.6823
80.6611
72.5212
72.4055
72.5578
72.4768
80.667
72.0811
72.1644
72.4161
60.1519
72.6074
60.4111
80.9614
72.4982
60.5521
72.8833
72.3387
72.1073
92.6535
60.7486
72.8804
72.7289
72.7251
72.4329
72.2864
72.5597
72.586
72.7185
80.5401
72.2716
72.1314
92.6513
72.5239
80.7852
72.7581
72.2451
72.7263
80.3688
72.1744
72.4963
72.5813
60.4163
72.6718
72.5127
72.7057
72.5109
80.8252
80.5126
60.6221
80.7119
72.6422
72.41
80.8988
80.6339
80.3943
72.5649
92.4632
48.5373
72.4464
80.9584
72.7493
72.5087
72.6495
92.3823
80.384
72.5888
60.5597
72.1297
72.2621
72.9642
72.3861
80.5092
80.8368
72.7073
72.7858
80.5843
72.7431
80.359
72.4499
72.1834
72.4711
60.5172
72.6291
80.6164
72.7373
72.2207
72.0678
72.6502
72.4342
72.4987
80.1435
80.4644
72.5337
72.7642
60.2804
72.4428
72.627
60.4099
72.5273
72.3397
72.3539
72.7664
72.3594
60.4936
72.6567
80.5074
60.5526
72.7554
80.5076
60.1066
80.86
72.3464
72.8867
72.533
72.4055
72.6288
80.9371
72.6494
72.7067
72.4796
80.5681
60.6131
60.6982
72.4588
72.5633
72.4956
72.4746
80.5421
80.6499
80.7938
72.8131
80.6623
72.3791
72.7738
72.6284
60.281
72.731
80.5431
72.377
80.9336
72.4615
60.4855
92.7285
60.3595
72.4147
80.4092
80.6557
72.6465
72.6155
72.6669
60.4972
80.5005
72.5168
72.4256
80.3398
60.3605
60.2402
60.5815
72.3834
72.6002
80.285
80.4245
80.7547
80.3898
72.4746
60.4631
72.5504
80.9387
72.582
72.8812
72.5707
80.7224
80.165
60.3142
72.5419
72.8827
80.7344
72.7879
72.7863
80.8309
80.4795
84.3269
72.4669
72.368
80.6584
72.5227
80.8039
72.6502
72.628
80.5679
72.4109
80.4371
80.4586
80.734
92.3966
80.7679
80.8214
80.831
80.7712
72.5218
81.0424
72.477
72.5582
72.8328
80.4031
72.6494
80.5409
60.5499
80.7045
60.2019
72.5105
72.673
80.6349
72.6988
60.5582
60.6017
80.3432
84.476
72.4038
72.7976
60.5169
80.4881
80.4731
80.4968
92.4445
72.5516
72.5146
72.3684
72.4374
80.7596
72.6829
60.3277
72.3685
60.5256
72.7153
72.4335
60.2016
72.5157
72.3586
72.5139
84.2453
60.622
72.3009
60.4622
80.238
72.5916
72.7088
72.5137
72.2102
72.6572
72.7634
60.1778
60.4148
72.9265
80.6495
80.5923
80.8415
72.697
72.4744
80.6865
72.6178
72.8191
80.3963
72.7658
72.4057
80.5224
72.5278
72.6564
80.7153
72.4702
80.5691
72.5773
72.7124
80.3691
72.5166
80.6099
72.4933
72.5911
72.6314
80.6833
60.2444
72.5922
80.5794
72.6232
84.5849
60.5394
60.6152
60.1983
80.7263
80.4395
80.7753
72.5841
80.5119
80.58
72.5184
80.5356
72.6571
60.519
72.5287
72.766
60.0951
80.8448
80.4266
80.512
72.3963
72.1723
60.4649
72.3928
72.6252
80.8846
72.5699
72.6398
80.6731
72.5779
80.8246
80.8232
80.9689
80.8891
72.8529
72.6528
72.5491
80.834
72.8049
80.3291
60.3674
80.5207
80.8466
80.5549
80.7075
60.556
80.7596
72.7869
72.3751
72.6109
48.3327
72.6089
72.598
60.1359
80.6615
60.6886
80.6174
80.692
80.2798
72.462
60.3531
80.7
80.72
60.4161
80.7494
72.6793
72.5506
80.8405
80.3827
80.6304
72.8833
72.5223
72.3576
72.7015
60.4696
60.2376
80.729
80.9124
80.4239
80.7077
80.6493
80.713
72.7823
72.8376
80.6436
72.7469
72.7108
72.2889
72.5084
72.8132
72.5113
72.2403
72.6479
80.6732
80.9125
72.6404
72.6265
80.596
72.5442
60.3235
60.4161
80.563
80.6804
60.5814
80.4642
72.5451
60.6012
80.8157
72.4529
72.4614
72.6575
60.1843
72.5388
60.1333
72.3468
80.4739
72.888
60.3508
60.6235
80.8134
72.1993
84.6648
80.8544
80.568
72.1422
80.7152
80.9177
80.5656
72.2753
60.5045
60.2202
60.6828
80.6418
72.4153
80.7419
80.4696
80.7502
72.4086
72.5788
80.5434
72.5468
80.7154
80.4693
72.88
60.2221
60.373
60.6545
80.6825
48.7214
84.5669
80.7282
72.3989
72.4476
80.8072
60.2952
80.6024
80.5805
80.5783
80.4337
92.2586
72.3104
72.4239
80.403
92.7962
80.8877
72.6117
72.6443
72.7404
72.1812
60.6939
84.524
80.4095
80.5377
80.8027
72.8178
80.5177
72.6467
72.8058
72.4051
72.5914
72.1986
60.6766
80.3315
72.4032
72.3578
72.5606
72.4983
72.4071
72.5735
80.6221
72.8158
72.8257
92.8053
72.3883
80.4396
80.6947
92.6775
80.3237
80.4158
60.4171
80.6951
80.368
80.4115
72.387
72.7212
72.3316
72.64
72.8363
60.7943
80.5224
72.4048
72.5871
80.6152
72.3874
72.6388
48.141
72.6156
72.7154
72.5151
72.6385
72.708
72.3997
80.6996
72.4662
48.3022
80.3771
80.8452
80.7388
72.3322
72.3958
72.6452
80.4001
80.2142
72.623
72.3604
72.8063
80.2978
80.5341
72.7272
72.4235
80.8129
80.6983
72.3936
72.815
72.6512
80.4101
72.3954
80.3504
80.9323
80.8135
80.3575
72.324
72.3037
60.5348
80.4123
80.413
80.7279
80.5974
72.9815
60.6005
72.4052
72.4651
80.5333
80.8204
92.6296
72.4424
80.4509
80.4385
72.391
60.4798
80.5394
80.2772
80.8766
80.3817
72.3442
60.4124
60.5439
72.5255
80.9104
72.6398
72.2613
60.3713
80.7284
72.2704
80.8221
60.5262
72.4847
80.5551
72.5668
72.5083
72.4208
80.8442
80.9183
72.5295
72.6813
72.6349
72.3844
72.574
80.8282
72.6876
80.3988
80.805
48.2176
80.9697
80.4248
80.3725
72.6743
72.4498
72.5187
72.756
80.3796
72.2543
72.1282
72.6551
72.6329
72.5437
80.568
80.2397
80.3917
72.5345
72.6521
72.7803
72.636
72.6224
72.5403
72.4275
80.5
80.568
48.1875
60.5499
72.7304
80.7197
80.6925
72.4135
72.5161
72.7577
60.6069
80.6088
72.4915
60.2488
72.8413
80.6648
72.7245
72.9764
80.9148
80.4995
72.7043
72.6428
72.6042
72.8493
72.676
72.2941
80.7603
80.7172
80.8675
80.2287
72.2093
72.549
72.9678
80.3339
72.6744
72.5815
72.8573
72.3923
80.391
80.9265
80.6664
80.3184
80.2471
80.3484
60.5403
72.6299
72.3512
72.6098
80.7079
80.627
72.8591
80.6396
72.3562
60.646
72.471
72.6133
80.4908
72.6409
60.3453
72.8822
72.8212
60.7056
60.3791
80.5692
80.4199
72.7852
72.5676
72.8412
80.5031
72.6041
72.892
72.5209
72.3815
80.4021
60.4023
80.266
80.8217
48.357
72.4719
84.4781
80.5097
80.6493
80.8665
60.6571
48.3482
72.526
60.2561
72.533
72.3695
72.7276
60.5653
72.5508
72.4232
48.0995
72.5455
60.3977
80.8207
80.4383
72.7743
60.3792
92.5141
80.3919
80.9332
72.5857
72.6403
72.4514
72.4935
80.7551
80.3677
80.7554
80.9186
80.8017
72.4459
48.2672
80.7722
72.4616
72.6694
72.651
72.4135
80.5307
72.5274
80.7568
80.8418
72.4974
72.3766
80.7985
80.7754
72.5277
81.0721
80.5535
60.1604
80.5819
80.6281
72.5349
80.5838
60.4906
80.8305
72.5411
60.4015
72.4514
80.7305
80.1776
72.5627
60.6964
72.7625
80.5518
72.4914
80.6808
72.5872
80.7578
72.4041
80.6847
72.278
72.7561
80.8556
72.5048
72.7086
72.4376
80.6667
48.1478
72.916
72.5394
80.8519
80.753
80.9024
80.4624
80.4428
80.6892
81.0742
80.7905
72.5153
72.5567
72.3507
48.2781
72.616
72.3098
60.3039
72.6597
60.3121
72.4987
72.2733
80.5158
80.7564
72.7164
80.5122
72.4107
72.1763
80.4447
72.5685
72.4636
72.7003
80.3277
72.309
80.4623
80.8364
80.3139
72.4573
60.1959
80.5718
60.5266
72.4025
72.7283
72.411
72.6797
48.379
72.6337
72.6932
60.4004
80.6657
80.366
72.779
72.5698
80.4359
92.415
80.5665
72.4823
80.5348
72.5877
80.4246
72.727
80.6816
72.2814
72.5695
72.1986
80.4511
80.2897
80.2415
81.182
72.7831
72.463
60.7236
72.4948
72.3609
80.6112
72.389
72.5847
72.6841
72.3279
80.3045
80.3352
80.4868
72.6832
48.426
72.6166
72.2997
60.4842
72.4588
80.2731
80.4456
80.5892
72.8804
80.2072
60.5087
80.6947
72.5722
80.6695
80.5334
60.3619
60.5063
60.3722
80.7441
80.5374
60.5646
80.8664
80.7616
72.7561
72.5199
72.6684
72.5207
72.6897
72.3284
60.5648
72.5633
72.4384
72.6904
80.7699
72.5687
80.535
80.8492
72.4807
72.5
72.2421
80.8225
80.4599
72.3651
80.2111
72.6672
72.6456
60.4818
72.589
80.3268
60.3892
80.7026
60.1954
80.5482
72.6181
72.2137
72.2896
72.2422
81.113
80.432
48.1999
72.6146
72.695
80.8817
80.8116
80.6475
80.5113
60.2797
72.4611
60.1574
81.1687
72.4259
72.6728
72.4956
48.2513
72.6091
80.6731
80.773
60.2943
72.6998
72.3132
72.4811
80.5033
80.4335
80.644
60.341
80.6152
80.4137
72.5378
72.3962
92.2682
72.604
72.5137
72.3445
72.6385
60.4572
72.5815
72.6291
60.4916
60.5763
80.2656
72.1756
72.2477
72.2807
72.5394
72.8095
80.5983
72.5235
72.606
92.6655
72.5554
60.4724
80.217
80.8068
72.5547
72.2902
80.0997
72.4396
48.1778
72.7919
48.2794
72.4371
92.7005
80.5597
80.8847
72.667
80.5448
72.6212
72.6636
60.4201
72.3621
72.3029
72.8415
80.4268
84.5253
60.4757
80.7032
80.5715
72.469
80.6328
60.3383
60.2192
72.8227
60.3983
80.4557
80.9848
72.4006
72.5239
80.7886
72.1397
72.6458
72.5499
72.4875
48.356
60.7869
60.6507
80.5061
72.6694
80.5867
60.453
72.9923
72.2152
60.4038
72.6134
72.7408
80.76
72.6443
80.635
60.166
60.6245
72.2666
60.6629
72.6174
72.5858
72.6407
72.328
80.753
72.535
72.7264
72.3246
60.5072
80.3838
72.4304
84.4835
72.7295
72.8632
60.3658
80.3625
72.3794
60.4458
60.7298
72.8357
80.4099
80.5168
72.5489
80.6171
80.4989
60.4302
72.5025
60.3903
72.3324
80.8365
81.0163
72.4696
72.7356
72.6251
80.3549
81.081
80.8154
80.6196
72.4638
80.7308
80.8662
72.546
72.7085
60.5831
80.6036
60.5177
80.7052
72.3965
72.5732
72.8397
72.4693
60.6903
72.4976
72.3978
72.8225
72.7713
60.7573
80.2184
60.4028
80.4333
72.5172
72.7759
80.8854
72.5613
72.4857
72.5705
80.8058
72.5311
72.6453
72.3519
80.8014
80.9128
72.4481
72.3781
80.4068
80.8091
72.597
72.0994
72.6306
80.8264
72.6229
80.499
80.5697
60.6977
80.7723
80.5997
80.782
72.4626
72.7838
80.3668
60.7254
72.4652
72.3323
72.676
72.2873
60.5734
72.6278
80.4949
80.7966
80.6508
72.4814
80.2998
72.4688
72.4086
80.5802
80.6985
48.0918
60.5231
72.3822
72.34
72.4936
60.3256
72.4271
80.794
72.3614
72.4092
72.6264
72.5873
72.6023
80.471
80.6097
80.9653
80.8619
72.6886
72.7651
60.4174
72.4851
60.5443
80.9183
80.631
72.2708
80.6722
80.6234
72.6809
72.6897
72.7052
80.3528
80.7279
72.9595
72.2711
72.6538
60.3207
80.3354
80.346
72.4519
72.6166
80.4261
80.3636
72.5031
80.78
80.8033
72.4997
60.3695
84.6352
80.571
80.5022
72.7326
80.5925
60.3888
72.5072
80.5306
72.4802
80.4549
80.7582
72.5327
80.4266
80.4831
72.5016
80.779
80.6661
60.6794
72.7478
80.5442
72.7311
72.5445
80.5995
72.3566
72.7514
80.386
60.1182
72.673
80.7385
92.1635
72.4738
80.1767
80.8856
80.586
72.2879
72.6882
72.3275
72.4302
72.5969
80.645
80.5393
72.6856
80.6955
80.7282
80.5417
72.2804
60.5391
72.8238
72.6265
60.7118
80.6372
80.6698
80.7975
72.5277
80.5365
72.4844
80.8692
80.6556
72.6757
80.4477
80.5633
80.3368
60.3239
72.528
72.4989
80.6588
60.3228
72.5855
72.7464
72.1769
80.5768
81.0324
72.5208
60.3645
72.6558
81.0152
72.7553
80.8531
72.782
72.3255
72.6751
60.1913
72.8253
72.4054
72.6198
72.7638
80.8419
81.0425
80.9189
80.2726
80.3802
72.5251
72.5021
84.7321
80.7269
80.5009
80.8949
72.4035
60.2872
80.5191
80.4298
60.7524
72.5851
60.4437
80.455
72.2356
60.2784
72.8202
72.7123
80.5184
80.6372
60.6045
84.6607
80.6462
72.4564
72.5915
72.573
72.662
92.7121
60.199
72.5383
60.6621
48.3427
84.2355
72.5156
80.7756
80.8039
60.2686
60.2818
81.0075
80.7808
72.3872
72.4349
84.4871
80.9362
60.5417
80.5712
72.4217
80.3927
72.5945
72.4954
60.1678
80.5407
80.798
72.6291
60.3085
92.4585
72.3416
72.6004
80.4478
60.4225
72.6817
72.5038
80.8553
80.4725
80.5453
72.4397
72.5915
72.4922
80.6083
60.5066
72.4917
72.6652
80.5623
60.543
72.464
72.4939
72.6298
72.7058
60.4021
80.2283
80.322
80.5066
80.3905
80.6004
72.5874
80.649
80.4569
72.4289
80.7218
80.3268
60.5706
80.3109
72.5359
80.6505
80.3946
72.6876
80.3189
72.8044
72.6215
80.7257
72.8883
80.6451
80.7671
80.8884
72.4284
80.9312
72.3878
48.4504
60.3276
72.5337
72.5015
80.4999
72.3958
72.3597
72.7743
60.6312
72.6812
80.8371
80.9052
60.3576
80.2899
80.4717
80.6183
72.2036
72.6384
72.7985
72.6235
80.7799
72.5433
60.5303
60.427
72.649
80.3329
80.6355
72.2417
80.7893
60.688
92.6614
80.6337
60.637
72.3822
80.0159
72.3556
80.9781
72.3017
60.5785
72.9
80.2052
72.5721
80.9053
80.728
80.4635
80.4654
80.4922
80.9162
72.2939
72.5066
72.3778
72.4129
60.692
60.5178
60.2217
72.3008
60.5293
72.6865
72.5952
92.8702
72.4696
80.4006
80.6246
80.8168
72.688
80.5419
60.6099
72.6039
72.5797
60.321
80.5781
72.4478
72.3669
60.5701
80.7177
72.3488
80.6513
80.7036
80.3684
80.2926
72.5745
72.2943
80.6081
72.6415
80.4678
92.6903
60.4605
72.5996
72.4077
72.3699
80.5181
80.7071
80.6403
80.2946
72.6901
72.2565
72.7182
72.8447
60.6381
84.6192
80.9306
80.414
60.6562
72.4975
80.6189
60.3058
84.2992
72.9237
72.3592
72.4774
60.5014
80.6158
81.0612
80.2751
72.8616
72.7418
72.5507
72.6174
72.3022
72.7353
60.3734
72.5774
80.6787
80.9819
72.6142
72.659
60.4163
60.5385
80.4717
72.4644
60.4531
80.8358
80.5279
72.5981
60.6172
72.5963
72.5611
72.4708
92.144
72.4379
72.6338
72.3124
72.4817
81.0846
80.3735
72.5452
72.6119
72.9426
80.8284
81.1681
72.7552
60.337
92.3445
72.5554
80.6586
60.385
72.7808
72.825
80.8243
72.8361
72.5302
72.0823
80.4296
72.5401
73.0754
72.2929
80.5612
60.1933
72.4095
80.3314
72.5467
72.8236
80.417
80.4965
81.1272
72.5813
80.5693
72.5151
72.6813
80.4799
92.6537
72.4305
72.399
80.8404
60.4689
80.869
72.2629
60.4441
80.8143
60.5579
72.7448
72.2698
72.5186
72.3359
72.8306
80.4973
72.3847
72.2562
60.4206
60.4231
73.1036
72.5885
72.5414
80.5402
72.5597
80.2515
72.4689
72.223
72.6902
72.2906
72.7457
80.3427
60.4748
80.5072
72.4944
60.3793
72.6556
60.1768
80.5216
72.4341
80.6909
80.3324
72.5373
80.7241
80.5199
60.4866
80.4082
72.5442
60.4252
72.5204
48.1672
80.5558
72.6297
60.5116
80.5487
72.0928
72.7043
80.7804
72.4103
72.6705
80.3098
72.9906
60.5547
72.7346
80.3313
72.578
80.6983
72.5922
80.4632
60.653
60.6381
72.2838
60.4493
72.7093
72.7384
72.8303
72.7518
72.6421
72.7878
80.6408
72.5215
80.8402
72.1387
48.1612
80.6114
80.6104
72.2132
72.678
72.8179
80.8885
80.7802
60.4454
80.8133
72.3924
72.862
72.4177
72.476
72.3588
72.6124
72.4261
92.379
72.5733
48.2092
80.3197
72.5351
80.4496
60.4741
72.6483
72.4138
72.4101
72.5685
60.5443
72.343
72.4496
80.6256
60.6625
80.524
72.4948
73.0706
60.6904
80.7336
80.8188
80.4018
72.4423
80.5703
72.5856
72.5301
72.5961
80.1335
72.7211
72.9065
72.4875
72.6298
72.4014
72.4068
80.6895
72.6976
92.7646
72.4678
80.2581
60.646
60.167
80.4889
72.0707
60.6459
72.8984
72.6934
80.4647
72.7309
72.7974
60.214
92.8081
72.6496
80.6262
60.534
80.7554
72.4617
92.7097
72.886
72.3741
81.0071
60.5094
80.6494
48.1924
72.4119
72.3039
80.4403
84.8464
72.9051
80.565
72.5156
72.6193
72.7316
84.5295
72.4197
72.6834
72.5414
80.6908
72.3039
80.8174
80.9093
72.3225
72.5825
72.9046
80.4495
80.5317
80.6225
80.4513
60.4419
72.4444
60.3425
60.3967
72.4368
72.6506
80.5836
80.862
80.8867
72.4206
80.8687
72.4026
80.4665
80.7986
60.3816
72.6623
80.8921
72.5313
80.8754
80.4485
72.5405
72.2292
80.2853
80.8281
84.7575
72.8677
60.4622
72.6702
60.1152
80.4095
72.8026
80.8824
60.2723
60.3243
72.3357
72.9369
60.3088
60.259
72.5255
80.5423
80.7583
80.4494
80.5898
80.2749
72.5835
72.3494
80.7458
72.3497
72.7222
72.311
80.4218
60.657
80.7241
72.6439
92.3879
72.5573
72.2531
60.2327
80.8284
72.4084
80.6778
80.2633
72.7411
60.5586
72.5939
80.3316
80.695
80.8764
80.5842
80.9028
72.4202
72.3747
80.4193
72.3978
72.778
60.5489
84.5432
80.5542
72.3349
80.3667
80.651
80.6772
80.206
80.6042
72.3963
72.5848
72.6374
72.4404
72.9786
80.6732
80.784
80.9002
72.5331
72.4306
72.3619
72.5777
80.5474
80.4244
60.4289
80.7094
80.8224
92.6359
72.9194
72.3882
72.6776
80.3826
72.6154
80.6247
72.5141
80.3611
60.4758
72.4005
60.5465
80.8723
81.0665
72.64
60.3189
72.5042
72.8576
80.7514
72.7554
60.4469
60.4199
60.4401
80.5125
72.4653
80.9905
72.1395
80.1619
48.1935
48.4235
80.8376
80.6938
72.7112
80.8693
80.8058
72.4138
72.3841
72.5572
60.4492
80.7199
80.4636
60.5251
84.506
72.2505
80.706
60.4453
72.674
84.9594
80.5432
60.1274
72.5481
72.4442
72.6573
72.5173
60.3304
72.5269
72.5543
72.4137
72.7483
72.3939
80.7815
72.2931
72.7124
80.7392
72.7508
72.5128
80.457
72.9679
48.2138
72.7697
60.7023
72.3777
80.4908
72.7536
72.4897
72.2524
60.4551
92.4475
72.0981
60.1774
80.688
72.5473
72.6125
52.1424
48.4685
84.4953
80.6734
80.8182
72.2836
72.6947
72.3926
80.5242
72.6462
60.5222
72.7813
80.8085
60.4222
80.7736
80.8502
72.4109
72.3878
72.7667
80.6983
72.5487
80.532
84.8087
72.7243
72.6479
80.354
72.4402
80.5727
80.591
60.4576
72.4221
60.6902
72.765
72.7296
60.3755
72.3594
72.6462
80.7014
80.4422
80.8364
72.3839
60.5615
48.1641
80.2862
60.3038
72.9127
72.3902
72.5415
72.3639
80.6367
80.6179
72.4742
80.8712
72.4685
72.6383
80.5588
80.517
80.6167
60.4645
80.8974
72.3166
72.4904
80.9387
72.3843
60.5533
72.4194
80.2869
72.7147
73.0436
72.6737
48.234
80.6744
80.5898
72.3393
80.6088
72.7556
72.7121
72.6348
72.6013
72.7074
72.4522
72.6685
72.5915
80.4673
80.7578
48.4042
72.5025
80.7137
72.3467
72.7651
80.5692
72.4632
80.5159
72.3947
60.5693
72.3481
72.6401
80.554
80.3012
60.2535
60.5051
72.5129
72.7725
80.4618
48.2281
72.8885
72.5284
72.3588
72.7639
80.6752
72.5418
72.3817
72.3695
80.5762
72.547
80.3489
80.6232
72.2051
72.7384
80.4715
60.6941
80.4355
72.8667
80.3225
72.336
72.2667
72.4284
72.54
72.7174
72.5922
72.6487
72.4772
72.6741
72.6779
72.9244
72.5791
60.262
72.7386
72.5784
60.3855
72.5403
80.2998
92.4334
80.3638
80.5376
80.399
72.6108
80.7509
48.3374
72.7071
60.5629
80.73
72.5139
72.4654
60.523
81.0141
72.491
72.9553
60.5947
72.5568
80.5462
80.7047
80.8163
80.4732
60.3359
60.4117
72.6853
80.4319
72.5041
60.2843
72.5109
72.6644
80.5858
72.3125
80.7706
80.8048
72.4569
60.3434
80.5399
48.2223
72.3744
60.422
80.4316
72.4062
80.6837
72.4611
72.6575
72.569
72.7237
80.7559
72.8646
72.4932
80.4869
80.488
80.7369
80.4463
72.5565
80.4576
80.3723
80.5563
72.5536
80.8308
80.6895
72.3742
84.7748
80.4089
72.5267
80.8198
80.4194
80.6893
72.6685
80.6111
72.465
72.6821
60.4504
72.5539
80.463
80.8606
72.3321
72.3803
60.3933
84.6028
72.392
80.7467
72.6877
72.2999
72.7176
60.3571
72.8261
60.6272
72.4976
72.3148
80.9905
72.795
80.6824
80.6147
72.7058
60.5728
72.763
80.8607
72.6346
72.205
72.8492
80.6452
80.8159
80.3374
60.5366
80.7586
80.5327
80.5499
72.4822
72.4282
72.4431
80.6446
80.6544
72.4698
72.5495
84.3075
80.7313
80.6568
72.4395
80.9165
72.6059
80.3331
80.8277
72.7326
80.2317
84.544
80.6036
48.1096
80.7231
72.531
72.7258
72.5025
92.4811
80.8251
72.3947
72.4941
92.5976
80.675
72.8752
60.3319
80.6948
80.4452
80.6309
72.2379
81.0127
80.9327
80.8955
80.7393
80.9563
60.727
72.5871
72.3365
60.6987
80.5566
72.5737
80.4464
80.5457
72.7708
72.4655
80.6929
72.201
72.5776
72.6218
72.4846
72.6877
60.6369
72.5661
80.3965
72.4341
48.3223
80.634
60.3406
84.7868
80.6908
72.267
72.4785
72.6287
72.5613
80.9178
80.6457
72.8
60.5373
80.7545
80.455
72.5616
72.7647
72.8212
60.566
72.612
72.707
72.5351
80.9514
72.471
72.8055
81.1662
72.5164
60.4118
80.8673
72.3233
84.4951
72.0639
80.8194
60.7258
80.5537
80.9878
72.6415
72.3446
80.5019
72.4905
92.6651
72.4247
72.4884
72.4605
72.736
72.5649
80.7178
80.3369
72.6842
60.4504
72.5602
72.6827
72.4109
80.5872
80.672
72.9989
60.3427
80.5933
80.5917
72.568
60.5719
72.5888
72.5752
80.4744
48.2532
60.3065
72.3493
72.5189
80.9967
80.9589
72.642
84.5409
72.4557
80.8035
80.6788
72.4545
80.7341
72.5886
80.1823
72.559
80.6147
80.5774
60.4008
72.77
60.391
80.4103
80.1542
72.457
60.2181
72.217
72.6983
72.3911
80.5224
72.0392
80.5462
72.6826
72.7189
60.7243
80.7238
72.3925
80.8252
60.1844
72.2075
72.398
80.7697
60.3281
80.387
60.3845
80.5629
72.5564
80.9265
72.5325
72.5757
52.1659
72.3384
72.6925
80.6056
81.189
80.4628
60.5758
72.4102
84.7411
80.6215
80.2927
72.5549
60.3285
80.5829
80.4314
48.1698
80.5647
72.7716
80.737
80.3696
72.5404
72.4777
80.5253
72.756
80.5755
72.5029
72.4981
80.4487
72.3767
72.4336
60.5906
72.4562
72.6276
80.7019
72.6583
80.6579
80.744
72.4641
48.2492
80.7104
72.4847
60.3658
72.7504
80.7143
72.2892
80.5266
80.6065
80.5246
80.779
80.5502
72.4152
80.4653
72.505
72.5539
80.5187
72.448
80.6468
80.8125
72.2672
80.416
60.593
72.5174
60.4859
72.4036
60.518
72.0624
72.5297
72.3175
80.2968
60.5006
80.5436
92.4812
72.3453
80.5328
60.1749
80.5508
80.6314
80.4375
72.4155
72.783
72.5391
72.6466
80.3384
80.8356
72.7491
72.3458
72.6368
72.4766
80.9172
72.7737
80.6342
72.3832
60.3571
72.3646
80.6078
60.0952
72.3327
80.5978
80.489
72.8038
80.8372
72.4546
72.8771
80.5812
80.7333
72.6289
72.6892
72.5027
72.3857
60.4959
80.5389
60.9304
72.6083
60.1765
80.2177
92.7084
80.798
72.7193
80.7968
80.2009
80.5716
72.5956
80.7923
80.5161
60.6075
72.3288
72.7771
80.384
72.5255
80.6599
72.4102
80.7355
80.554
80.2668
48.3097
72.3983
80.7296
80.7207
80.5671
72.5924
72.4848
72.4485
72.7149
72.6736
72.7368
80.7633
80.4854
80.5518
72.3616
80.6885
60.3742
72.6806
72.726
72.7499
72.5757
80.911
80.6154
80.604
72.6516
72.6472
72.2549
72.269
80.9141
80.4941
80.546
80.3268
80.665
80.7384
60.3939
80.8104
60.2522
72.4527
60.3413
80.7937
80.5607
72.7247
80.5821
72.7695
60.3539
80.3991
80.3855
80.5184
60.5418
80.4512
72.4678
80.5225
72.2944
80.3539
80.7064
80.7326
60.5366
72.5187
80.7733
80.4886
80.5274
72.8284
72.5726
72.1118
72.6135
72.932
80.5541
72.6075
80.9279
72.4825
81.012
80.6568
80.4659
80.6647
80.4973
72.4962
72.5144
80.7757
60.3657
80.3935
60.6026
72.4014
80.9395
80.5191
72.6531
72.5382
72.5383
80.7746
80.8826
80.5448
72.8437
72.638
72.466
60.6631
72.7244
72.5882
72.6382
72.5721
72.4158
72.5312
72.7197
72.5676
72.6555
80.6836
80.7554
72.5698
72.5266
72.6379
72.6068
72.7736
80.4704
60.6776
80.7589
80.4747
80.8136
72.7353
80.4934
72.67
72.4936
80.584
60.4058
72.5455
72.5602
80.7492
80.7747
80.72
80.5189
72.294
81.0666
80.7166
60.6292
80.3385
80.7107
72.7613
72.9821
72.6976
80.4605
60.2262
72.9447
80.7861
60.4213
60.461
80.9213
72.7561
80.8818
81.0754
60.7296
80.425
73.0082
72.6318
60.5745
60.3975
80.4367
72.7479
60.3328
80.6254
60.368
72.7404
80.8487
60.4365
92.7889
80.5348
72.3141
72.2468
72.7113
80.7844
80.6893
80.5603
72.4153
72.5902
72.7972
73.0037
72.5364
72.2213
72.3036
72.8058
80.5086
60.5394
72.5547
80.8466
80.2852
60.1772
80.9837
80.4161
72.4341
80.9143
72.5678
72.6772
72.1615
72.434
80.618
72.5937
72.6858
80.5136
72.5557
84.5126
80.8089
60.3616
80.3238
80.6114
72.5474
72.7531
72.584
80.6828
60.2236
72.8365
72.4465
72.5116
72.5262
72.4155
80.5006
72.7091
80.6406
72.7816
80.274
72.7536
72.2294
80.3297
72.8031
72.327
72.4176
80.6547
80.6645
92.7967
72.4046
72.4354
80.2639
60.2675
72.8738
84.2335
72.7332
80.7397
80.7022
80.7044
72.827
80.7531
80.4116
72.691
72.5066
72.3022
80.8562
92.1881
80.62
72.6051
80.4433
80.4859
80.5642
72.6075
72.3519
72.6933
84.3635
72.5578
72.5117
72.3949
72.7725
80.5105
72.372
72.3282
72.548
80.8423
72.5364
80.5281
60.5831
72.6638
73.0057
72.5555
80.5092
72.456
48.4913
92.2954
60.5376
72.6619
80.831
72.4945
72.7128
72.5474
72.7572
72.5533
60.1272
80.5677
72.4318
72.849
80.6131
72.4701
84.8808
80.5769
72.5279
72.9623
72.4794
60.3207
72.5575
80.5051
80.5219
80.9457
80.4734
72.4509
80.927
80.6743
72.5542
60.5806
80.7859
72.3519
72.761
72.2542
72.6857
60.0981
80.3983
60.5439
72.8216
72.2929
72.5733
80.773
80.7409
72.5381
72.7672
72.7351
72.4954
80.457
60.4872
72.6369
72.547
72.427
72.6207
72.3565
72.5342
80.5238
80.6598
72.532
72.9664
80.6061
80.7433
80.7282
72.9383
48.3852
48.3613
72.163
80.6779
72.6104
72.4935
72.7451
80.8321
72.4183
60.267
72.6178
80.7621
60.5439
72.482
60.7457
72.3847
80.8465
72.2778
80.7681
80.4581
80.9567
80.5458
60.7725
72.6672
92.6731
72.7435
72.7106
52.0602
80.5643
80.3433
72.651
80.4627
80.5964
80.539
72.6549
72.7795
72.8233
72.4799
72.5629
80.4388
72.584
72.4742
72.6649
80.3353
80.3768
80.6242
80.3235
72.6299
80.4245
72.7414
72.1634
72.6178
60.5796
80.559
72.3303
72.6145
72.3853
72.4976
92.8997
72.7234
80.4711
80.5437
80.5154
72.6416
80.7132
72.7204
72.4215
72.5178
48.3289
72.6122
80.7941
72.5553
72.3496
72.5956
72.6099
72.5144
72.6058
72.3321
80.7836
72.7472
80.3433
80.7647
80.4551
80.5112
80.805
73.0863
80.7352
72.4086
80.7411
72.2556
60.6384
72.7289
72.6531
72.5297
72.5132
72.6365
60.2837
48.3943
80.6713
80.4085
80.6469
80.4824
92.6042
80.8806
72.6871
80.5522
72.5935
72.4618
80.5555
72.75
72.6943
72.3362
80.2253
80.3539
80.4565
60.5627
80.4124
80.7607
92.5141
72.6859
80.3312
72.3831
80.353
80.6435
72.4291
60.1888
60.6199
81.088
72.3811
80.365
72.4111
48.3931
72.8054
72.6889
84.2867
60.5708
80.5939
72.745
60.3705
72.501
80.9806
80.6972
72.7806
80.7015
80.6024
60.5809
72.592
80.7945
80.6039
72.5025
60.6223
72.7101
60.5615
80.3146
80.239
60.5206
72.7895
72.5879
80.5317
80.8631
80.3439
80.8144
80.2848
72.7526
80.3446
60.6867
60.5949
80.6987
72.5802
80.3074
72.4122
72.8328
80.2676
80.54
80.6295
60.2349
72.5671
72.1982
72.331
72.5427
80.4254
80.4238
80.4281
80.9218
80.6759
60.7196
72.4617
72.803
80.8156
80.3903
60.4167
80.3746
72.295
72.5263
72.5389
60.4712
80.5163
80.5568
72.7337
60.3732
80.5888
80.6562
72.6398
72.3256
72.8541
72.6312
72.2987
80.6721
72.5249
72.4778
72.6698
60.6083
72.4566
80.4527
80.584
48.2624
80.1943
72.4339
81.1154
72.3268
72.637
72.2909
80.3484
48.1604
72.7606
72.8154
72.318
72.3104
80.4706
80.6114
72.5903
72.4921
72.7391
72.617
72.7616
60.5772
80.4569
72.4859
80.3531
72.8811
72.5635
60.4328
80.6252
72.3531
72.2503
80.7943
72.4037
72.6111
72.4565
80.4705
80.714
72.691
72.8023
60.6238
80.5418
60.2371
92.627
80.9769
60.147
72.4246
72.6996
80.5102
80.4943
72.3623
80.8123
80.686
72.4328
80.5614
72.7846
60.5441
80.54
72.811
60.2809
80.8079
72.9068
72.5934
80.7723
80.9672
80.5204
72.4098
60.5949
80.7185
72.7686
80.7136
72.4948
72.3864
72.6339
80.3465
84.651
48.4424
80.35
72.5657
80.3937
80.5694
72.9076
80.8295
80.6414
72.635
72.5523
80.5419
80.6237
80.3016
80.5564
60.4503
72.4723
80.6495
84.3392
80.3801
72.4745
72.5168
72.6606
84.5066
80.4778
80.8225
72.2992
80.9524
72.445
80.8012
80.4222
80.6683
72.634
72.5337
80.5057
72.48
80.291
72.6269
72.3412
80.6828
72.5347
72.8105
80.269
72.6908
72.2687
72.5164
72.376
72.1827
60.494
72.6222
80.9993
72.5182
72.9694
72.3272
80.6263
80.1504
80.6303
80.1357
80.5269
72.2873
72.3276
60.189
72.398
80.7468
80.5115
80.5672
80.8457
80.6463
72.6885
72.348
60.5809
80.3376
72.6347
60.4744
60.4879
80.6105
92.4552
80.5365
80.6492
80.488
80.5851
60.4634
72.6269
84.5199
80.3738
72.4191
72.3983
80.5878
72.9224
80.4116
72.6111
72.6255
60.5843
60.481
72.4172
72.8248
72.3809
80.5269
72.742
72.4038
80.8822
72.1795
80.8613
72.1259
80.6479
80.7779
80.8707
81.0175
48.3802
80.6845
80.7534
80.548
72.8741
72.5134
80.6412
60.6122
80.6897
80.6014
72.9393
72.5436
72.1333
80.7588
60.6083
80.7784
80.6564
80.7067
80.8719
80.2594
72.8274
80.5884
80.1798
72.7199
72.4272
60.7004
80.6481
72.615
72.7637
80.9112
72.2677
72.3355
60.405
80.7619
80.3453
72.6543
60.4126
80.2139
72.7623
72.6196
72.5662
72.2746
80.4666
72.6436
80.6071
60.4686
72.6907
60.5306
80.6338
80.5375
60.2686
80.3274
72.6093
80.6294
80.6032
60.5316
80.6378
80.5327
72.4829
72.6286
80.2321
72.3235
72.4503
80.8429
80.3989
73.0466
72.6395
72.6167
80.7197
60.5426
72.8324
72.5425
80.5632
80.4565
72.455
60.2142
48.2733
60.5603
72.5845
72.6167
80.5705
92.622
72.6573
80.8459
80.9212
72.7586
72.5882
60.2624
92.5687
72.6069
72.7145
72.9294
80.8552
72.3941
80.4666
72.6339
72.7895
80.6947
72.7127
60.2419
72.7145
80.8359
72.7634
72.1662
60.5316
92.3521
80.7897
72.6101
80.8357
72.6513
72.3756
80.636
72.7671
60.7069
72.1757
80.8101
80.4866
72.8466
72.2769
80.5307
80.422
72.4497
72.6629
60.308
72.6783
80.5205
72.5794
72.5806
72.2901
72.6784
80.6059
80.6742
60.4723
80.7112
72.394
72.6636
72.5791
72.7077
72.7661
80.6481
80.6482
84.7454
72.3751
80.6242
72.4288
72.4849
60.3395
60.4204
72.6177
80.5058
80.85
72.5859
80.47
84.2169
72.4926
80.3824
72.6072
72.3135
84.3239
80.5113
72.67
80.7694
72.6816
81.0348
80.4294
72.9534
72.6014
80.5561
72.6014
72.6066
80.7514
60.4238
72.5887
72.5455
80.4016
80.828
80.3924
80.4505
80.3611
72.5448
80.8457
72.5314
80.495
72.6518
72.6811
72.4747
80.6941
80.9052
72.7227
72.6937
80.275
60.4593
72.19
80.7175
92.7777
72.572
80.5536
80.4329
60.3664
80.7487
80.9381
72.6011
80.624
72.4246
92.3407
80.5991
72.4002
72.5867
72.427
72.6197
72.3576
60.3774
80.8547
72.6162
60.1904
80.9542
60.298
72.271
80.5312
72.5873
72.5253
80.5087
72.4011
60.459
60.329
60.5808
80.2896
80.8086
60.4305
72.1465
72.4779
84.4028
72.3126
93.0311
72.8379
80.7951
80.8938
80.4431
72.4044
80.5465
72.6333
72.8421
80.7626
60.3191
72.2878
72.3096
72.4638
60.7294
72.3503
72.5968
60.4624
80.5933
72.8996
80.5677
80.5086
80.2831
72.9117
72.7027
72.8146
80.4883
80.5766
80.3896
72.609
80.6727
72.3652
80.3663
72.3307
72.5175
60.2151
72.5693
80.6517
80.5623
60.2853
80.7807
80.6314
72.3157
60.6366
72.3884
80.8416
60.331
72.379
80.6017
72.5649
72.6874
72.2716
72.5464
80.2606
60.457
72.7807
72.6023
72.388
72.3649
72.3264
72.6262
80.5088
81.0035
72.0769
72.1197
72.4132
72.2105
72.4261
72.3546
72.2771
80.863
81.0177
92.9466
80.4068
80.4966
80.6296
80.7066
92.5625
72.5366
72.2477
92.6748
80.626
72.5434
72.8428
72.5768
80.7158
80.3241
72.5958
72.74
72.3394
80.5925
60.4699
80.6091
72.3639
80.9166
72.6192
80.6567
72.5056
80.7432
84.8438
72.5851
60.4941
80.2453
80.6996
72.5649
80.4963
72.3464
72.5543
80.9182
80.7575
60.3269
72.6141
72.6696
72.6909
48.3844
80.3886
72.5149
80.9656
72.57
72.9493
80.7249
80.4129
60.8123
72.6649
80.5935
72.5476
72.571
72.2122
60.5109
72.2627
72.6885
84.9164
48.4088
72.5414
72.5154
72.5469
72.6255
72.9923
84.5808
72.4657
80.8365
80.4814
72.4883
60.6555
80.7879
48.3691
60.5941
80.7308
72.5866
60.3741
80.6949
72.1949
80.5184
80.3249
80.6253
80.8262
72.6825
80.3638
80.5201
72.6839
72.6007
60.3061
80.5327
72.5507
80.704
80.1991
80.7815
72.4679
80.4383
72.7467
72.248
80.8125
72.5375
72.4867
60.7004
72.445
84.179
80.3763
80.2426
72.3538
72.5402
80.9324
80.6456
80.2311
80.659
80.64
72.6173
72.4766
72.4849
72.6757
80.4133
80.3562
72.4699
60.1239
72.4314
84.8321
60.4889
60.6502
72.5988
72.6461
72.5664
72.7085
80.2918
72.7036
80.8303
80.889
72.364
80.3443
72.1146
72.4316
72.6505
80.6987
72.2823
80.5887
80.7913
80.3834
72.2557
72.3891
80.9017
72.6774
72.6641
72.3309
80.4591
80.5816
80.6991
80.5738
80.6131
72.6122
60.5036
80.7586
72.3367
80.6074
80.7221
84.5141
60.8143
80.7051
73.0721
80.4643
80.3166
60.5195
72.7706
80.7659
72.5823
80.7684
72.3797
80.4219
60.6674
80.8972
72.4235
72.343
72.6069
80.6416
60.5381
80.7252
72.7792
80.8173
72.757
72.3102
72.5867
72.8064
72.4217
80.8682
80.5696
72.2193
72.5769
72.4809
72.5604
84.6566
84.7098
60.5309
80.7952
72.8393
80.4063
60.3925
72.7358
72.5093
73.0486
72.4885
72.4326
80.4873
73.006
80.5628
72.363
72.5322
80.2953
60.1983
80.4959
72.5497
72.6852
80.7053
60.5262
72.6036
72.7015
80.9356
72.4544
80.5647
72.8683
80.7739
72.293
60.4228
72.5656
80.5256
60.3837
72.2497
60.4011
80.7531
72.5171
80.5392
80.692
80.5865
80.6841
80.3234
80.7717
80.7293
72.5918
92.3921
72.554
72.449
72.3847
72.0209
80.5287
72.4718
80.6509
80.5403
60.1822
72.7371
72.4352
80.6135
80.5726
72.7144
72.4525
92.841
72.6359
72.5571
72.6979
72.3798
72.3906
72.2984
72.5599
80.5365
72.653
60.9097
72.4146
60.6832
60.1709
80.2937
60.4013
72.7375
72.6202
72.7592
80.7912
72.8899
72.6461
72.5279
72.4154
80.9527
72.6083
72.7529
60.5879
80.575
72.4279
72.5081
80.6312
60.5313
72.5208
80.7204
72.4584
72.628
80.6199
80.79
80.4402
60.3275
72.69
72.4382
60.5989
72.6282
72.5671
72.1853
60.4932
72.588
72.7674
80.4649
60.495
72.5004
80.7949
72.3995
72.1075
72.4564
80.8941
80.484
60.6944
80.6235
72.8492
80.6171
72.7241
80.6839
80.4331
72.7557
60.3793
72.3814
72.3509
80.5929
92.8124
72.7298
60.2701
92.7483
72.6599
60.3422
72.4518
72.7783
60.3994
80.9174
80.6315
60.4314
80.5631
72.6262
60.6208
72.6243
72.511
72.5589
80.5939
72.5456
80.4293
80.657
72.561
72.8794
72.3371
72.503
72.4608
80.5906
72.3479
72.4229
72.3837
80.78
72.4826
72.497
72.9205
72.7738
72.6334
60.5613
92.4281
72.4438
60.6161
72.255
72.286
72.4776
72.4316
80.4759
72.4754
72.5885
72.5608
80.7661
72.4837
84.399
72.656
80.2656
80.8475
80.7396
72.468
72.8473
84.564
60.3545
72.5451
80.8409
60.2758
60.4232
72.7673
80.5226
60.4122
80.5563
72.7096
80.4729
72.7467
48.222
80.6943
72.2963
72.6264
80.7182
72.6392
80.5287
80.8161
72.5576
72.6968
80.9171
60.5433
80.3893
72.468
80.6606
72.4521
72.3573
84.8769
72.1213
72.698
80.3154
80.6331
80.6789
80.5782
80.9697
72.4494
72.6931
80.6382
72.2432
60.5434
80.946
80.941
72.3821
80.8421
72.2639
80.5295
80.4025
72.8916
60.6972
72.6883
80.8897
60.1525
60.6299
80.854
72.5585
60.1708
72.516
72.4848
80.572
80.6408
72.8912
80.7308
80.832
72.478
80.5756
80.5526
72.3924
80.7248
72.6765
72.8188
72.9571
80.6037
72.5008
72.8719
84.6025
80.8474
72.7073
80.6713
80.4119
72.9299
80.9178
80.8128
80.819
80.6127
80.9182
60.5455
72.5104
72.2651
72.5055
72.7581
80.403
80.3339
80.7103
72.535
72.3529
72.3018
80.7869
72.5043
72.7377
80.7945
80.3333
80.6227
80.49
72.4953
72.8221
72.6181
80.7227
80.8147
72.6324
72.3828
72.5192
80.6076
72.6282
72.7863
72.6174
80.6305
60.5942
72.4567
80.189
80.5062
72.4455
72.4871
72.6039
80.7323
72.6175
60.4964
72.65
72.6933
80.3867
80.8922
80.4564
80.804
72.6421
80.9412
72.6891
80.8784
80.588
72.857
72.9009
72.6431
60.727
80.3661
80.4704
60.3816
72.6398
80.3832
80.3842
80.5728
72.8294
80.6068
80.6375
72.447
72.6327
72.6577
80.5825
72.58
84.5902
80.3208
80.3798
72.5938
60.5065
72.3443
80.554
80.7668
80.2451
72.2527
72.3674
80.3878
72.4438
72.7834
72.5371
72.54
84.4894
80.7489
48.5371
60.8393
72.3712
48.2544
72.4263
72.7886
72.7626
72.5955
72.6666
60.0526
84.485
72.2389
72.4947
72.4172
60.6707
80.9475
60.2464
72.6419
72.7893
60.5546
80.7765
72.4372
80.6087
80.4548
72.2776
72.5874
80.4207
72.5974
72.7092
80.5624
80.7169
72.712
72.3511
80.1808
80.6255
72.4528
72.5385
80.3127
72.6503
80.8007
80.6688
80.1571
72.5292
72.7682
92.9099
80.5905
80.5743
72.337
80.4365
72.4681
80.5667
72.3615
80.6843
72.6518
72.6036
72.7012
72.4087
72.7345
80.9071
80.6199
80.459
72.3191
72.3685
80.8371
60.1213
60.533
80.4366
72.5827
80.4599
60.3905
80.7409
72.549
72.3394
72.7274
80.5772
80.4204
72.664
72.4112
72.3846
72.5953
84.6116
72.6841
80.548
72.6675
80.4776
80.6844
72.449
80.3383
72.526
80.6448
80.1825
80.8625
72.5072
60.2526
60.6981
80.5823
72.509
72.489
60.6394
84.539
80.7293
72.3756
80.5291
60.6778
80.3622
72.2175
60.5067
80.4602
72.6873
72.5487
92.5394
80.7813
72.4751
80.6775
80.5567
80.7667
80.7411
80.6172
80.349
84.7478
80.8
80.3239
80.8447
72.4554
80.3668
72.2659
72.5686
72.7054
80.4516
72.7448
60.6944
80.6562
80.6496
60.5841
72.5941
72.7616
60.7773
80.9313
80.6612
72.5803
72.6928
72.3382
72.4546
72.7907
80.8241
60.8409
80.7743
72.2859
72.6705
80.6674
80.7638
80.3449
80.5439
80.5079
92.5784
72.9574
72.5358
72.4222
84.5802
72.6088
72.2237
80.6223
72.6431
80.3168
72.4359
72.5682
80.6517
72.7133
72.6197
72.5157
80.8514
72.6105
72.494
72.5851
72.5062
80.4658
80.7437
72.3924
60.4654
72.3802
80.8502
80.5283
72.4666
72.2178
72.2412
80.4838
80.9098
72.5221
80.6947
72.4505
72.4832
72.2633
72.289
60.7921
72.5436
84.5361
72.7214
72.2243
80.7435
80.7175
80.4138
80.8016
80.5638
80.8582
60.8047
60.3297
72.4425
80.6814
80.4881
84.5825
72.7557
80.8243
80.4891
80.4805
72.5892
72.3687
80.5639
72.4467
72.8419
60.4522
60.4504
80.5575
80.8017
72.7655
72.3071
72.4991
72.9324
80.6407
80.5215
80.4247
72.6156
72.3593
80.4612
72.6168
60.3895
80.7421
80.4695
72.5934
60.3478
72.3985
60.3287
72.8493
80.2635
72.0792
72.3712
48.3327
72.3907
72.1929
60.1545
80.5121
72.5668
72.6238
80.698
72.5856
72.5206
72.9173
72.5134
80.7274
60.5203
72.5459
80.8862
60.2178
72.4562
60.5846
72.2725
72.6552
72.7672
72.4034
80.3853
60.5494
72.8401
72.3049
80.6139
72.4457
60.3332
60.4281
72.7291
60.6957
72.3038
72.6987
72.3507
80.465
80.9825
72.2903
72.4681
80.738
72.7333
72.8375
72.3368
80.4056
60.5212
80.5401
60.4973
72.3932
72.7739
72.1782
60.4381
60.4238
72.6839
80.3764
60.331
80.7265
72.3322
72.6416
80.4493
60.531
80.4083
72.3866
72.5457
84.4115
72.6182
72.3984
60.3533
72.4253
80.6108
80.6302
80.9426
80.5251
72.4011
72.4212
80.5381
80.6924
72.2426
60.5288
72.4447
80.4011
72.3823
80.5062
72.8855
72.4281
72.4877
80.7753
72.5381
80.4914
60.2247
60.4318
72.2739
80.6192
80.8263
80.5916
80.8081
80.8788
60.5646
80.5818
72.1196
72.372
80.5611
48.421
84.7439
72.7004
72.5822
80.8484
80.6669
80.7844
80.5714
72.5262
72.4084
72.6023
84.5546
80.598
80.3229
48.3794
60.6857
72.3017
60.2511
80.7011
80.6854
60.4283
60.3879
80.7684
60.429
80.8
72.3846
80.4472
60.7497
72.6101
80.8145
80.8855
84.7948
80.5193
80.6361
72.8183
72.3156
80.7731
72.8615
72.2178
72.3674
72.7072
80.7962
60.494
92.5658
72.5031
48.3364
72.5987
80.5213
80.8629
80.4015
72.7008
72.9468
60.565
80.5804
72.4893
48.2246
72.3093
60.5058
72.4279
80.6209
72.5214
72.7829
72.8624
72.3537
72.5586
72.261
81.0515
72.3906
72.3763
72.3546
80.8967
72.6727
60.2661
72.4407
72.5997
80.8382
72.4468
72.8301
80.7283
80.6342
80.5604
80.297
80.6742
73.0149
72.5041
72.4874
72.6612
80.5771
72.7448
72.6475
72.6479
60.5585
52.2114
72.764
80.6319
72.5214
72.6233
72.5502
60.2388
60.3118
72.5988
72.5427
72.9373
80.4701
80.3712
72.5125
60.4014
80.5701
80.4526
80.551
72.473
72.3588
72.6363
72.3191
72.4928
72.5377
72.5346
80.7668
72.0631
80.7943
72.6486
60.339
80.5132
80.576
60.3938
80.3781
80.2011
80.6544
80.9081
72.7802
80.6376
80.8583
72.5969
72.5353
72.5099
72.5389
72.6931
92.5921
80.2492
72.7233
72.6303
80.7441
72.7069
72.5784
72.6902
80.6168
60.2035
72.588
60.3487
72.7501
80.7741
80.761
72.485
80.5659
60.3979
72.6557
72.4872
72.515
72.5969
72.5134
80.3717
72.3266
80.52
48.2334
80.8351
72.4844
80.74
80.6266
72.8031
72.9254
72.4807
72.4739
72.5315
72.5417
60.3933
80.7057
72.2127
73.1299
72.528
72.7513
72.7144
72.8362
72.4632
80.8503
72.3425
80.5447
80.7758
72.5168
92.7317
80.5826
72.5163
60.4143
72.2084
80.2827
72.5355
72.6684
72.5805
60.6285
80.3423
72.859
72.5528
72.4825
80.569
80.7743
80.7591
72.5128
80.8171
72.3222
80.8825
80.5127
80.9082
80.5708
80.9489
48.0725
80.7562
72.7425
72.7878
80.5878
80.5034
80.5338
72.4882
80.7296
80.7302
72.361
80.8477
72.5229
72.3995
72.4004
72.5468
72.5536
80.7081
72.6553
80.8857
72.4193
60.1039
80.5887
80.8775
80.9105
80.4089
72.7458
80.6743
72.4772
72.5353
80.4923
80.824
92.5963
80.874
72.6849
80.5519
60.5155
80.48
48.553
72.4805
80.6461
80.5356
72.8295
92.4567
80.3518
72.469
72.3944
72.5277
72.8261
80.9494
80.2767
72.5456
72.3161
60.5007
80.979
60.4163
72.7017
72.3091
60.3377
48.3907
80.5723
80.4582
80.8041
72.5756
72.4744
80.6607
72.5427
80.6596
72.4838
72.8651
80.5296
80.4422
72.3961
80.1858
80.3219
80.5826
72.7003
80.3696
72.5338
72.583
80.53
72.4445
80.6907
72.4808
72.7515
72.8836
72.5565
80.5614
80.6051
60.4089
72.7712
80.6979
80.4591
60.5529
81.039
60.6002
80.8566
72.531
72.5323
72.73
72.4762
72.6056
72.3609
72.5995
80.7098
72.5607
72.4332
80.8367
72.6426
72.5906
80.5302
80.7898
72.6961
80.9736
80.4548
72.2452
80.6738
60.6761
80.5353
72.6591
72.4802
92.3754
72.8276
72.7777
48.4089
80.6669
80.4015
80.6726
80.6002
72.3618
72.6913
72.4451
80.8171
72.5542
80.6548
72.8016
72.7447
60.5357
92.6571
72.698
72.5383
72.6859
80.47
81.0106
60.7466
80.5504
72.3774
72.2961
72.342
80.5023
72.588
72.7454
72.6118
80.5879
72.3811
60.439
80.4966
72.1059
72.8338
80.9244
80.8286
81.1842
60.4912
80.3316
80.4556
72.5468
72.7497
80.7789
60.3414
60.3727
80.3826
72.7371
72.6031
72.5069
72.3618
80.5059
60.6817
80.8498
48.3388
72.8467
80.4409
48.3066
60.5961
72.5759
80.5009
80.5563
60.6385
80.9455
72.5877
72.3492
80.3783
72.4836
80.6305
72.8279
72.9604
80.5166
60.2322
80.3997
92.5594
80.7236
60.4271
72.886
72.3417
80.6293
72.3788
72.139
72.4987
80.5717
72.7876
80.8768
80.3934
80.575
72.3354
80.5757
72.3798
80.2776
60.4427
60.3484
72.8413
80.5312
80.7757
84.7301
72.6187
60.3512
60.5455
72.6504
80.2976
92.1778
60.3856
72.5949
80.9617
72.9225
72.4057
72.3655
80.459
80.6403
80.9837
72.7267
72.5879
80.156
80.4566
80.5617
72.3735
72.9478
72.8186
92.8207
92.687
72.6727
80.4024
72.5613
72.3903
81.2043
72.2429
72.3395
80.7741
72.7339
72.3924
80.8885
72.3601
80.6466
60.2501
80.8334
72.5806
80.6728
80.5709
60.6659
72.3168
80.7883
72.5333
72.4261
72.8866
80.6331
72.6187
72.5439
80.4731
72.2212
72.2941
72.4895
72.8026
81.1443
72.6858
80.6897
72.773
80.5655
80.6789
72.7131
60.4731
80.5926
80.7322
72.669
72.6831
72.4462
80.5025
72.8483
72.3716
80.6027
80.5592
72.4292
60.6037
80.3507
72.6802
80.6321
80.6405
72.4407
72.8265
72.3392
80.5061
80.4491
72.8076
60.3773
72.533
72.716
72.2688
72.3806
80.5683
72.3727
80.879
84.528
60.3615
72.4665
80.5399
80.6471
72.1951
60.5501
80.1671
60.3631
80.4742
72.3663
60.4372
72.7523
72.6899
72.4742
80.4967
60.7616
72.5476
72.4782
60.7871
48.3181
60.428
60.3554
72.4595
72.7179
72.6207
60.5629
72.621
80.8207
80.4271
72.6411
72.613
60.2506
72.689
72.3556
60.795
80.6272
80.4348
72.5423
72.4018
60.2456
72.612
72.2007
72.3869
80.3239
60.5352
72.3328
80.8549
72.6121
72.6041
80.4596
72.5183
80.3919
72.6556
72.3578
80.7819
60.4886
72.8631
72.3868
72.4844
80.6792
72.698
84.6349
72.648
72.5284
60.5611
72.655
60.3259
80.6347
72.4082
60.3822
72.3469
80.8252
60.5149
72.481
80.6337
72.8077
80.6099
72.3432
72.6948
72.3136
80.3992
80.6333
80.9818
72.3612
72.5361
72.1858
72.1883
80.606
92.6424
72.6406
80.9146
80.891
72.715
72.7497
80.8299
72.6202
92.4762
60.4042
72.37
72.5309
72.6029
72.6811
80.4298
72.234
72.5925
80.5277
60.5387
72.5849
72.1791
72.2795
80.6564
60.5369
72.6073
80.4466
80.4566
72.7423
81.0313
80.5911
72.5851
72.9137
48.1731
80.7743
72.2694
60.275
72.5368
60.361
72.1415
72.5156
72.8583
84.3476
72.4033
92.4213
72.6986
73.0693
92.8888
72.3424
72.3582
60.3246
72.534
80.6721
72.8467
60.1353
80.8312
72.5716
72.5539
72.7707
60.4945
60.5009
72.4837
81.0849
80.396
72.4778
72.3998
72.6727
60.4638
72.4817
72.4886
72.6962
80.6569
60.6296
80.8231
80.9165
72.6801
72.4793
80.4709
72.6827
80.8485
80.3729
72.2946
80.6876
80.8008
80.493
80.69
80.6277
92.5924
80.427
72.381
72.6628
72.4426
80.5952
60.494
72.589
80.5479
60.5123
72.4
72.5224
72.3823
72.3915
72.7062
60.3713
80.6575
72.5675
72.6286
84.5404
72.386
80.5989
84.3117
72.5305
80.7665
72.4936
72.294
72.447
72.3757
72.4943
80.6034
80.7202
72.3054
80.4697
92.6025
72.3322
80.9322
72.7586
72.5479
72.3834
72.1396
60.4118
72.343
72.3624
84.5087
92.534
72.2597
72.4747
72.5879
72.5133
72.3419
72.6424
60.4998
72.6103
72.7694
72.4889
80.5223
72.8363
84.3619
72.9878
80.6957
60.3492
80.5566
72.4356
92.5432
60.6413
72.6179
72.4946
52.0357
72.2567
80.5219
72.7292
80.8517
60.676
72.7686
80.5358
72.3894
80.892
72.8175
72.5586
72.4277
80.8441
72.5432
72.4338
80.7534
72.5315
72.2695
72.3818
72.562
60.2696
80.7837
80.7098
80.7584
80.4183
72.4089
80.4522
80.4804
60.5329
80.3826
72.5808
80.7877
60.4294
60.3477
72.7434
72.608
80.4577
72.887
72.7112
72.6514
72.4788
72.1682
60.6672
72.6943
72.618
80.6105
72.5037
80.8031
60.1911
72.4468
72.7308
60.4584
81.0975
80.8071
80.4978
72.7136
80.8018
72.8032
72.7632
72.4125
72.7871
80.3185
80.5394
80.6067
60.4071
84.3617
80.6227
80.4594
80.5173
80.8142
92.468
80.7137
80.3512
80.5863
84.1621
72.5694
80.4305
80.1458
80.5444
80.5759
60.4965
72.7637
80.4263
72.5164
72.5848
60.4824
72.2956
60.4247
80.3639
60.6775
80.484
80.6015
72.6989
80.582
72.3749
80.3972
72.5811
60.2074
60.3673
72.6979
72.4177
60.4792
80.3599
72.4767
72.8636
80.6003
80.6297
60.2349
72.6377
72.5031
72.6506
72.7384
80.3216
80.5729
72.3705
80.6917
72.3565
48.1415
80.5685
72.6541
72.6107
60.7257
72.319
92.3753
72.7336
72.4347
80.6381
80.9254
72.6364
72.6476
60.6901
72.5374
72.3507
80.488
80.8921
80.6053
80.7078
72.8131
60.6184
80.8152
72.4311
80.5735
80.7885
81.1804
72.4878
72.3544
80.8221
80.6974
72.6983
60.708
72.4809
60.5988
80.6911
72.6096
80.5099
72.4189
72.5407
80.5918
72.6336
84.5844
80.9001
72.5034
60.1416
92.8988
80.6447
72.6312
72.4226
80.5595
72.2366
80.5558
72.9756
80.4513
80.4471
72.3977
72.7486
72.4248
80.575
72.9525
72.6149
72.7728
72.2771
72.2792
60.3377
72.2399
60.5459
72.3408
72.519
80.6883
60.5962
72.6305
72.5193
60.701
80.6591
60.3169
72.5014
72.4487
72.757
72.3214
72.8255
80.695
72.6796
60.6244
60.304
72.4039
72.3239
80.4238
80.7444
72.4346
80.6398
80.6961
80.5479
80.3784
72.437
80.8287
81.1365
92.9859
72.6858
72.4461
72.5542
80.6589
80.4385
80.345
60.4352
73.0356
80.8338
80.7717
80.7109
72.6995
72.3117
72.594
72.4789
72.7801
72.2076
72.484
80.6727
72.8438
80.5748
80.8637
80.6581
72.442
80.7931
80.4613
72.7895
72.5531
80.803
80.632
80.5457
80.4143
72.7919
80.5026
80.5546
72.7612
72.6036
72.3942
72.3615
72.7001
60.5563
60.4347
48.1105
80.5142
72.5799
80.9646
60.3831
80.7303
72.849
80.9433
80.692
72.6231
72.2382
80.8574
80.8147
80.64
72.4499
72.3593
60.4021
72.7629
80.503
72.3384
80.9121
72.7621
80.6675
80.5475
60.4923
72.4527
60.8274
72.5197
80.6317
48.2277
80.6581
60.5672
80.7245
72.4068
72.2804
60.5844
60.3306
60.3996
72.5175
72.4254
80.3831
72.5505
80.439
80.8422
72.7265
72.4522
72.3642
80.2528
80.541
60.5165
72.2265
72.8243
80.7054
72.5125
72.5864
72.6919
72.3643
72.4242
80.6544
84.1617
80.5793
72.393
60.3235
80.3848
60.3437
60.4436
60.3582
60.3141
60.4321
48.2324
72.6099
72.5418
80.6147
72.6668
72.2326
72.7817
80.4372
80.8129
80.7311
80.5446
80.6452
80.42
72.4731
72.7515
60.477
72.6864
80.837
72.7792
72.8476
80.5144
80.4526
80.628
80.5455
80.9003
72.7757
72.6913
72.5586
80.8538
72.3853
80.4563
72.569
72.7954
72.8996
72.4989
72.6628
72.6317
80.5515
80.5504
92.6333
60.4853
80.5396
80.5873
80.5734
80.6915
80.8307
80.7657
80.21
80.7125
72.5529
72.4182
80.808
72.1847
72.63
80.3641
80.8762
72.0769
80.6778
72.9293
72.2507
72.811
60.5504
72.5725
72.4208
72.656
80.8362
72.4578
80.7291
80.475
81.0025
60.2549
84.53
72.4555
80.8263
72.6406
80.737
72.3869
80.3922
72.2917
72.5479
80.6489
72.4498
72.5669
80.7796
72.8039
72.5102
80.5591
80.8236
92.6762
80.2494
80.997
80.6544
72.7416
72.5103
72.5128
72.5796
72.595
81.1834
80.5385
80.8213
72.3455
72.8509
72.4249
72.4158
80.747
80.8822
72.5134
60.7157
80.8793
80.5744
80.6059
72.5147
80.6299
80.7388
72.7304
72.7245
80.6704
73.0053
80.7757
72.6678
72.4953
80.6652
72.2728
72.4126
72.5609
72.262
72.5298
72.6661
80.4545
80.7861
72.1876
72.6057
72.6101
60.4355
72.336
80.3142
72.4501
72.6503
72.2024
80.5632
72.4995
72.6282
72.5921
72.2578
72.1836
60.3429
60.441
72.5258
72.761
80.5227
72.0265
60.2912
72.6719
80.3965
72.9422
72.5266
72.511
72.4967
80.4889
80.5609
60.7448
72.8956
80.5848
72.4831
80.6812
72.5987
60.4165
80.7258
80.7075
72.5488
72.6624
48.5292
81.0784
80.5151
72.9191
80.1922
72.4872
84.8334
72.3763
72.5673
72.3366
80.9332
80.651
60.4951
60.2678
72.614
80.635
80.9874
80.6298
80.8923
60.5084
80.5203
72.4872
72.7641
60.2878
80.3423
80.7087
72.5453
60.6095
72.543
81.1209
72.4314
80.5472
72.6504
80.5538
48.2433
80.7751
72.8004
60.3563
72.1239
72.8823
80.5764
60.5945
72.752
80.8658
80.8287
72.6455
72.6247
72.4945
72.6321
92.9032
80.2648
80.5548
72.4242
80.8781
72.6765
72.7494
80.7975
72.4253
80.4285
80.3364
84.5343
60.3842
60.1905
72.49
72.586
80.5379
72.8257
72.6433
72.3451
60.2142
80.8373
80.4699
80.728
72.6463
72.4588
60.455
80.474
72.7629
72.3078
80.5615
72.5155
80.5144
72.7836
60.3151
80.6639
80.9574
60.3626
72.4825
80.7006
80.476
72.6221
80.6695
80.573
60.3807
60.2504
72.5905
92.2945
72.6717
48.3411
80.5409
72.532
72.8154
80.4191
80.7333
80.5498
81.0453
72.456
72.5219
80.6005
72.5294
72.3513
72.7374
80.9314
80.7668
60.3924
72.4926
80.6147
80.777
72.2403
80.2016
92.6497
80.8053
72.7178
72.5968
80.4726
60.436
72.1675
72.439
80.4248
80.6072
80.4504
92.6442
80.899
72.7034
80.9502
72.3498
80.5086
80.1748
80.6523
72.2908
80.524
72.6412
72.6442
72.6084
80.3851
60.59
60.2174
80.5091
92.7254
72.4954
93.1782
72.3044
72.2811
80.6974
84.2374
72.7488
72.4427
72.3653
72.7339
80.4749
60.341
80.9015
60.6493
80.7675
72.4478
80.7606
80.7088
80.9094
72.401
80.6183
72.4139
72.381
72.7411
92.5484
72.8255
80.709
80.5345
80.6403
60.5842
80.3398
80.6793
72.6173
72.7128
72.3966
80.7046
72.5575
80.6414
80.8249
72.9452
80.6154
72.4929
80.6545
80.1981
92.4892
84.0354
81.0879
72.7892
60.3717
60.275
80.9939
72.4033
72.1841
72.4804
92.8714
80.7815
80.2993
92.481
80.8798
72.6215
72.6034
72.4636
72.7115
80.4157
72.5256
72.3514
72.3102
80.7758
80.6693
80.4551
72.3541
80.8899
80.6204
72.8944
60.4531
72.7406
72.6602
60.5072
72.5489
72.8178
60.5508
80.6428
72.61
60.4617
80.6864
72.5916
72.8502
80.7473
72.5841
72.7161
73.0943
72.3596
72.8227
80.7215
60.419
72.5942
73.0261
72.5854
80.3698
60.4539
80.742
72.5353
72.6159
72.3798
72.4451
48.301
80.6382
80.7901
72.545
80.4035
80.4606
80.5709
72.4339
72.6783
80.6322
60.3269
80.7086
80.6683
72.5283
72.6299
72.3211
72.6242
72.1849
60.6345
80.7443
60.4806
72.6981
72.5376
72.4814
72.4164
72.697
80.6346
72.2649
72.7246
72.4644
60.4806
72.4012
72.6641
60.3848
80.7558
48.2085
72.9179
80.497
72.4591
72.5152
80.5801
72.5146
72.574
72.3076
81.0384
92.4833
80.4341
72.8338
80.6232
92.5656
72.5994
80.7196
80.5656
72.645
80.959
72.3261
72.3991
80.6694
72.4346
60.3729
60.5894
72.6213
80.608
72.5116
72.6406
72.5026
60.48
72.4203
80.7547
72.4733
80.7051
72.5408
72.2229
72.4008
72.5342
72.3731
80.6064
80.5473
80.8334
72.3684
60.6222
72.4978
80.907
80.284
72.6901
60.5834
72.7453
72.6512
80.613
80.2251
80.7219
80.6733
80.5609
80.4747
72.6716
72.3421
72.9603
72.5803
80.4
72.3962
72.4568
80.8039
81.1379
60.4111
72.4369
80.6689
80.8335
80.2874
72.6363
72.594
80.3133
60.3009
80.9012
72.4939
80.45
72.7541
72.8246
80.864
80.5281
80.9119
72.7918
80.6834
60.4119
80.3539
72.6034
60.6826
72.6225
72.4181
72.5497
72.4067
80.8486
80.615
72.7491
80.4056
80.4862
72.7382
60.4665
80.762
81.1384
80.6262
72.2108
72.932
80.8734
80.4722
72.1243
72.6225
72.6184
80.4834
60.4822
72.7003
81.0081
80.9156
80.2957
80.6796
72.595
72.6466
92.5988
60.6026
80.7152
72.4294
80.6736
80.6873
92.712
80.2945
72.5084
72.6823
80.5689
72.6445
72.7251
72.5331
80.4345
60.647
60.3368
72.5746
72.8339
80.908
72.6797
80.4833
80.7016
80.7393
72.8207
60.4596
72.6168
80.9523
72.4326
80.6589
72.4966
72.4883
72.9596
80.7683
60.5492
72.3564
72.8435
80.4701
80.8294
80.3416
72.5724
80.5077
72.8843
80.8036
72.4499
60.5363
72.323
72.6733
81.0108
92.8804
72.6562
80.9591
72.5982
80.9647
80.7052
80.4279
80.7565
80.5806
80.37
72.8524
80.4843
72.483
72.747
80.3945
72.7278
80.8081
80.417
80.5582
72.4605
60.3556
84.5588
80.6763
80.7291
72.1722
80.8912
60.3772
80.5555
72.412
80.6893
72.4457
72.5647
72.6222
80.5676
