40.4655
40.1553
40.3226
40.1535
40.1934
40.1822
40.3673
40.2982
40.4418
40.1876
40.3274
40.1319
40.3172
40.172
40.2955
40.1716
40.3318
40.3228
40.2751
40.3054
40.3568
40.4575
40.3271
40.4847
40.2004
40.3836
40.2753
40.1677
40.262
40.2654
40.3444
40.1868
40.2443
40.3131
40.48
40.1235
40.3401
40.3699
40.3082
40.2313
40.3617
40.4912
40.3451
40.3525
40.3745
40.1949
40.253
40.1608
40.3859
40.3598
40.3422
40.3304
40.2391
40.3078
40.349
40.3562
40.2584
40.1359
40.358
40.2089
40.3372
40.3869
40.2576
40.2471
40.3272
40.4086
40.2205
40.4736
40.3343
40.2291
40.4338
40.2966
40.2951
40.4637
40.363
40.1713
40.4129
40.3344
40.417
40.2572
40.4484
40.2295
40.3446
40.2994
40.2849
40.1494
40.1962
40.1871
40.3905
40.4002
40.2809
40.1557
40.4133
40.2374
40.1196
40.3344
40.1164
40.2862
40.4208
40.3692
40.4399
40.1652
40.2156
40.351
40.4611
40.536
40.3163
40.2886
40.3724
40.4261
40.31
40.4106
40.3105
40.3487
40.1656
40.2775
40.4554
40.6039
40.2294
40.2787
40.3751
40.219
40.1454
40.3949
40.5359
40.2604
40.5047
40.2678
40.2334
40.1479
40.2175
40.1935
40.2288
40.2295
40.2892
40.1447
40.253
40.1927
40.3014
40.428
40.3541
40.328
40.203
40.4365
40.2311
40.3514
40.5344
40.3796
40.3261
40.3687
40.2081
40.1282
40.5635
40.4617
40.3409
40.3111
40.4471
40.4086
40.3572
40.1914
40.3169
40.2038
40.2176
40.2818
40.1561
40.338
40.2718
40.1489
40.4866
40.4498
40.2619
40.3796
40.3088
40.2074
40.5462
40.3229
40.5423
40.4
40.1218
40.1121
40.3593
40.3779
40.1038
40.2706
40.3619
40.4072
40.1695
40.3323
40.2812
40.3492
40.3508
40.5004
40.3364
40.3535
40.2913
40.1706
40.4596
40.362
40.2622
40.1652
40.5086
40.1468
40.15
40.3067
40.307
40.3996
40.2545
40.1699
40.2699
40.146
40.2487
40.1943
40.2864
40.1513
40.1835
40.2987
40.2557
40.2536
40.2309
40.304
40.2379
40.2296
40.1442
40.3358
40.3572
40.2997
40.3543
40.3047
40.5059
40.4129
40.3256
40.4239
40.2625
40.2784
40.1822
40.2696
40.3928
40.3018
40.2606
40.0472
40.2466
40.249
40.2111
40.2846
40.3001
40.239
40.2451
40.4892
40.3967
40.2042
40.2433
40.1194
40.2293
40.4482
40.2559
40.4528
40.2877
40.3148
40.2264
40.2196
40.1775
40.1021
40.3063
40.5019
40.4473
40.233
40.2095
40.2653
40.4983
40.3698
40.3182
40.5701
40.3004
40.3314
40.4406
40.3588
40.2756
40.2727
40.3067
40.2487
40.2879
40.4083
40.3998
40.4762
40.3506
40.1834
40.1658
40.3555
40.2577
40.4422
40.2167
40.2642
40.3294
40.3026
40.3002
40.3288
40.2262
40.1828
40.0925
40.3669
40.2519
40.31
40.371
40.4053
40.3531
40.3592
40.4077
40.3909
40.2502
40.1692
40.2126
40.4011
40.3961
40.2544
40.4958
40.4691
40.3041
40.3361
40.224
40.2723
40.2724
40.2703
40.3229
40.4283
40.332
40.2085
40.1431
40.4064
40.2413
40.4208
40.5165
40.1771
40.3048
40.2468
40.2318
40.2737
40.3176
40.2043
40.3798
40.3394
40.3278
40.3553
40.2632
40.2449
40.2925
40.1718
40.3749
40.2685
40.0999
40.3727
40.2725
40.2377
40.3448
40.4191
40.3803
40.4232
40.2697
40.3888
40.3748
40.1488
40.2625
40.1806
40.317
40.2003
40.3363
40.4631
40.2503
40.5303
40.2553
40.2669
40.503
40.395
40.3206
40.2557
40.2767
40.3566
40.2334
40.4061
40.3523
40.467
40.398
40.3027
40.2178
40.2714
40.3513
40.2264
40.4112
40.2726
40.452
40.4493
40.1083
40.1884
40.2599
40.2702
40.2944
40.1981
40.3821
40.2188
40.4092
40.2699
40.3304
40.2929
40.402
40.2929
40.3596
40.3522
40.1612
40.3134
40.1631
40.0988
40.1187
40.2474
40.2625
40.1618
40.229
40.3687
40.3102
40.2539
40.264
40.1348
40.4554
40.254
40.2563
40.1487
40.2158
40.2844
40.2527
40.1983
40.2411
40.4316
40.3552
40.1949
40.3256
40.1715
40.5117
40.2471
40.1516
40.222
40.3093
40.3699
40.3961
40.1145
40.3619
40.2249
40.403
40.3396
40.3084
40.3249
40.4837
40.3765
40.2033
40.2624
40.3828
40.3522
40.3653
40.3371
40.3084
40.2989
40.4546
40.2697
40.2492
40.3426
40.3328
40.201
40.1888
40.3253
40.3391
40.3548
40.1636
40.5052
40.2498
40.5193
40.5268
40.3718
40.3056
40.2102
40.2451
40.2098
40.3522
40.3131
40.1452
40.2193
40.3526
40.4476
40.0967
40.2728
40.4143
40.5364
40.2853
40.2327
40.2175
40.2717
40.3368
40.424
40.3715
40.4335
40.2797
40.4201
40.3802
40.1077
40.2281
40.2044
40.2482
40.3362
40.4852
40.3451
40.197
40.3228
40.2369
40.3297
40.4391
40.2994
40.3533
40.4366
40.4524
40.3436
40.2599
40.2751
40.4061
40.2234
40.367
40.355
40.1198
40.3075
40.1662
40.1999
40.2887
40.4247
40.1989
40.2405
40.375
40.4076
40.3033
40.425
40.2959
40.1701
40.3178
40.298
40.3759
40.2277
40.2229
40.1783
40.3089
40.2642
40.3789
40.2483
40.4409
40.3501
40.1819
40.2389
40.266
40.4465
40.4165
40.5493
40.3543
40.213
40.1627
40.253
40.3745
40.2484
40.4078
40.2733
40.3637
40.273
40.4892
40.2925
40.2688
40.3753
40.451
40.3749
40.2784
40.2321
40.2132
40.0735
40.1649
40.3943
40.3172
40.2386
40.292
40.2115
40.4617
40.2139
40.4779
40.1704
40.3263
40.3054
40.2828
40.243
40.3648
40.3516
40.2438
40.3805
40.1727
40.3005
40.2039
40.2095
40.3504
40.3477
40.4798
40.199
40.3141
40.1679
40.2942
40.2312
40.3154
40.1454
40.4324
40.4557
40.4343
40.2299
40.2519
40.1915
40.2349
40.254
40.0587
40.2098
40.3229
40.2299
40.2346
40.1083
40.1359
40.3116
40.254
40.2906
40.1977
40.3269
40.3047
40.3183
40.4015
40.4808
40.2825
40.4238
40.2563
40.2717
40.1669
40.2417
40.3749
40.2063
40.4305
40.4186
40.1468
40.3121
40.2327
40.2745
40.3519
40.4369
40.4179
40.4202
40.3923
40.2385
40.3571
40.5353
40.1531
40.429
40.3012
40.3525
40.5113
40.2098
40.1385
40.2877
40.3577
40.4309
40.3335
40.1728
40.3587
40.2559
40.3475
40.3262
40.2637
40.39
40.4171
40.4289
40.2488
40.2097
40.5314
40.2857
40.1948
40.2754
40.2344
40.2994
40.3314
40.2507
40.1967
40.3432
40.2395
40.2208
40.1271
40.2348
40.3875
40.2958
40.2573
40.4735
40.341
40.4959
40.2498
40.2847
40.4703
40.4608
40.416
40.1965
40.4187
40.3307
40.35
40.3817
40.2979
40.249
40.3083
40.4645
40.3342
40.1849
40.1615
40.4081
40.2619
40.2473
40.2268
40.2994
40.4173
40.3401
40.2128
40.3099
40.2595
40.3823
40.2962
40.3531
40.2933
40.2743
40.1076
40.1425
40.5505
40.3876
40.3176
40.3258
40.1558
40.243
40.4732
40.379
40.3856
40.2617
40.2723
40.4059
40.3273
40.345
40.1818
40.2243
40.3701
40.4243
40.3182
40.352
40.1993
40.1899
40.3542
40.329
40.2168
40.2607
40.3433
40.2851
40.2475
40.1456
40.3873
40.2565
40.4001
40.1327
40.398
40.3265
40.2041
40.3451
40.2852
40.304
40.1293
40.2869
40.2446
40.3403
40.3184
40.4198
40.3967
40.3395
40.2305
40.2674
40.3174
40.2892
40.0799
40.1221
40.2284
40.3741
40.2064
40.3765
40.3702
40.2824
40.1138
40.3239
40.1247
40.4168
40.2177
40.3203
40.2697
40.202
40.4108
40.2447
40.3748
40.4517
40.2621
40.3269
40.4451
40.363
40.2973
40.4084
40.4319
40.3254
40.2219
40.2775
40.2943
40.3728
40.4043
40.3064
40.2843
40.4527
40.3261
40.2932
40.4722
40.3633
40.2693
40.3858
40.2877
40.5615
40.3135
40.3018
40.3255
40.2888
40.1909
40.5005
40.3146
40.2168
40.3167
40.1477
40.2965
40.3491
40.4182
40.2945
40.3902
40.3255
40.3875
40.4857
40.3687
40.3184
40.4757
40.5348
40.1956
40.2006
40.3219
40.1085
40.421
40.5541
40.3649
40.1468
40.2291
40.2881
40.1726
40.3074
40.3302
40.2042
40.3653
40.0475
40.3175
40.2917
40.392
40.3647
40.3678
40.3657
40.3032
40.3013
40.3364
40.2694
40.2114
40.4619
40.2584
40.2977
40.361
40.2597
40.269
40.2593
40.3909
40.2864
40.4746
40.2732
40.4163
40.3869
40.405
40.2542
40.4405
40.422
40.3311
40.3838
40.443
40.287
40.3565
40.3306
40.3459
40.295
40.2786
40.2184
40.2553
40.1297
40.4376
40.3009
40.3434
40.3029
40.3756
40.2363
40.1915
40.3489
40.2412
40.3109
40.3416
40.22
40.3556
40.3975
40.4565
40.2712
40.1171
40.5116
40.3274
40.163
40.4389
40.2727
40.3421
40.364
40.128
40.1332
40.28
40.3396
40.3232
40.4548
40.2388
40.3726
40.2937
40.2058
40.2467
40.2419
40.281
40.301
40.2797
40.2441
40.4125
40.2051
40.3105
40.096
40.2934
40.2913
40.2976
40.3003
40.3412
40.3296
40.2061
40.3841
40.4222
40.3149
40.1062
40.3115
40.2033
40.3857
40.4126
40.1127
40.0582
40.4774
40.3371
40.1083
40.2417
40.375
40.1414
40.273
40.2679
40.2919
40.3451
40.3142
40.5258
40.1546
40.2342
40.3121
40.282
40.3057
40.3352
40.3202
40.3612
40.3086
40.4665
40.2234
40.387
40.2032
40.3705
40.5214
40.2121
40.0965
40.1965
40.4254
40.309
40.2352
40.4449
40.3884
40.3416
40.3217
40.3002
40.5452
40.2901
40.1577
40.3816
40.3138
40.4284
40.4267
40.2104
40.4249
40.377
40.3235
40.4043
40.2227
40.2666
40.1856
40.4279
40.268
40.3816
40.2806
40.0972
40.2591
40.2443
40.1752
40.3315
40.3584
40.3729
40.4776
40.3901
40.3191
40.2719
40.2997
40.2287
40.3995
40.136
40.3506
40.2906
40.396
40.3595
40.3764
40.393
40.3875
40.196
40.2664
40.4835
40.0946
40.281
40.2105
40.3136
40.3069
40.5014
40.2493
40.4035
40.2201
40.3419
40.4944
40.3763
40.3009
40.3516
40.2078
40.318
40.2739
40.4171
40.3869
40.2882
40.2535
40.3463
40.2013
40.4258
40.2345
40.0888
40.2278
40.3241
40.1865
40.2945
40.287
40.1315
40.3217
40.2615
40.2173
40.1354
40.4481
40.3119
40.1726
40.3138
40.3564
40.2764
40.3619
40.4033
40.4499
40.1796
40.5044
40.1817
40.2951
40.2581
40.2614
40.2903
40.211
40.3448
40.3215
40.3474
40.2381
40.4147
40.331
40.3425
40.2215
40.2064
40.2346
40.2963
40.4607
40.1822
40.2383
40.364
40.3871
40.4406
40.2834
40.1943
40.2533
40.3594
40.32
40.2692
40.3332
40.4013
40.32
40.3974
40.4068
40.543
40.2858
40.2429
40.3569
40.2121
40.2393
40.305
40.2194
40.3572
40.2606
40.4706
40.3252
40.381
40.2889
40.3921
40.1656
40.3968
40.2546
40.4847
40.268
40.2236
40.3586
40.3172
40.3839
40.3062
40.1557
40.3773
40.3867
40.1899
40.3781
40.4949
40.1307
40.3416
40.467
40.4938
40.4559
40.4622
40.2761
40.1769
40.2331
40.1897
40.3094
40.2369
40.1726
40.2369
40.3298
40.2341
40.2713
40.2603
40.495
40.2995
40.3142
40.3369
40.2948
40.2959
40.3743
40.1761
40.2779
40.4251
40.3242
40.2837
40.3786
40.3861
40.3741
40.2764
40.4013
40.5755
40.3232
40.2614
40.094
40.1604
40.3448
40.3784
40.379
40.3762
40.3218
40.329
40.2737
40.3125
40.2387
40.5921
40.294
40.2261
40.4835
40.4273
40.3212
40.2913
40.4029
40.3228
40.4268
40.2001
40.3268
40.2735
40.5022
40.2873
40.3104
40.1678
40.3462
40.2233
40.2458
40.3119
40.2908
40.3486
40.2211
40.3542
40.352
40.3615
40.3028
40.202
40.1655
40.3976
40.2002
40.3053
40.2891
40.2017
40.2753
40.2733
40.2358
40.313
40.24
40.5485
40.4857
40.2685
40.2149
40.1573
40.2881
40.2834
40.0894
40.5374
40.3828
40.2806
40.157
40.2962
40.3713
40.2423
40.2276
40.2876
40.2882
40.3621
40.4589
40.2684
40.4437
40.3454
40.0688
40.3272
40.2606
40.2412
40.2819
40.3351
40.4627
40.2439
40.4442
40.0928
40.2242
40.3486
40.2355
40.4112
40.2085
40.4446
40.0027
40.3877
40.2514
40.1678
40.2312
40.2401
40.2759
40.2923
40.3355
40.4654
40.4482
40.2479
40.2165
40.326
40.3523
40.3142
40.4218
40.2859
40.3904
40.0591
40.2581
40.2422
40.3075
40.3239
40.5022
40.2456
40.5227
40.4828
40.1559
40.3201
40.2075
40.2158
40.3603
40.2761
40.4357
40.3767
40.4583
40.1904
40.3002
40.408
40.4138
40.2488
40.3168
40.2995
40.3463
40.2318
40.2998
40.5085
40.3212
40.3286
40.3599
40.2443
40.5134
40.1798
40.3463
40.2903
40.427
40.4412
40.2563
40.2451
40.2816
40.2558
40.2604
40.4136
40.2008
40.1619
40.2883
40.1424
40.2667
40.588
40.3317
40.0908
40.4343
40.2867
40.5084
40.1807
40.4617
40.4917
40.4066
40.4885
40.2923
40.4863
40.5397
40.2262
40.2814
40.2517
40.3117
40.2843
40.4128
40.2794
40.2317
40.1788
40.4156
40.2916
40.3256
40.3665
40.202
40.4356
40.2948
40.2047
40.3664
40.5989
40.2931
40.154
40.2956
40.267
40.3299
40.2667
40.2189
40.3971
40.276
40.2062
40.4165
40.2376
40.3218
40.4894
40.262
40.3731
40.4568
40.4837
40.3579
40.5043
40.3178
40.2037
40.4129
40.341
40.2951
40.1211
40.4944
40.4919
40.3866
40.5188
40.3036
40.1925
40.3049
40.3699
40.3487
40.3547
40.3205
40.1146
40.3133
40.2181
40.3135
40.3697
40.2949
40.2684
40.2854
40.149
40.1578
40.3421
40.3373
40.4478
40.4403
40.2093
40.3663
40.2859
40.3188
40.2782
40.2823
40.1387
40.1975
40.1008
40.1332
40.5173
40.1348
40.2567
40.4132
40.4232
40.2471
40.0852
40.1736
40.3118
40.4486
40.2564
40.3768
40.0732
40.2275
40.4199
40.2924
40.1954
40.3007
40.2096
40.2723
40.3119
40.2156
40.3758
40.3108
40.2717
40.3054
40.111
40.3738
40.3231
40.3707
40.2185
40.2905
40.3251
40.3365
40.3699
40.2901
40.1971
40.3021
40.3697
40.3495
40.4055
40.2754
40.4322
40.1998
40.3241
40.2319
40.4008
40.3619
40.1405
40.3403
40.1752
40.4212
40.4503
40.1987
40.5953
40.2708
40.4094
40.2357
40.5108
40.2303
40.3043
40.1793
40.3016
40.379
40.3406
40.2649
40.3566
40.198
40.2932
40.1461
40.3881
40.2725
40.1938
40.2904
40.3146
40.3686
40.2193
40.278
40.5439
40.3746
40.1021
40.312
40.3529
40.3071
40.27
40.3093
40.4176
40.3809
40.1525
40.3545
40.2854
40.2622
40.2922
40.336
40.3437
40.2964
40.3872
40.2166
40.4489
40.4139
40.341
40.3877
40.43
40.2047
40.2438
40.2103
40.2965
40.4086
40.3258
40.2922
40.2337
40.3915
40.1453
40.2733
40.4085
40.2033
40.256
40.4121
40.3664
40.1909
40.3579
40.4613
40.3299
40.0516
40.2277
40.2446
40.3558
40.296
40.3862
40.3146
40.2857
40.2385
40.1628
40.2423
40.2601
40.3223
40.3517
40.2467
40.1566
40.3632
40.2327
40.2879
40.217
40.4828
40.2736
40.1603
40.224
40.3463
40.2345
40.2756
40.3959
40.1215
40.2907
40.1749
40.2339
40.3018
40.2494
40.3952
40.2341
40.4026
40.2392
40.1717
40.2388
40.2628
40.1769
40.2145
40.1916
40.2945
40.341
40.1601
40.2718
40.3312
40.3492
40.2526
40.386
40.4284
40.3641
40.3033
40.1968
40.2277
40.152
40.2687
40.4158
40.3587
40.3617
40.2903
40.3437
40.4279
40.3254
40.5391
40.1271
40.4092
40.3191
40.2017
40.3319
40.1685
40.1632
40.2901
40.264
40.2156
40.3175
40.3257
40.3166
40.2277
40.2681
40.0903
40.2769
40.3902
40.2925
40.2554
40.3207
40.2916
40.28
40.3849
40.2778
40.2438
40.1848
40.1962
40.1016
40.2694
40.3134
40.4272
40.2223
40.3053
40.1715
40.3014
40.2858
40.3332
40.2493
40.2387
40.2197
40.2748
40.1578
40.1833
40.3834
40.2561
40.5367
40.307
40.3425
40.3878
40.2841
40.3067
40.1724
40.4316
40.365
40.1493
40.2446
40.358
40.3672
40.3071
40.1676
40.2854
40.2491
40.2191
40.3911
40.1662
40.2801
40.3405
40.1466
40.4245
40.246
40.2633
40.175
40.3723
40.5367
40.3502
40.2645
40.2005
40.1182
40.4747
40.2563
40.3018
40.1955
40.3418
40.3018
40.2939
40.4127
40.3712
40.4311
40.3345
40.3186
40.4508
40.204
40.2973
40.2856
40.2838
40.1754
40.4158
40.2674
40.2292
40.3331
40.2639
40.5109
40.4086
40.2283
40.4363
40.3964
40.0343
40.3951
40.3652
40.4325
40.3963
40.3357
40.3726
40.2187
40.1543
40.5124
40.2821
40.1916
40.3437
40.2656
40.1561
40.0773
40.258
40.2821
40.4217
40.3324
40.3395
40.182
40.2434
40.2919
40.2313
40.2268
40.3055
40.3891
40.3181
40.3002
40.6036
40.2223
40.3513
40.2669
40.1359
40.3932
40.1847
40.3173
40.2943
40.3909
40.2366
40.3584
40.3232
40.3808
40.4583
40.2886
40.4261
40.0667
40.3759
40.3155
40.228
40.4501
40.0171
40.1864
40.1533
40.3876
40.1937
40.3398
40.5848
40.2765
40.3908
40.266
40.2286
40.3979
40.2905
40.3612
40.3155
40.2701
40.2161
40.3022
40.142
40.3434
40.2193
40.4184
40.2218
40.2856
40.0937
40.4513
40.4929
40.4831
40.1906
40.591
40.2004
40.2832
40.3084
40.2334
40.2732
40.3949
40.3242
40.2878
40.1197
40.3379
40.3498
40.3682
40.3496
40.4296
40.3873
40.2138
40.5275
40.2742
40.2052
40.3704
40.4241
40.2352
40.186
40.2009
40.268
40.2807
40.4515
40.1521
40.2628
40.1868
40.1967
40.2182
40.2515
40.3111
40.4493
40.3425
40.3955
40.2839
40.3856
40.2285
40.2893
40.1891
40.2775
40.3406
40.2806
40.3918
40.2459
40.507
40.245
40.2917
40.4004
40.3345
40.0204
40.1912
40.3852
40.1548
40.2494
40.2898
40.1496
40.152
40.3955
40.1774
40.1069
40.2805
40.483
40.2751
40.2227
40.3076
40.2329
40.2326
40.3553
40.2262
40.3382
40.2222
40.4667
40.2161
40.4128
40.3497
40.3776
40.2685
40.4454
40.117
40.3305
40.4069
40.1219
40.354
40.2228
40.4614
40.3293
40.2476
40.3637
40.3256
40.4461
40.2066
40.2064
40.3411
40.2664
40.3232
40.44
40.3401
40.3257
40.2576
40.3861
40.1217
40.3319
40.2227
40.3514
40.3068
40.3531
40.3459
40.2893
40.2666
40.401
40.1985
40.2672
40.2471
40.2185
40.3322
40.3625
40.4028
40.2304
40.2236
40.3992
40.2575
40.3685
40.2905
40.3416
40.5043
40.1052
40.3429
40.4229
40.311
40.3077
40.3594
40.2581
40.3042
40.5906
40.23
40.4017
40.3644
40.3618
40.3808
40.2772
40.3611
40.1585
40.3571
40.3799
40.3514
40.2173
40.4656
40.3564
40.5229
40.3864
40.2536
40.1006
40.2103
40.3344
40.4824
40.3396
40.4942
40.3374
40.3311
40.4282
40.2884
40.2708
40.0866
40.5282
40.2716
40.3221
40.2301
40.1836
40.2764
40.5466
40.2589
40.2305
40.2496
40.189
40.3801
40.4032
40.3468
40.2765
40.2352
40.26
40.2757
40.2291
40.303
40.3037
40.3522
40.2965
40.1528
40.2225
40.3341
40.2559
40.3493
40.4202
40.3991
40.2252
40.2667
40.4195
40.4313
40.3141
40.3336
40.2576
40.4205
40.4388
40.2534
40.1962
40.4096
40.291
40.298
40.36
40.2516
40.2128
40.3555
40.3497
40.3554
40.2819
40.3121
40.2252
40.2898
40.1492
40.365
40.2151
40.4305
40.16
40.3849
40.406
40.1695
40.2334
40.2647
40.2955
40.3142
40.418
40.3602
40.2022
40.2571
40.5212
40.2767
40.2997
40.4621
40.3635
40.2855
40.2622
40.1253
40.1771
40.1517
40.3302
40.347
40.3308
40.3936
40.363
40.3812
40.407
40.4369
40.4441
40.4304
40.4693
40.5026
40.2018
40.1111
40.2607
40.2717
40.2988
40.1882
40.4655
40.1394
40.2875
40.4884
40.5239
40.2875
40.2759
40.1358
40.3234
40.3026
40.2967
40.177
40.4233
40.3972
40.4501
40.1898
40.3444
40.2009
40.2344
40.29
40.3427
40.2299
40.2471
40.2224
40.227
40.1482
40.037
40.1735
40.3949
40.1986
40.2032
40.4058
40.2068
40.2876
40.346
40.3586
40.2535
40.1891
40.3923
40.3062
40.3857
40.2659
40.2753
40.3129
40.3509
40.3956
40.3255
40.2536
40.2804
40.3229
40.2463
40.5354
40.3242
40.2429
40.2896
40.3508
40.3808
40.3575
40.2648
40.2395
40.2175
40.4041
40.3082
40.2439
40.2412
40.4258
40.3031
40.2526
40.2423
40.4016
40.3386
40.3354
40.2913
40.3726
40.237
40.1918
40.3361
40.3508
40.0772
40.1601
40.3561
40.3364
40.5079
40.4719
40.2878
40.2552
40.4279
40.3557
40.3765
40.3287
40.4627
40.3304
40.3473
40.3266
40.5037
40.3484
40.2753
40.443
40.3836
40.1964
40.267
40.3281
40.1269
40.3721
40.3922
40.1827
40.4472
40.329
40.2664
40.2548
40.4183
40.1486
40.5019
40.3071
40.2878
40.3508
40.1837
40.3626
40.2322
40.1793
40.3282
40.3434
40.4447
40.242
40.4918
40.3264
40.2899
40.1993
40.3496
40.3082
40.2438
40.5498
40.4268
40.3404
40.2419
40.3929
40.2552
40.2527
40.4174
40.2334
40.306
40.3064
40.3338
40.2376
40.1299
40.2124
40.204
40.3081
40.0751
40.3875
40.1599
40.5019
40.218
40.243
40.2132
40.0729
40.1854
40.3143
40.4244
40.2548
40.4358
40.2404
40.3628
40.3837
40.4185
40.3194
40.1436
40.4757
40.1966
40.2799
40.2068
40.3506
40.3516
40.3634
40.2663
40.4247
40.2676
40.55
40.2099
40.2378
40.1626
40.3467
40.2495
40.1751
40.2477
40.256
40.3272
40.342
40.4474
40.3396
40.2927
40.4324
40.3673
40.2161
40.4941
40.3621
40.3438
40.3246
40.2564
40.3014
40.2996
40.3031
40.3571
40.2378
40.3745
40.4377
40.3891
40.4599
40.3667
40.1952
40.3028
40.4927
40.3546
40.475
40.2596
40.1907
40.2742
40.4373
40.2147
40.354
40.2749
40.1643
40.2865
40.1208
40.3226
40.5198
40.3171
40.2924
40.4495
40.3334
40.2435
40.1294
40.424
40.2333
40.3827
40.1276
40.4314
40.1734
40.3908
40.2849
40.0768
40.3325
40.3643
40.34
40.2447
40.3718
40.1907
40.2852
40.2543
40.5012
40.1455
40.331
40.2011
40.3653
40.3076
40.2839
40.2459
40.1716
40.3854
40.4102
40.3828
40.1902
40.4041
40.3457
40.4017
40.415
40.2306
40.1867
40.442
40.3496
40.213
40.2327
40.3147
40.244
40.4874
40.3217
40.1559
40.284
40.1811
40.4484
40.4428
40.4228
40.2915
40.4815
40.3573
40.3965
40.397
40.4004
40.223
40.2222
40.3346
40.2702
40.1962
40.3332
40.374
40.4136
40.3445
40.4105
40.3425
40.2574
40.34
40.2141
40.283
40.4645
40.442
40.2795
40.3401
40.262
40.2563
40.3704
40.3137
40.2914
40.3242
40.3087
40.3755
40.2699
40.383
40.1048
40.3845
40.2719
40.2641
40.2913
40.4125
40.49
40.3877
40.2104
40.3315
40.2659
40.2446
40.2032
40.4472
40.3459
40.0938
40.1547
40.312
40.185
40.3822
40.4658
40.2971
40.3264
40.3027
40.2173
40.2133
40.2257
40.144
40.1988
40.2441
40.2297
40.4524
40.2445
40.414
40.4342
40.2678
40.3905
40.278
40.3595
40.3172
40.1423
40.4271
40.4975
40.342
40.3964
40.2282
40.4217
40.423
40.3519
40.153
40.4454
40.3128
40.3544
40.2409
40.3087
40.3802
40.156
40.3468
40.4027
40.1596
40.4966
40.3651
40.2148
40.0863
40.4291
40.3227
40.1817
40.3493
40.3764
40.2811
40.5513
40.3776
40.3836
40.228
40.2845
40.3175
40.4787
40.4526
40.3928
40.2008
40.1511
40.3544
40.2829
40.3403
40.21
40.1624
40.2505
40.1271
40.3276
40.236
40.2732
40.3894
40.3523
40.3832
40.1986
40.3636
40.2382
40.4264
40.0848
40.3107
40.4114
40.4647
40.2144
40.24
40.1734
40.2654
40.374
40.3268
40.203
40.3038
40.3036
40.3588
40.1299
40.3084
40.4702
40.23
40.2579
40.3955
40.0911
40.4664
40.3106
40.3515
40.3143
40.2492
40.3432
40.247
40.3786
40.2354
40.1072
40.159
40.3952
40.5678
40.2317
40.3741
40.3782
40.3079
40.2341
40.1726
40.3958
40.2203
40.1569
40.235
40.3072
40.2895
40.4247
40.36
40.3724
40.2935
40.4912
40.3133
40.4256
40.3737
40.4724
40.054
40.3778
40.2947
40.3127
40.258
40.2439
40.584
40.1039
40.3641
40.222
40.4644
40.3657
40.1341
40.2519
40.4521
40.2293
40.3097
40.3714
40.2808
40.4096
40.2974
40.1926
40.3994
40.3345
40.3193
40.2921
40.3654
40.4189
40.2462
40.4067
40.3254
40.3338
40.1937
40.1772
40.1828
40.3241
40.3347
40.2948
40.1718
40.4642
40.0672
40.3327
40.2678
40.3769
40.3367
40.3597
40.366
40.263
40.3319
40.2953
40.1968
40.1902
40.214
40.3799
40.1645
40.3007
40.2423
40.3532
40.1526
40.2992
40.2586
40.1351
40.226
40.492
40.136
40.2686
40.2613
40.2266
40.1041
40.4316
40.4979
40.235
40.1666
40.3301
40.3311
40.4503
40.2797
40.4322
40.195
40.3528
40.4278
40.291
40.4492
40.3651
40.3778
40.316
40.3433
40.188
40.3355
40.3133
40.3868
40.4338
40.4205
40.2822
40.4689
40.2054
40.3837
40.2196
40.5293
40.2827
40.2522
40.2516
40.2971
40.2688
40.3273
40.2022
40.4654
40.4653
40.2337
40.3591
40.2049
40.3528
40.2201
40.1086
40.1481
40.367
40.1939
40.3913
40.4073
40.3065
40.3286
40.1712
40.2517
40.3771
40.1489
40.1534
40.0486
40.2651
40.1167
40.3033
40.2313
40.3707
40.2117
40.2599
40.378
40.3861
40.3636
40.413
40.5829
40.1668
40.2903
40.3373
40.2674
40.4564
40.2338
40.4503
40.1696
40.4735
40.3365
40.2713
40.3904
40.1783
40.2236
40.466
40.253
40.4121
40.3697
40.3451
40.243
40.3041
40.3796
40.4245
40.1877
40.2256
40.1975
40.4605
40.2275
40.49
40.1617
40.4474
40.3796
40.1417
40.1937
40.3211
40.3102
40.1711
40.403
40.1922
40.2459
40.3924
40.3645
40.3892
40.266
40.2061
40.4259
40.2949
40.2127
40.3222
40.2488
40.4168
40.2486
40.2032
40.2983
40.276
40.1553
40.2402
40.4779
40.2313
40.3367
40.4108
40.2988
40.5109
40.1784
40.1734
40.239
40.295
40.326
40.3095
40.3758
40.1278
40.3781
40.4143
40.3237
40.2301
40.3827
40.2824
40.3419
40.3416
40.0994
40.4473
40.2929
40.2758
40.5324
40.3736
40.2595
40.2057
40.2116
40.1968
40.3206
40.4145
40.2412
40.2924
40.4486
40.3285
40.1629
40.302
40.2759
40.3855
40.1721
40.1791
40.3863
40.2498
40.3601
40.2469
40.5788
40.3619
40.2754
40.3143
40.2526
40.2496
40.2495
40.2553
40.3605
40.4373
40.2633
40.2921
40.1743
40.1737
40.441
40.2362
40.1602
40.2277
40.5163
40.1983
40.1353
40.2167
40.1889
40.1886
40.305
40.4311
40.38
40.3321
40.2322
40.2839
40.1423
40.2448
40.1969
40.1836
40.3404
40.293
40.2537
40.2696
40.4266
40.5076
40.3297
40.4203
40.379
40.3029
40.3699
40.4302
40.1845
40.2465
40.3387
40.2625
40.4361
40.3496
40.3574
40.2701
40.3323
40.2267
40.1454
40.2926
40.311
40.3617
40.2072
40.1245
40.3862
40.3487
40.2098
40.2339
40.2351
40.3524
40.2914
40.3905
40.3315
40.467
40.2877
40.3942
40.31
40.4732
40.3106
40.4206
40.4066
40.2668
40.224
40.3725
40.3688
40.5416
40.2691
40.4297
40.4985
40.4871
40.2777
40.2329
40.3818
40.2653
40.3416
40.1406
40.2712
40.3157
40.3112
40.2236
40.275
40.3796
40.2118
40.3083
40.1789
40.3114
40.3575
40.264
40.3082
40.2302
40.2032
40.3893
40.1844
40.4242
40.2971
40.3643
40.2202
40.3109
40.1458
40.2617
40.3159
40.2631
40.3497
40.3505
40.2548
40.4034
40.19
40.2346
40.3185
40.2795
40.4045
40.4055
40.2453
40.3596
40.5157
40.2695
40.0882
40.3568
40.2718
40.2704
40.1864
40.3478
40.2871
40.3946
40.3713
40.159
40.2745
40.2712
40.4747
40.2316
40.4042
40.1291
40.3952
40.2797
40.443
40.2942
40.3905
40.2917
40.3034
40.2582
40.2504
40.3466
40.125
40.2558
40.1272
40.2725
40.0675
40.419
40.5195
40.1401
40.233
40.6232
40.0956
40.4465
40.2396
40.2398
40.1931
40.2332
40.1454
40.3959
40.3001
40.3071
40.216
40.1219
40.3536
40.2928
40.2273
40.1429
40.1353
40.4404
40.4342
40.2557
40.2861
40.3704
40.3775
40.1639
40.5358
40.4174
40.2157
40.2761
40.4467
40.3873
40.1675
40.3552
40.3439
40.4522
40.1849
40.2825
40.3863
40.378
40.2282
40.3486
40.5276
40.3736
40.1376
40.4188
40.4014
40.3862
40.3885
40.4125
40.2888
40.2571
40.4232
40.3326
40.2096
40.1469
40.297
40.4391
40.2332
40.3162
40.32
40.3422
40.2921
40.3447
40.491
40.257
40.3524
40.4231
40.5202
40.3715
40.3708
40.4745
40.4434
40.1683
40.4612
40.2997
40.2379
40.3592
40.1718
40.175
40.1851
40.1829
40.327
40.2471
40.3504
40.1716
40.4866
40.3251
40.3524
40.1389
40.4776
40.1823
40.1694
40.2885
40.3103
40.2877
40.4028
40.4148
40.3399
40.2869
40.3244
40.2936
40.3588
40.4407
40.26
40.266
40.5272
40.322
40.3206
40.4706
40.2476
40.2058
40.4361
40.4432
40.107
40.0556
40.2549
40.4629
40.2027
40.4041
40.3186
40.3023
40.3853
40.3415
40.2405
40.2106
40.3212
40.182
40.3369
40.3862
40.3075
40.5017
40.2477
40.2893
40.2793
40.4017
40.277
40.4136
40.1789
40.1698
40.305
40.318
40.173
40.3056
40.4327
40.327
40.3949
40.3404
40.4364
40.3232
40.3077
40.2257
40.3229
40.2769
40.3736
40.2766
40.266
40.4661
40.2059
40.3089
40.4205
40.2345
40.2811
40.2556
40.2945
40.337
40.3482
40.17
40.1218
40.3603
40.2678
40.2278
40.2831
40.1917
40.3253
40.1736
40.357
40.337
40.2666
40.3245
40.2506
40.2613
40.3634
40.161
40.2658
40.321
40.2477
40.1887
40.2004
40.2514
40.4793
40.156
40.2741
40.4768
40.2336
40.3406
40.3161
40.2784
40.4338
40.3344
40.3186
40.1663
40.377
40.3735
40.4883
40.2919
40.2546
40.3418
40.3142
40.3045
40.2947
40.363
40.391
40.4006
40.4831
40.2312
40.3167
40.2354
40.1518
40.354
40.3755
40.1831
40.3991
40.2886
40.3186
40.4623
40.456
40.3646
40.1271
40.2353
40.1897
40.3542
40.3526
40.1186
40.223
40.2917
40.4056
40.3742
40.3108
40.2969
40.3632
40.2108
40.3263
40.3646
40.2272
40.3433
40.1298
40.3501
40.1871
40.2648
40.2556
40.1359
40.3479
40.1279
40.2449
40.4891
40.3851
40.2888
40.4052
40.4486
40.3061
40.3213
40.1795
40.1184
40.3645
40.1677
40.2409
40.1421
40.4039
40.269
40.1648
40.4261
40.4052
40.2594
40.4397
40.3393
40.5518
40.3668
40.2731
40.4925
40.2185
40.3113
40.2322
40.2507
40.3484
40.478
40.2941
40.2038
40.5106
40.3012
40.2255
40.391
40.0916
40.1869
40.3275
40.4176
40.3349
40.2568
40.2334
40.2806
40.2959
40.4599
40.4468
40.4112
40.1607
40.2145
40.3463
40.4902
40.2331
40.3497
40.4801
40.6086
40.3974
40.1493
40.5353
40.1912
40.1378
40.4148
40.3291
40.3025
40.2376
40.3943
40.1766
40.2998
40.2745
40.1997
40.2923
40.1463
40.2112
40.3121
40.2049
40.2952
40.3658
40.2034
40.3783
40.3117
40.4646
40.2392
40.2195
40.3384
40.4273
40.2761
40.373
40.2316
40.2327
40.3116
40.2669
40.4671
40.4356
40.324
40.2185
40.2491
40.3253
40.3721
40.0804
40.2553
40.1217
40.3177
40.4801
40.3674
40.4779
40.4023
40.2758
40.2697
40.3278
40.19
40.2801
40.1872
40.3422
40.3497
40.3561
40.3422
40.1649
40.2851
40.2647
40.2111
40.3533
40.2781
40.312
40.2745
40.4228
40.3932
40.3634
40.3049
40.3036
40.3479
40.2321
40.3274
40.3672
40.455
40.4201
40.2855
40.1798
40.4215
40.2122
40.4856
40.2544
40.2002
40.5071
40.1165
40.5127
40.2125
40.3809
40.3434
40.2525
40.4081
40.3657
40.2359
40.3834
40.202
40.4404
40.2234
40.414
40.2853
40.547
40.1748
40.3344
40.3808
40.1755
40.3695
40.3597
40.2471
40.2837
40.302
40.4405
40.3158
40.3228
40.4893
40.2304
40.4817
40.2463
40.276
40.1878
40.2321
40.2543
40.222
40.3122
40.1779
40.3493
40.4394
40.3319
40.2067
40.1117
40.3616
40.2925
40.3047
40.1627
40.4185
40.4596
40.2884
40.1745
40.1376
40.266
40.4829
40.1588
40.4182
40.2794
40.455
40.3558
40.418
40.1831
40.3064
40.1708
40.3695
40.4062
40.2693
40.1998
40.3741
40.388
40.3892
40.2786
40.3658
40.3554
40.3064
40.3755
40.4335
40.4145
40.3783
40.3415
40.4237
40.0904
40.1279
40.3125
40.2784
40.3872
40.1915
40.3685
40.2608
40.2249
40.2234
40.1563
40.3547
40.2048
40.298
40.2717
40.5257
40.3735
40.2491
40.2769
40.2967
40.4122
40.3231
40.312
40.1731
40.3056
40.2072
40.2903
40.4956
40.338
40.3053
40.2741
40.3181
40.3543
40.3346
40.3133
40.3102
40.3805
40.5587
40.3991
40.1047
40.1564
40.4372
40.3066
40.3049
40.3049
40.3807
40.3018
40.3478
40.2934
40.2881
40.291
40.2804
40.2724
40.3571
40.4972
40.3068
40.3764
40.3654
40.3163
40.2334
40.1407
40.2136
40.0983
40.2447
40.1093
40.2911
40.4051
40.3011
40.347
40.3653
40.2084
40.2202
40.0746
40.2836
40.2339
40.4422
40.3339
40.3262
40.1993
40.2704
40.3705
40.2796
40.2617
40.3139
40.2303
40.2362
40.3875
40.339
40.3129
40.3297
40.3341
40.3813
40.1591
40.3648
40.2059
40.2598
40.5227
40.2707
40.2642
40.2493
40.4639
40.3216
40.3364
40.1975
40.2413
40.4261
40.3401
40.1845
40.3297
40.2447
40.5186
40.1257
40.3067
40.5253
40.2949
40.3866
40.3161
40.1722
40.3989
40.3153
40.3897
40.2257
40.3258
40.4234
40.3576
40.2585
40.2736
40.3497
40.4237
40.2467
40.1559
40.321
40.3404
40.3209
40.4371
40.3817
40.3144
40.4394
40.2584
40.4776
40.2246
40.3859
40.411
40.1937
40.3332
40.2446
40.3409
40.2297
40.2873
40.3286
40.2438
40.2706
40.3635
40.2664
40.4545
40.1635
40.3052
40.242
40.4365
40.3005
40.3693
40.4089
40.4294
40.283
40.2349
40.2772
40.3838
40.3096
40.3922
40.2683
40.1351
40.2726
40.2515
40.3738
40.2747
40.2502
40.2639
40.2188
40.4374
40.1607
40.2427
40.4027
40.1884
40.4238
40.4398
40.259
40.233
40.2188
40.3461
40.2026
40.301
40.3374
40.215
40.4789
40.0846
40.4613
40.4138
40.1897
40.0409
40.2719
40.2707
40.3958
40.3172
40.3236
40.3306
40.1832
40.3359
40.3336
40.27
40.4725
40.3501
40.3257
40.3988
40.3972
40.3955
40.339
40.4489
40.3048
40.4274
40.3033
40.3025
40.3261
40.3093
40.2277
40.3489
40.3754
40.4233
40.5132
40.2506
40.2319
40.1779
40.1986
40.451
40.1981
40.3843
40.4022
40.1507
40.2827
40.4677
40.2874
40.1542
40.2985
40.297
40.424
40.1142
40.1102
40.4312
40.1855
40.2795
40.2239
40.4707
40.4625
40.2161
40.3021
40.2006
40.211
40.2229
40.4923
40.3914
40.4047
40.2371
40.1827
40.2833
40.3677
40.4465
40.2797
40.199
40.3168
40.1935
40.1414
40.2657
40.3215
40.304
40.1982
40.2967
40.3759
40.1196
40.3817
40.3196
40.2658
40.2098
40.386
40.3532
40.2931
40.2853
40.2809
40.272
40.2222
40.3143
40.3806
40.1773
40.2792
40.2453
40.2533
40.3619
40.262
40.3611
40.3991
40.4215
40.4123
40.2738
40.2055
40.2231
40.3074
40.2355
40.3155
40.2794
40.2204
40.2014
40.3637
40.1071
40.2326
40.3572
40.2206
40.1954
40.3233
40.3897
40.2955
40.2975
40.3861
40.3714
40.4323
40.3994
40.285
40.2341
40.3086
40.2564
40.3574
40.4368
40.2987
40.3016
40.285
40.2829
40.1499
40.2259
40.17
40.1918
40.2288
40.2997
40.3193
40.3445
40.387
40.5008
40.1446
40.2248
40.2634
40.2691
40.2952
40.5303
40.3588
40.2262
40.4549
40.3305
40.2895
40.2253
40.3099
40.2649
40.3335
40.0451
40.0913
40.2312
40.1012
40.3375
40.2741
40.4807
40.2768
40.3681
40.4907
40.1882
40.0596
40.2841
40.4991
40.4891
40.4049
40.4029
40.2405
40.1591
40.3109
40.3255
40.3991
40.27
40.1509
40.073
40.2832
40.291
40.3926
40.4212
40.1362
40.4035
40.1844
40.0969
40.2757
40.3229
40.2775
40.3732
40.2848
40.3921
40.2838
40.4126
40.2563
40.4148
40.356
40.3568
40.2278
40.4494
40.3169
40.1972
40.3138
40.2014
40.4477
40.248
40.4792
40.4163
40.2826
40.3608
40.1662
40.192
40.3271
40.3731
40.072
40.1456
40.5357
40.2145
40.2546
40.4184
40.3929
40.4365
40.2921
40.4128
40.1795
40.2499
40.1019
40.2617
40.3448
40.3495
40.3082
40.4096
40.1226
40.0377
40.3612
40.2412
40.277
40.0717
40.2322
40.2965
40.4246
40.1869
40.246
40.3484
40.2732
40.2929
40.1887
40.1966
40.4258
40.1997
40.3291
40.3648
40.2537
40.3684
40.4196
40.2538
40.0711
40.43
40.1924
40.4926
40.2961
40.2253
40.3493
40.4686
40.3608
40.3926
40.2664
40.2841
40.4087
40.4655
40.2549
40.313
40.2754
40.2637
40.2711
40.3249
40.3969
40.4518
40.3312
40.2106
40.4299
40.3491
40.1873
40.4061
40.2715
40.2094
40.4668
40.2564
40.3237
40.3167
40.2397
40.2304
40.2046
40.3278
40.3592
40.3419
40.3705
40.3315
40.2502
40.2871
40.2364
40.1699
40.2403
40.1601
40.3877
40.213
40.3334
40.1425
40.2122
40.3774
40.1949
40.2636
40.3087
40.3058
40.4693
40.3234
40.4896
40.3171
40.3612
40.0825
40.2094
40.301
40.4904
40.3672
40.4377
40.4368
40.4155
40.2397
40.1556
40.2594
40.2045
40.3292
40.2904
40.4019
40.3612
40.3489
40.284
40.2283
40.2186
40.2293
40.367
40.1724
40.384
40.4107
40.4155
40.3856
40.2899
40.5212
40.265
40.3101
40.4627
40.2015
40.3608
40.2705
40.3666
40.3522
40.1346
40.2836
40.3739
40.3175
40.3882
40.3721
40.4011
40.1716
40.2267
40.2244
40.4431
40.3446
40.2441
40.2366
40.2484
40.1932
40.3064
40.2859
40.2047
40.243
40.3798
40.3794
40.2185
40.2047
40.3504
40.3974
40.2408
40.1344
40.2865
40.1992
40.2855
40.1168
40.4147
40.1672
40.3082
40.119
40.3287
40.3938
40.2854
40.1168
40.3651
40.4241
40.1185
40.2765
40.5147
40.3248
40.2961
40.4208
40.3872
40.2635
40.3433
40.3432
40.4551
40.1982
40.4255
40.2254
40.2612
40.2932
40.3647
40.3577
40.2612
40.2845
40.3207
40.3958
40.1846
40.287
40.3049
40.2741
40.3284
40.3508
40.3416
40.1629
40.329
40.2897
40.3462
40.2785
40.3596
40.4101
40.1322
40.3632
40.2197
40.3876
40.3245
40.256
40.29
40.288
40.2678
40.3651
40.346
40.2937
40.4256
40.0634
40.4224
40.2133
40.256
40.2202
40.0957
40.3099
40.2182
40.3473
40.4423
40.3166
40.3554
40.3366
40.3211
40.4123
40.4116
40.4845
40.4445
40.4738
40.3627
40.3051
40.417
40.4472
40.1646
40.2449
40.2604
40.4233
40.2774
40.3537
40.3706
40.3798
40.4372
40.2084
40.3394
40.2772
40.3383
40.3322
40.0906
40.3307
40.459
40.3087
40.346
40.1399
40.2567
40.2354
40.35
40.36
40.2774
40.3747
40.3774
40.3059
40.4202
40.1914
40.3152
40.4907
40.2902
40.1987
40.3897
40.313
40.1584
40.3645
40.4562
40.212
40.3538
40.3246
40.3565
40.4346
40.4653
40.3218
40.4149
40.3949
40.1605
40.2824
40.4518
40.284
40.1335
40.3599
40.3366
40.4562
40.3558
40.348
40.298
40.3023
40.2157
40.2774
40.2815
40.3402
40.3876
40.2321
40.3028
40.4008
40.4078
40.2516
40.2563
40.3653
40.1229
40.2993
40.0889
40.1927
40.2369
40.4933
40.2339
40.4157
40.4067
40.1107
40.3166
40.4272
40.284
40.079
40.3576
40.4589
40.2828
40.1529
40.3363
40.1468
40.4552
40.3209
40.2307
40.371
40.2348
40.3751
40.227
40.3216
40.2717
40.3038
40.3577
40.2346
40.4889
40.148
40.2487
40.4363
40.3412
40.6011
40.27
40.3641
40.2216
40.2486
40.4036
40.1968
40.3012
40.2902
40.2892
40.2169
40.1124
40.1724
40.2355
40.2015
40.3462
40.4439
40.3398
40.358
40.4114
40.1007
40.4626
40.2495
40.2048
40.2688
40.4014
40.4543
40.2589
40.3593
40.4477
40.2251
40.3285
40.1103
40.4511
40.1657
40.224
40.1988
40.3114
40.2769
40.2262
40.3186
40.3111
40.4532
40.4587
40.3501
40.2157
40.2198
40.3473
40.2946
40.1619
40.2079
40.278
40.3476
40.184
40.2058
40.215
40.4007
40.1842
40.3556
40.4646
40.5296
40.2612
40.2249
40.3262
40.3076
40.2152
40.3549
40.1175
40.342
40.3974
40.2862
40.3547
40.3933
40.222
40.3498
40.259
40.2519
40.1886
40.4226
40.3694
40.1846
40.2199
40.3584
40.2001
40.1071
40.3461
40.2002
40.4479
40.1489
40.2671
40.404
40.2353
40.4065
40.3492
40.2186
40.4528
40.3618
40.2051
40.2197
40.1752
40.4661
40.4067
40.1787
40.18
40.1687
40.3566
40.2062
40.2065
40.3639
40.2987
40.5453
40.4003
40.2251
40.2584
40.2667
40.4102
40.2737
40.2458
40.2255
40.2193
40.2172
40.3199
40.2697
40.1386
40.4383
40.1909
40.1912
40.2749
40.3626
40.2919
40.4552
40.3554
40.1452
40.2475
40.3642
40.1502
40.4111
40.3508
40.2693
40.2775
40.3149
40.2824
40.2338
40.4221
40.4591
40.2941
40.3785
40.3527
40.2136
40.3189
40.4141
40.382
40.1994
40.4025
40.1813
40.4848
40.2124
40.1862
40.3746
40.2499
40.2882
40.42
40.1898
40.1413
40.0712
40.3639
40.3516
40.3021
40.284
40.1198
40.1958
40.2969
40.3623
40.4335
40.3533
40.3458
40.3002
40.2375
40.25
40.284
40.1563
40.3666
40.4058
40.3599
40.3462
40.2297
40.2867
40.421
40.4046
40.3044
40.273
40.1659
40.4674
40.3324
40.4025
40.5424
40.4574
40.2497
40.3913
40.3571
40.3357
40.4718
40.3755
40.1634
40.3801
40.3586
40.4338
40.1143
40.1163
40.305
40.5377
40.167
40.3747
40.3231
40.4763
40.218
40.1955
40.4632
40.3332
40.1592
40.1235
40.1742
40.3602
40.3499
40.1951
40.3388
40.354
40.3135
40.4773
40.3198
40.1979
40.4307
40.2617
40.3407
40.2454
40.3561
40.2302
40.4901
40.4562
40.4704
40.2527
40.2846
40.21
40.4362
40.3153
40.4673
40.2515
40.3356
40.4955
40.2894
40.2119
40.2011
40.2682
40.133
40.4109
40.2975
40.2622
40.2277
40.2548
40.3247
40.4333
40.438
40.2902
40.2922
40.1707
40.2961
40.2053
40.4042
40.3769
40.306
40.2351
40.0829
40.303
40.2651
40.4103
40.2191
40.4302
40.2528
40.2235
40.1959
40.4666
40.3254
40.3557
40.2508
40.2742
40.3776
40.1838
40.3777
40.4593
40.4008
40.2477
40.2226
40.3861
40.2564
40.3719
40.3616
40.2297
40.2653
40.293
40.3784
40.4209
40.2764
40.2092
40.3992
40.3877
40.2932
40.5361
40.2767
40.1069
40.2909
40.314
40.2971
40.2919
40.327
40.4152
40.3006
40.2677
40.2508
40.3653
40.0888
40.3126
40.4643
40.4236
40.2759
40.273
40.3404
40.3263
40.3789
40.2245
40.3424
40.1544
40.4201
40.4278
40.2804
40.3937
40.2431
40.3333
40.1232
40.5089
40.2997
40.426
40.3765
40.4512
40.2312
40.2214
40.3446
40.5371
40.3952
40.2863
40.3093
40.1948
40.2317
40.3422
40.1721
40.2026
40.3665
40.2081
40.2771
40.1518
40.2579
40.3782
40.398
40.2561
40.2281
40.0979
40.2224
40.3158
40.2576
40.3891
40.1638
40.1717
40.2312
40.4182
40.1569
40.254
40.1306
40.2859
40.3511
40.2236
40.4046
40.2283
40.3776
40.3158
40.352
40.3851
40.2669
40.3328
40.183
40.4328
40.3166
40.218
40.1804
40.2833
40.2679
40.2674
40.3265
40.2123
40.4039
40.3408
40.1563
40.3164
40.1103
40.2256
40.1448
40.1207
40.591
40.435
40.2572
40.4824
40.2749
40.2005
40.3056
40.2161
40.3248
40.3801
40.1822
40.1522
40.1676
40.2434
40.3795
40.355
40.3426
40.1665
40.3228
40.2549
40.1366
40.2228
40.2946
40.4891
40.1036
40.3391
40.3474
40.3179
40.3348
40.2667
40.2413
40.3376
40.2481
40.372
40.2687
40.3764
40.4332
40.3808
40.4201
40.2888
40.3714
40.2893
40.3832
40.1825
40.3766
40.3129
40.2436
40.3835
40.3849
40.316
40.2675
40.4246
40.2671
40.2778
40.1345
40.4113
40.23
40.2028
40.1056
40.3707
40.3587
40.3212
40.3272
40.1634
40.2595
40.3513
40.1302
40.2741
40.3434
40.1187
40.1609
40.1346
40.5565
40.216
40.1665
40.3415
40.3861
40.4409
40.4058
40.3237
40.2557
40.1865
40.2562
40.1049
40.5844
40.2366
40.3738
40.2754
40.2094
40.3384
40.3366
40.3865
40.1962
40.3888
40.174
40.2673
40.2516
40.2167
40.322
40.2273
40.3076
40.2068
40.2988
40.2201
40.1166
40.3356
40.2854
40.1914
40.3547
40.3048
40.323
40.3495
40.3277
40.3842
40.1328
40.0975
40.1376
40.1559
40.2997
40.4497
40.2991
40.2909
40.3366
40.2893
40.3086
40.315
40.1085
40.4034
40.3082
40.1612
40.0499
40.2442
40.1481
40.44
40.2328
40.2428
40.3046
40.2798
40.4423
40.3705
40.2724
40.3451
40.3687
40.28
40.2012
40.1683
40.4675
40.2134
40.2502
40.3171
40.3516
40.2857
40.2606
40.3164
40.2255
40.1461
40.4571
40.2656
40.2279
40.4924
40.2226
40.291
40.3943
40.0776
40.3588
40.3055
40.2708
40.2966
40.5246
40.4338
40.253
40.3719
40.2933
40.302
40.5513
40.1196
40.2692
40.3408
40.4115
40.38
40.3579
40.3175
40.1107
40.4163
40.1481
40.4419
40.343
40.3255
40.3559
40.1822
40.3765
40.2972
40.4036
40.1803
40.3381
40.1919
40.2391
40.2303
40.4053
40.4795
40.2439
40.1813
40.2108
40.2972
40.4865
40.4643
40.2049
40.2584
40.3049
40.3085
40.2494
40.2868
40.2792
40.2602
40.1847
40.4183
40.5082
40.2609
40.4087
40.3473
40.1774
40.5405
40.4077
40.3098
40.2577
40.3654
40.4331
40.3033
40.3936
40.3887
40.3018
40.3451
40.3526
40.2203
40.3184
40.4665
40.2607
40.4602
40.2765
40.221
40.4569
40.4285
40.5049
40.1092
40.2685
40.2166
40.2873
40.4311
40.4427
40.3118
40.2698
40.3169
40.4029
40.2951
40.3585
40.1955
40.4007
40.4564
40.2489
40.2101
40.2034
40.4045
40.3317
40.0552
40.3503
40.4132
40.346
40.2495
40.2849
40.4652
40.3861
40.2998
40.391
40.257
40.4354
40.1834
40.4836
40.2585
40.1846
40.3755
40.1596
40.3822
40.3488
40.2474
40.3983
40.3254
40.2675
40.1499
40.2604
40.227
40.2901
40.3492
40.0765
40.3487
40.2123
40.1889
40.2742
40.217
40.2373
40.397
40.2008
40.2273
40.348
40.3263
40.3346
40.2355
40.3049
40.4827
40.4309
40.3826
40.425
40.2783
40.2695
40.3629
40.4591
40.3155
40.1505
40.3361
40.3117
40.3783
40.3831
40.3918
40.1764
40.3639
40.5331
40.1506
40.3632
40.2138
40.1677
40.173
40.2511
40.3426
40.2131
40.1818
40.2795
40.39
40.4016
40.2776
40.2463
40.3025
40.2855
40.2511
40.407
40.2963
40.2592
40.2818
40.2653
40.2668
40.2275
40.3791
40.2959
40.2133
40.2415
40.2787
40.3895
40.333
40.453
40.4154
40.2721
40.4062
40.3025
40.2998
40.1981
40.4175
40.193
40.0788
40.3739
40.3692
40.0711
40.2632
40.0883
40.4428
40.293
40.16
40.3824
40.1819
40.239
40.3316
40.3225
40.2696
40.3809
40.3477
40.3641
40.2708
40.1558
40.3594
40.4576
40.3481
40.4746
40.3186
40.3349
40.3988
40.2932
40.2682
40.2691
40.4346
40.3278
40.3754
40.2238
40.2816
40.1684
40.2159
40.2933
40.2772
40.3294
40.2152
40.3253
40.4147
40.0983
40.2884
40.5162
40.2893
40.243
40.3643
40.5076
40.4196
40.4265
40.4345
40.1808
40.375
40.1275
40.4585
40.2252
40.3443
40.4243
40.4209
40.5212
40.4594
40.1363
40.1901
40.2917
40.279
40.3486
40.3635
40.2505
40.4474
40.2242
40.1914
40.2595
40.2149
40.5016
40.325
40.2958
40.2275
40.1309
40.1856
40.4557
40.3957
40.2592
40.3186
40.403
40.3146
40.3231
40.2535
40.3286
40.3184
40.3678
40.3096
40.1327
40.2991
40.4414
40.2856
40.1121
40.2865
40.3878
40.402
40.1791
40.1879
40.5037
40.3904
40.2151
40.2416
40.2319
40.4681
40.3611
40.2856
40.2343
40.1964
40.3303
40.2752
40.1119
40.2704
40.399
40.3495
40.2057
40.1994
40.1898
40.3335
40.2239
40.2817
40.3787
40.2799
40.4276
40.2363
40.2727
40.2443
40.3286
40.2735
40.3042
40.3377
40.2732
40.3696
40.2812
40.362
40.2578
40.2744
40.3499
40.3921
40.2681
40.1141
40.161
40.2533
40.1953
40.3002
40.3263
40.3245
40.2285
40.2383
40.3609
40.1634
40.3804
40.1554
40.2977
40.3252
40.1973
40.382
40.1595
40.4469
40.3453
40.3628
40.4935
40.3226
40.3836
40.4442
40.238
40.4656
40.2154
40.3754
40.2184
40.2965
40.2786
40.25
40.2199
40.1998
40.4302
40.4208
40.3784
40.4186
40.4526
40.2384
40.1449
40.2359
40.3092
40.1131
40.3547
40.4436
40.3464
40.39
40.3018
40.3535
40.2847
40.3606
40.1664
40.3178
40.1343
40.3946
40.4586
40.2876
40.3169
40.4247
40.2123
40.008
40.1976
40.489
40.1676
40.3857
40.5
40.1026
40.3178
40.4526
40.364
40.2317
40.2327
40.2461
40.4581
40.1633
40.2814
40.2099
40.2294
40.4613
40.3452
40.1478
40.1671
40.3529
40.3814
40.3307
40.3783
40.2609
40.2003
40.3123
40.4084
40.3822
40.271
40.4066
40.3355
40.3221
40.214
40.289
40.2488
40.2038
40.3801
40.3588
40.1938
40.3256
40.3518
40.1842
40.1463
40.3192
40.1635
40.304
40.3564
40.2339
40.3001
40.307
40.3331
40.2265
40.2055
40.259
40.3535
40.3201
40.1473
40.3834
40.1425
40.399
40.4693
40.4254
40.2948
40.4653
40.207
40.4375
40.2764
40.3095
40.2039
40.1425
40.5131
40.1996
40.2652
40.3343
40.3079
40.5306
40.1375
40.4787
40.4121
40.306
40.343
40.1679
40.4085
40.2489
40.3208
40.3394
40.4909
40.3412
40.3661
40.2775
40.359
40.2359
40.258
40.3021
40.4179
40.2639
40.3323
40.4115
40.3313
40.3117
40.2615
40.0626
40.2433
40.3521
40.1735
40.2676
40.5423
40.1867
40.3029
40.34
40.5237
40.4142
40.584
40.4196
40.2247
40.1498
40.3085
40.3293
40.2567
40.4338
40.4583
40.4122
40.4645
40.2945
40.0457
40.2148
40.3001
40.5975
40.1627
40.2806
40.1289
40.2275
40.1657
40.3037
40.4576
40.2085
40.2482
40.5636
40.3229
40.2847
40.2861
40.3785
40.24
40.2842
40.2391
40.2217
40.4202
40.3126
40.4345
40.146
40.296
40.4071
40.3719
40.4138
40.1499
40.2881
40.1866
40.4615
40.2487
40.2137
40.1423
40.2804
40.282
40.6131
40.3269
40.3008
40.2701
40.3109
40.1258
40.2605
40.1239
40.3834
40.1614
40.4143
40.1713
40.3165
40.2536
40.2747
40.2529
40.3642
40.1179
40.2608
40.2412
40.3455
40.1662
40.2985
40.362
40.26
40.3244
40.2041
40.3023
40.2834
40.2891
40.1393
40.2779
40.3498
40.3411
40.2743
40.0516
40.3913
40.3902
40.2279
40.3725
40.1549
40.5503
40.3698
40.4081
40.1657
40.3211
40.3492
40.329
40.2316
40.4354
40.4254
40.1577
40.2995
40.394
40.4102
40.4613
40.4176
40.3567
40.4376
40.3204
40.2897
40.4201
40.0771
40.1344
40.3057
40.3052
40.1184
40.3767
40.4544
40.4443
40.3901
40.2969
40.4066
40.218
40.4789
40.2321
40.2644
40.1993
40.3402
40.2367
40.1648
40.3185
40.1744
40.1599
40.2973
40.2248
40.3161
40.3602
40.2299
40.2278
40.3158
40.3629
40.1906
40.2498
40.3128
40.4417
40.262
40.2749
40.5948
40.4603
40.3668
40.4094
40.2009
40.2457
40.2852
40.3254
40.2945
40.3311
40.0667
40.4006
40.5036
40.2708
40.3499
40.223
40.226
40.3448
40.3875
40.3324
40.2599
40.129
40.4307
40.1113
40.2444
40.0393
40.4306
40.4991
40.3852
40.2323
40.4061
40.443
40.1427
40.3514
40.3609
40.3131
40.356
40.3777
40.2565
40.3086
40.4922
40.2078
40.5036
40.3396
40.3247
40.1603
40.2288
40.1688
40.2201
40.4031
40.5028
40.2825
40.2864
40.3441
40.4065
40.2522
40.2332
40.3797
40.3008
40.3454
40.1688
40.4087
40.4547
40.1792
40.3236
40.5025
40.2247
40.2659
40.3112
40.2257
40.2946
40.2469
40.2283
40.2645
40.2427
40.3615
40.2918
40.431
40.4434
40.2337
40.4344
40.2237
40.2333
40.3993
40.2544
40.368
40.4461
40.2952
40.4377
40.2243
40.3003
40.1274
40.1427
40.4141
40.3607
40.4821
40.3082
40.3723
40.0768
40.2048
40.4459
40.4412
40.1815
40.2162
40.1865
40.5205
40.2059
40.1727
40.2919
40.2711
40.3792
40.2247
40.2949
40.1375
40.3242
40.1941
40.3729
40.1943
40.4012
40.1728
40.2109
40.438
40.362
40.3577
40.1687
40.3096
40.1406
40.1551
40.4142
40.2269
40.3389
40.1316
40.4117
40.3724
40.33
40.1658
40.3475
40.4382
40.2921
40.4514
40.2335
40.2082
40.2096
40.221
40.4322
40.3659
40.2587
40.2771
40.186
40.1834
40.3255
40.3386
40.103
40.3021
40.2202
40.3249
40.3541
40.2446
40.5436
40.3366
40.392
40.4501
40.2961
40.2392
40.201
40.3209
40.2737
40.2122
40.286
40.3547
40.4112
40.2765
40.5108
40.2156
40.3765
40.1913
40.3419
40.3123
40.2856
40.1806
40.3172
40.2225
40.3644
40.4361
40.5333
40.3555
40.2126
40.2801
40.4764
40.3757
40.4197
40.2979
40.2799
40.2934
40.2562
40.2585
40.4952
40.0775
40.0809
40.1613
40.3529
40.4188
40.3469
40.3951
40.4347
40.4029
40.2299
40.2134
40.3095
40.2995
40.3599
40.2318
40.3501
40.241
40.1392
40.353
40.2969
40.3745
40.4568
40.2716
40.0849
40.3045
40.2468
40.3652
40.2874
40.2202
40.2927
40.308
40.2298
40.4157
40.2188
40.3907
40.1628
40.3958
40.3696
40.4171
40.2849
40.2285
40.5377
40.1782
40.4276
40.4682
40.2098
40.2454
40.4186
40.2721
40.1402
40.3034
40.1946
40.0545
40.1182
40.344
40.304
40.3403
40.1095
40.3904
40.2358
40.3367
40.4091
40.1576
40.386
40.2181
40.2621
40.359
40.3482
40.4341
40.4042
40.2815
40.3868
40.4251
40.2283
40.2155
40.4259
40.3492
40.3048
40.266
40.3851
40.4024
40.3599
40.177
40.2446
40.2863
40.2955
40.3051
40.2345
40.4601
40.425
40.4053
40.2503
40.1997
40.359
40.3507
40.2211
40.4182
40.2133
40.3743
40.1368
40.1431
40.2025
40.5071
40.2168
40.3008
40.2022
40.3184
40.3089
40.2634
40.4356
40.2603
40.3546
40.2794
40.2585
40.3084
40.3097
40.4487
40.1759
40.2725
40.4693
40.2135
40.3689
40.233
40.1435
40.3971
40.5798
40.3743
40.195
40.3372
40.2949
40.1885
40.3044
40.4198
40.3956
40.3526
40.3341
40.393
40.2512
40.3714
40.3286
40.2337
40.3789
40.3368
40.2792
40.3569
40.1926
40.425
40.2846
40.2573
40.258
40.2193
40.3795
40.1934
40.3556
40.277
40.1506
40.169
40.3367
40.285
40.4291
40.2309
40.1901
40.4936
40.2936
40.1993
40.4244
40.3376
40.301
40.2121
40.2053
40.2881
40.3039
40.1744
40.3116
40.114
40.4102
40.2357
40.4627
40.2177
40.4815
40.1613
40.1867
40.1482
40.238
40.3
40.3985
40.329
40.3604
40.2651
40.3745
40.3766
40.5135
40.3217
40.1746
40.4103
40.3213
40.257
40.3002
40.1499
40.1884
40.1819
40.2688
40.1995
40.3393
40.3754
40.2812
40.3928
40.3753
40.365
40.2855
40.2586
40.3487
40.507
40.2728
40.5307
40.3965
40.3093
40.2731
40.3524
40.4082
40.2366
40.2239
40.2745
40.3807
40.216
40.28
40.1896
40.2839
40.3691
40.2929
40.1736
40.3853
40.4024
40.2539
40.2289
40.27
40.1853
40.208
40.2814
40.2158
40.2257
40.3418
40.2561
40.3653
40.3161
40.402
40.3779
40.4803
40.274
40.2434
40.244
40.3685
40.2231
40.3091
40.2288
40.1861
40.2781
40.3076
40.4154
40.3447
40.2079
40.3689
40.2045
40.2926
40.4099
40.2097
40.3447
40.3714
40.3056
40.2583
40.3789
40.3003
40.3078
40.2315
40.4303
40.1845
40.2113
40.2622
40.287
40.2178
40.3733
40.3821
40.1666
40.3986
40.2381
40.459
40.4182
40.2764
40.1749
40.4952
40.4417
40.3412
40.3074
40.3921
40.3819
40.4239
40.4304
40.3526
40.1139
40.4718
40.3226
40.4079
40.1687
40.3577
40.3793
40.2663
40.2749
40.2679
40.2379
40.2462
40.3223
40.3272
40.261
40.3053
40.1464
40.3657
40.3284
40.2442
40.4582
40.3366
40.1665
40.4139
40.407
40.1158
40.2591
40.3018
40.0913
40.3615
40.295
40.4032
40.2792
40.2092
40.4126
40.2193
40.2745
40.2598
40.3375
40.4862
40.2212
40.3474
40.2226
40.3154
40.1321
40.5063
40.4664
40.4477
40.3696
40.4781
40.4847
40.3262
40.1869
40.4658
40.2783
40.3187
40.2232
40.2728
40.4282
40.2586
40.3465
40.1116
40.3209
40.3454
40.2692
40.3821
40.4246
40.3145
40.1982
40.2412
40.2685
40.317
40.2271
40.3747
40.3454
40.1483
40.2658
40.3493
40.3118
40.4589
40.3228
40.4445
40.3582
40.3773
40.2275
40.312
40.4249
40.4562
40.3773
40.34
40.3928
40.2973
40.4757
40.2617
40.4475
40.5831
40.2869
40.2745
40.4336
40.1796
40.2357
40.0355
40.4097
40.4839
40.2769
40.4939
40.3564
40.1914
40.2509
40.2725
40.2892
40.2359
40.2713
40.2559
40.4089
40.3138
40.3589
40.1684
40.3801
40.3003
40.3112
40.3793
40.2283
40.2936
40.336
40.5549
40.2285
40.2966
40.2958
40.3156
40.3813
40.3271
40.3196
40.2372
40.211
40.2043
40.194
40.2883
40.4983
40.4795
40.3567
40.2576
40.2532
40.4018
40.3394
40.2525
40.3671
40.327
40.0911
40.3106
40.3073
40.2887
40.2672
40.4278
40.2606
40.2052
40.0771
40.2539
40.1454
40.1206
40.388
40.2173
40.2612
40.0218
40.2731
40.3792
40.3994
40.4829
40.3619
40.218
40.4126
40.1229
40.1153
40.2211
40.3848
40.2188
40.1935
40.2563
40.2815
40.3091
40.4632
40.2958
40.3198
40.1276
40.188
40.3847
40.3028
40.5945
40.2314
40.3839
40.2279
40.3529
40.3107
40.1464
40.3083
40.219
40.2915
40.2157
40.1415
40.2824
40.4287
40.3685
40.1848
40.3002
40.2654
40.2626
40.42
40.2877
40.2794
40.2767
40.2243
40.2093
40.2409
40.3937
40.2534
40.3487
40.3509
40.3657
40.329
40.372
40.2578
40.2077
40.3552
40.2693
40.2439
40.4169
40.3572
40.1606
40.2633
40.3033
40.2623
40.3895
40.2751
40.2307
40.2327
40.2805
40.3077
40.2593
40.2489
40.3234
40.4062
40.1484
40.208
40.3953
40.2874
40.3239
40.2242
40.3454
40.0347
40.2943
40.1764
40.1484
40.3338
40.2718
40.2092
40.1918
40.2664
40.1166
40.2754
40.3157
40.2187
40.2308
40.435
40.2995
40.3592
40.1692
40.4178
40.4162
40.1921
40.3538
40.2648
40.4586
40.4298
40.3171
40.2129
40.238
40.2026
40.3039
40.0635
40.1849
40.2989
40.2445
40.4466
40.4186
40.2526
40.4873
40.2906
40.3666
40.3494
40.3829
40.2793
40.2143
40.3306
40.2694
40.6202
40.338
40.1177
40.1088
40.308
40.399
40.3996
40.3984
40.1004
40.2858
40.3309
40.3962
40.2581
40.405
40.1827
40.4317
40.192
40.292
40.33
40.2279
40.3677
40.277
40.1334
40.2581
40.2213
40.3648
40.3604
40.2836
40.3291
40.2693
40.2492
40.3971
40.3742
40.4093
40.3817
40.2427
40.2759
40.2009
40.3442
40.2495
40.3781
40.4033
40.4166
40.3198
40.4555
40.3077
40.302
40.362
40.3596
40.1416
40.1494
40.457
40.247
40.273
40.1634
40.3325
40.3692
40.2626
40.4052
40.1681
40.2515
40.2275
40.3968
40.2804
40.4026
40.2911
40.4275
40.2359
40.1996
40.1928
40.2592
40.3612
40.2256
40.2599
40.2612
40.1635
40.177
40.3532
40.3663
40.3577
40.2882
40.3866
40.2443
40.2637
40.4602
40.3181
40.0621
40.3408
40.5178
40.277
40.3375
40.464
40.268
40.506
40.3284
40.2329
40.3323
40.2487
40.2757
40.2858
40.3879
40.2438
40.1968
40.4017
40.223
40.4698
40.2596
40.3628
40.299
40.2991
40.3873
40.4413
40.2724
40.4687
40.3544
40.2589
40.4421
40.4024
40.3268
40.3546
40.3178
40.231
40.2951
40.3998
40.3153
40.3642
40.3418
40.3777
40.3166
40.2925
40.3544
40.3371
40.4298
40.2352
40.4518
40.3795
40.2374
40.4068
40.4085
40.2467
40.3722
40.2742
40.292
40.2705
40.303
40.3112
40.3746
40.3873
40.36
40.2595
40.1633
40.5333
40.3583
40.4194
40.1693
40.3554
40.4229
40.5456
40.3875
40.2303
40.1508
40.5248
40.3931
40.2809
40.3073
40.4607
40.42
40.4409
40.5377
40.4864
40.2125
40.5601
40.351
40.383
40.265
40.2184
40.4155
40.2218
40.3127
40.2454
40.4113
40.4244
40.291
40.343
40.2674
40.1745
40.1371
40.3952
40.3922
40.3446
40.2801
40.2307
40.3279
40.4429
40.5576
40.298
40.123
40.1687
40.4477
40.2543
40.3596
40.3082
40.4233
40.1426
40.1181
40.4919
40.208
40.2412
40.4571
40.3154
40.3762
40.0897
40.2411
40.309
40.3298
40.381
40.2568
40.3087
40.2441
40.4045
40.241
40.1619
40.3057
40.3041
40.4184
40.3244
40.3414
40.1491
40.4647
40.2481
40.2842
40.2923
40.2308
40.2503
40.3939
40.3203
40.4342
40.137
40.4187
40.1274
40.1649
40.4462
40.1817
40.232
40.3273
40.3322
40.3464
40.2248
40.2419
40.132
40.1783
40.4855
40.1112
40.4073
40.3699
40.3511
40.3522
40.4595
40.3766
40.2058
40.3839
40.2815
40.1679
40.4281
40.0818
40.31
40.3362
40.2217
40.243
40.2821
40.3375
40.1955
40.3852
40.1731
40.3099
40.2843
40.2194
40.4292
40.2552
40.2067
40.1824
40.3045
40.4212
40.298
40.2641
40.3887
40.3688
40.5587
40.3086
40.2546
40.2533
40.4094
40.1284
40.3584
40.3677
40.4155
40.2747
40.396
40.3041
40.4207
40.3074
40.0848
40.2839
40.2399
40.4717
40.3066
40.2612
40.4194
40.2884
40.2933
40.5346
40.2663
40.2138
40.3097
40.2525
40.2609
40.4728
40.2367
40.2505
40.4635
40.3371
40.3079
40.3871
40.393
40.1955
40.4228
40.1413
40.381
40.0654
40.1992
40.3626
40.4564
40.1627
40.3185
40.3865
40.3704
40.2989
40.4262
40.4084
40.2752
40.2285
40.3248
40.3538
40.3039
40.2372
40.3449
40.1981
40.2968
40.2619
40.3299
40.2956
40.5369
40.303
40.3717
40.3641
40.5213
40.321
40.3011
40.0906
40.3389
40.3391
40.2742
40.414
40.4161
40.2324
40.178
40.3432
40.381
40.3626
40.2678
40.4972
40.2137
40.4233
40.1543
40.384
40.229
40.4783
40.2729
40.515
40.3706
40.2927
40.4131
40.3948
40.0463
40.2821
40.1716
40.3616
40.2314
40.2982
40.2695
40.3638
40.433
40.4574
40.2666
40.3127
40.2194
40.3244
40.2635
40.3694
40.1676
40.1884
40.3121
40.1617
40.35
40.2122
40.4119
40.0908
40.3432
40.3864
40.2795
40.1835
40.3414
40.2141
40.2764
40.3912
40.4019
40.2356
40.2719
40.2577
40.3564
40.3566
40.4002
40.2342
40.2877
40.274
40.3401
40.3971
40.3085
40.1942
40.3309
40.3388
40.2858
40.3366
40.1845
40.3918
40.4151
40.1717
40.3823
40.2276
40.2556
40.4025
40.6035
40.3676
40.227
40.3706
40.142
40.4256
40.4049
40.3628
40.2943
40.2851
40.3536
40.1891
40.3286
40.3357
40.2042
40.3235
40.2412
40.2627
40.4403
40.3817
40.2761
40.3297
40.2566
40.2777
40.4167
40.3857
40.1868
40.1126
40.177
40.2282
40.3751
40.2062
40.3804
40.2235
40.3811
40.1656
40.2128
40.1765
40.3218
40.2384
40.1259
40.4133
40.544
40.2117
40.1825
40.2284
40.3276
40.4474
40.3827
40.1365
40.3805
40.2969
40.4139
40.247
40.2783
40.4903
40.3486
40.4337
40.3507
40.3012
40.3873
40.3289
40.3973
40.302
40.2792
40.4148
40.3945
40.3743
40.1573
40.1195
40.3471
40.4386
40.3266
40.2658
40.4315
40.172
40.4072
40.1424
40.4181
40.1723
40.4578
40.3966
40.3493
40.3223
40.1537
40.229
40.4627
40.1338
40.27
40.3147
40.1566
40.3151
40.1101
40.1839
40.3015
40.2127
40.2119
40.2141
40.4609
40.338
40.4798
40.2565
40.4461
40.4078
40.1952
40.2778
40.1873
40.1639
40.2924
40.2994
40.3141
40.2581
40.2784
40.4076
40.2488
40.2944
40.3281
40.3555
40.1809
40.4745
40.3507
40.166
40.336
40.2916
40.2654
40.3721
40.4055
40.2537
40.2264
40.292
40.2187
40.0971
40.2411
40.5577
40.1816
40.3539
40.1616
40.1742
40.1336
40.4226
40.453
40.1767
40.1725
40.2353
40.3057
40.328
40.2734
40.4106
40.3428
40.4231
40.3848
40.2284
40.2699
40.1765
40.4895
40.3131
40.2885
40.3126
40.1962
40.139
40.3971
40.2243
40.3395
40.2536
40.2353
40.357
40.3839
40.4457
40.4159
40.2709
40.1581
40.2726
40.4885
40.098
40.2359
40.3887
40.2551
40.2471
40.2013
40.4061
40.343
40.2404
40.2807
40.4359
40.3627
40.27
40.4506
40.1873
40.404
40.5038
40.3297
40.3862
40.4836
40.2602
40.2277
40.3966
40.3593
40.427
40.3568
40.2749
40.2147
40.3522
40.1732
40.31
40.3687
40.175
40.3143
40.1968
40.2847
40.5042
40.4147
40.3207
40.3528
40.3068
40.271
40.3118
40.1508
40.2782
40.3002
40.2624
40.3247
40.1615
40.1901
40.2636
40.2871
40.367
40.2412
40.2389
40.4112
40.1662
40.4762
40.2472
40.4006
40.2111
40.3341
40.3522
40.2965
40.2529
40.2666
40.1455
40.3483
40.1896
40.3414
40.2971
40.4503
40.1345
40.3838
40.1493
40.2869
40.2089
40.1015
40.3293
40.3457
40.4996
40.2879
40.5386
40.1818
40.3132
40.0752
40.3151
40.0679
40.2634
40.1596
40.182
40.126
40.2211
40.3734
40.2557
40.2836
40.4229
40.3231
40.3825
40.1933
40.3873
40.1688
40.3526
40.3163
40.3253
40.3053
40.1979
40.2682
40.3246
40.244
40.2925
40.3089
40.3483
40.2476
40.1869
40.2328
40.2213
40.2939
40.5125
40.2058
40.3395
40.3475
40.3895
40.3207
40.2318
40.4582
40.2116
40.2634
40.4122
40.2243
40.4411
40.0997
40.4307
40.07
40.324
40.3889
40.4354
40.5087
40.3168
40.3422
40.3767
40.274
40.4856
40.2852
40.3206
40.4081
40.3449
40.3007
40.5218
40.302
40.0741
40.3794
40.4056
40.3892
40.3282
40.3533
40.436
40.1297
40.4597
40.2942
40.0899
40.4
40.2374
40.4669
40.3241
40.3417
40.4243
40.4556
40.1487
40.1864
40.27
40.381
40.1727
40.3635
40.2751
40.107
40.4235
40.3442
40.3146
40.1525
40.2333
40.3576
40.3035
40.3124
40.3837
40.3537
40.3169
40.2687
40.1791
40.1637
40.3385
40.3147
40.3016
40.3544
40.3189
40.2663
40.2683
40.3492
40.116
40.1797
40.2502
40.4214
40.1994
40.5814
40.3553
40.3426
40.3599
40.3618
40.4625
40.3014
40.2816
40.2282
40.2528
40.1428
40.2277
40.3735
40.3247
40.3426
40.2853
40.2705
40.3652
40.423
40.4606
40.4214
40.3268
40.1749
40.2473
40.3372
40.397
40.5163
40.4276
40.219
40.2333
40.3522
40.4386
40.3474
40.3959
40.1612
40.397
40.418
40.4241
40.0923
40.3544
40.1531
40.3948
40.339
40.4179
40.3618
40.2087
40.318
40.4261
40.4713
40.0976
40.405
40.2433
40.4703
40.1539
40.2653
40.211
40.2498
40.3683
40.2053
40.3769
40.2602
40.3219
40.3225
40.1611
40.3769
40.3029
40.3371
40.3149
40.3556
40.2189
40.3687
40.3217
40.3932
40.4256
40.324
40.3241
40.355
40.2084
40.3121
40.2382
40.2694
40.2264
40.2803
40.3431
40.2529
40.425
40.3255
40.235
40.1033
40.2737
40.1912
40.3374
40.1742
40.1542
40.2557
40.3722
40.3847
40.3787
40.5174
40.2147
40.5296
40.3341
40.278
40.3341
40.337
40.3757
40.2826
40.327
40.303
40.2008
40.414
40.1962
40.2252
40.1806
40.3027
40.4228
40.2952
40.2475
40.3621
40.3784
40.2637
40.3471
40.4526
40.4015
40.3854
40.1375
40.3062
40.1056
40.3588
40.3382
40.3178
40.2768
40.2164
40.2442
40.3743
40.4691
40.3339
40.312
40.2359
40.1481
40.2995
40.2223
40.3259
40.2372
40.3443
40.1987
40.2516
40.4273
40.3423
40.1269
40.4771
40.1987
40.1506
40.2656
40.3263
40.2918
40.2544
40.2228
40.306
40.2193
40.3872
40.1448
40.4043
40.287
40.0814
40.2655
40.1918
40.1737
40.4483
40.4655
40.3975
40.4469
40.2215
40.2247
40.2732
40.3519
40.4678
40.3813
40.2127
40.1599
40.172
40.2576
40.4863
40.1946
40.3316
40.3083
40.2966
40.4998
40.2839
40.2543
40.1416
40.5065
40.3904
40.4525
40.2441
40.2883
40.1948
40.3383
40.3364
40.2029
40.1832
40.1838
40.2875
40.1434
40.3163
40.3258
40.2811
40.1902
40.3903
40.3157
40.1754
40.4244
40.2158
40.4208
40.2207
40.2106
40.3008
40.3138
40.3819
40.1509
40.3036
40.1303
40.3047
40.4337
40.3346
40.2156
40.2027
40.1813
40.3479
40.2544
40.5017
40.0427
40.0665
40.2296
40.1169
40.2367
40.197
40.1539
40.4315
40.5089
40.4115
40.2034
40.2483
40.3148
40.3533
40.2446
40.2981
40.1376
40.2934
40.313
40.3019
40.4682
40.3204
40.3579
40.162
40.331
40.4111
40.1885
40.2962
40.3133
40.3045
40.2022
40.4583
40.344
40.3283
40.2809
40.3716
40.4018
40.325
40.3294
40.1226
40.3498
40.3138
40.2481
40.1924
40.3079
40.4591
40.3788
40.2179
40.3412
40.372
40.3839
40.3204
40.1943
40.2861
40.4828
40.3167
40.5274
40.3624
40.2064
40.5416
40.3694
40.2968
40.3042
40.3172
40.1179
40.3406
40.1459
40.3825
40.4364
40.3407
40.3008
40.2863
40.3038
40.3475
40.5513
40.2766
40.2587
40.4182
40.2407
40.2713
40.437
40.3939
40.3076
40.3961
40.3654
40.3259
40.2494
40.3475
40.1083
40.2592
40.1624
40.3127
40.4131
40.3792
40.1819
40.2601
40.3799
40.3337
40.2041
40.2663
40.306
40.352
40.0996
40.3908
40.26
40.2192
40.4148
40.1378
40.4063
40.2986
40.2704
40.4669
40.2472
40.0852
40.1882
40.1213
40.1965
40.3001
40.4662
40.3228
40.1156
40.3295
40.32
40.3429
40.2648
40.2694
40.3754
40.2066
40.1781
40.2611
40.0826
40.2397
40.3962
40.3259
40.4335
40.3327
40.3589
40.3147
40.3936
40.1459
40.3909
40.4151
40.4445
40.2022
40.1721
40.0637
40.2398
40.3614
40.3494
40.1568
40.2943
40.3956
40.1917
40.1421
40.2162
40.4509
40.3763
40.369
40.1838
40.2295
40.2908
40.3495
40.2869
40.3066
40.3401
40.3358
40.3793
40.1871
40.3037
40.361
40.2448
40.5428
40.3525
40.5956
40.2321
40.1583
40.3463
40.4281
40.3829
40.3235
40.3842
40.2109
40.211
40.4449
40.4486
40.2353
40.1906
40.3371
40.3208
40.3587
40.3626
40.4329
40.4087
40.4205
40.1723
40.3259
40.448
40.2343
40.4341
40.2848
40.1218
40.3205
40.2672
40.3114
40.3127
40.338
40.3539
40.3976
40.4663
40.2032
40.2617
40.4088
40.2829
40.5826
40.2714
40.2403
40.2436
40.5589
40.2814
40.2017
40.2956
40.1477
40.1322
40.2479
40.3054
40.3807
40.3527
40.3508
40.3353
40.3897
40.4678
40.2524
40.2823
40.4824
40.387
40.1628
40.2819
40.3142
40.2628
40.2558
40.1387
40.2674
40.3765
40.2873
40.2696
40.346
40.2933
40.342
40.1617
40.3859
40.3647
40.3288
40.1705
40.3078
40.2494
40.2137
40.0116
40.2644
40.2621
40.3255
40.2702
40.1215
40.4095
40.2418
40.3067
40.2863
40.3969
40.2514
40.3657
40.3533
40.3095
40.3877
40.211
40.217
40.1658
40.311
40.2682
40.3628
40.6065
40.2304
40.4555
40.1139
40.1469
40.2676
40.4097
40.3445
40.4218
40.3956
40.4944
40.3589
40.2933
40.2308
40.4763
40.3379
40.4183
40.3919
40.2875
40.2377
40.2823
40.3156
40.3542
40.2893
40.3602
40.2547
40.3489
40.31
40.395
40.2201
40.2184
40.3834
40.2435
40.3992
40.349
40.3151
40.1029
40.3288
40.3267
40.4263
40.2325
40.33
40.278
40.3974
40.2219
40.0597
40.2536
40.447
40.242
40.4629
40.3117
40.4718
40.3085
40.4023
40.342
40.2166
40.4198
40.2529
40.2119
40.1949
40.2965
40.3532
40.4055
40.18
40.3254
40.3666
40.2281
40.251
40.4324
40.2662
40.4587
40.3158
40.2876
40.2816
40.3479
40.4139
40.3468
40.2839
40.3105
40.297
40.3031
40.2146
40.3285
40.3117
40.4886
40.1873
40.2795
40.256
40.2953
40.1933
40.2349
40.2132
40.39
40.2681
40.2761
40.5114
40.4299
40.3519
40.3742
40.1861
40.2465
40.4107
40.1416
40.1589
40.2653
40.2398
40.238
40.2641
40.3269
40.3116
40.383
40.2687
40.19
40.3644
40.1328
40.4238
40.3698
40.26
40.4707
40.2686
40.2363
40.3028
40.4204
40.1839
40.2822
40.4263
40.2613
40.2748
40.2781
40.3942
40.2364
40.4149
40.185
40.3471
40.1646
40.348
40.3591
40.3551
40.2644
40.4081
40.3098
40.3871
40.4585
40.3622
40.1947
40.26
40.3303
40.2512
40.1985
40.4176
40.0674
40.3878
40.1577
40.3166
40.3395
40.2891
40.4848
40.2497
40.3851
40.3191
40.1351
40.3623
40.473
40.4705
40.2123
40.421
40.1466
40.2648
40.2013
40.4953
40.4648
40.3824
40.4449
40.1017
40.4199
40.427
40.3103
40.1139
40.2867
40.2693
40.286
40.3204
40.4951
40.3654
40.416
40.2655
40.2878
40.2763
40.218
40.3624
40.3758
40.4549
40.5317
40.3018
40.2782
40.4844
40.2869
40.4237
40.3929
40.3356
40.206
40.5166
40.4589
40.4064
40.4095
40.3063
40.4591
40.3637
40.2836
40.1473
40.2808
40.4212
40.2015
40.167
40.3551
40.2972
40.1961
40.1677
40.3935
40.2801
40.4098
40.3972
40.1667
40.3114
40.245
40.2752
40.4567
40.3434
40.3613
40.4073
40.3513
40.2127
40.2884
40.3038
40.349
40.4368
40.343
40.3152
40.3962
40.2537
40.0945
40.2531
40.2475
40.2706
40.3355
40.3662
40.343
40.3309
40.3611
40.3851
40.1933
40.4461
40.2282
40.402
40.3567
40.4706
40.3828
40.4392
40.294
40.4761
40.5005
40.3573
40.4847
40.1831
40.2352
40.2544
40.3554
40.1916
40.1921
40.2864
40.4608
40.3034
40.3188
40.2484
40.3515
40.3654
40.2912
40.3222
40.281
40.1604
40.1899
40.3299
40.3377
40.1913
40.277
40.3834
40.1226
40.1404
40.2041
40.1939
40.2466
40.4352
40.2984
40.3
40.2331
40.3745
40.4476
40.5596
40.2062
40.212
40.2368
40.4381
40.4237
40.3308
40.3703
40.0351
40.231
40.1327
40.2748
40.2318
40.4471
40.4738
40.1643
40.3566
40.4385
40.3698
40.3883
40.2429
40.3043
40.2274
40.1543
40.3263
40.2104
40.3319
40.394
40.2812
40.3585
40.3956
40.1951
40.0904
40.3128
40.2516
40.2992
40.1563
40.3613
40.4004
40.3344
40.0786
40.294
40.4268
40.3956
40.2952
40.2871
40.1872
40.2182
40.26
40.2834
40.2009
40.3421
40.3621
40.3354
40.3895
40.227
40.408
40.4536
40.31
40.2295
40.1773
40.2047
40.4186
40.0808
40.3554
40.2183
40.3237
40.23
40.2603
40.3704
40.305
40.1886
40.4041
40.2886
40.2102
40.3689
40.2284
40.2137
40.3307
40.2913
40.38
40.274
40.3708
40.2388
40.3422
40.2495
40.1691
40.2922
40.3224
40.0913
40.4313
40.2818
40.1684
40.4654
40.2912
40.2828
40.2717
40.4263
40.2567
40.3646
40.2086
40.2646
40.4519
40.1811
40.1208
40.3378
40.2301
40.3819
40.3048
40.2345
40.3907
40.264
40.3388
40.2784
40.3834
40.3706
40.3086
40.1745
40.3561
40.4
40.162
40.4223
40.253
40.1834
40.1477
40.3159
40.3919
40.2258
40.4138
40.463
40.3281
40.3248
40.3894
40.3301
40.4231
40.5182
40.4657
40.3306
40.3224
40.3849
40.1879
40.2526
40.4393
40.4121
40.5606
40.3872
40.1588
40.3725
40.3337
40.3819
40.1724
40.2719
40.254
40.2515
40.5319
40.2976
40.2346
40.2763
40.3382
40.1243
40.3112
40.3573
40.1584
40.2421
40.3157
40.3259
40.3963
40.3443
40.2865
40.4257
40.3392
40.2745
40.3251
40.2812
40.2329
40.3719
40.218
40.3103
40.2112
40.4251
40.2642
40.2592
40.121
40.134
40.2419
40.4549
40.2901
40.3473
40.2503
40.2684
40.1463
40.1605
40.5281
40.302
40.2553
40.4008
40.1246
40.3717
40.3588
40.2069
40.4008
40.2819
40.4291
40.5364
40.2198
40.2458
40.3407
40.2441
40.2774
40.4198
40.4122
40.2445
40.2403
40.3273
40.2048
40.2819
40.2482
40.4677
40.3015
40.3003
40.2788
40.4009
40.4253
40.1706
40.2773
40.518
40.3203
40.2607
40.2123
40.342
40.1996
40.2306
40.3427
40.2597
40.3711
40.2348
40.3297
40.2319
40.2214
40.2191
40.4718
40.1317
40.044
40.2062
40.2772
40.217
40.1072
40.103
40.256
40.3149
40.3466
40.349
40.3253
40.2892
40.5096
40.2852
40.3637
40.3469
40.3033
40.4431
40.1452
40.2535
40.3897
40.1514
40.364
40.4262
40.2241
40.1927
40.3663
40.4667
40.1694
40.307
40.2476
40.2221
40.2854
40.4051
40.4638
40.1688
40.3881
40.1948
40.2325
40.4913
40.1613
40.26
40.369
40.4074
40.4653
40.1871
40.2028
40.3475
40.27
40.3315
40.2185
40.4299
40.099
40.2921
40.2825
40.3799
40.1882
40.2206
40.3633
40.1845
40.3564
40.2246
40.354
40.2042
40.2148
40.3032
40.1959
40.3434
40.2213
40.2356
40.2363
40.3054
40.3151
40.4713
40.2625
40.2228
40.234
40.2691
40.3462
40.1348
40.3525
40.247
40.2005
40.2124
40.2531
40.4919
40.2378
40.2709
40.3876
40.299
40.2457
40.1498
40.2879
40.1522
40.3096
40.4131
40.2958
40.4041
40.4394
40.3764
40.2909
40.0664
40.2067
40.2806
40.3508
40.3542
40.3891
40.3234
40.4242
40.3334
40.3922
40.2857
40.2923
40.2269
40.3346
40.2641
40.299
40.1615
40.3162
40.4571
40.1676
40.1674
40.3505
40.3427
40.2855
40.2586
40.3842
40.286
40.4
40.2136
40.2236
40.4998
40.339
40.4072
40.4427
40.3785
40.2596
40.318
40.4546
40.1753
40.3865
40.4786
40.121
40.2041
40.3929
40.3981
40.3293
40.246
40.2795
40.2803
40.3326
40.2606
40.4315
40.2008
40.3894
40.526
40.3767
40.2902
40.2719
40.1872
40.1718
40.3372
40.2377
40.3105
40.2897
40.4349
40.4791
40.1965
40.3104
40.145
40.5257
40.217
40.2091
40.197
40.4484
40.3737
40.1774
40.2448
40.3332
40.4191
40.2482
40.4612
40.3642
40.3171
40.2802
40.1485
40.3371
40.5639
40.2801
40.2708
40.3673
40.2885
40.4138
40.3597
40.36
40.3723
40.1626
40.4244
40.3159
40.2897
40.3463
40.3057
40.1592
40.2078
40.3326
40.3015
40.5207
40.235
40.1856
40.2847
40.2676
40.285
40.2263
40.2755
40.2628
40.1993
40.3535
40.1773
40.2738
40.2987
40.297
40.3834
40.035
40.3972
40.3603
40.226
40.2566
40.288
40.2626
40.189
40.1006
40.3272
40.454
40.4334
40.3188
40.4291
40.3316
40.2974
40.2833
40.2994
40.385
40.2574
40.1246
40.4018
40.3502
40.3721
40.3927
40.3214
40.3834
40.3084
40.1356
40.3266
40.2324
40.4167
40.387
40.3805
40.2694
40.2829
40.2653
40.3643
40.2707
40.2861
40.3316
40.2852
40.1858
40.1815
40.26
40.1945
40.4175
40.2691
40.37
40.3133
40.4462
40.5141
40.2671
40.2633
40.2953
40.301
40.2622
40.3529
40.1182
40.6277
40.2933
40.4174
40.3969
40.4646
40.2573
40.4251
40.1903
40.2723
40.3879
40.2871
40.3181
40.2913
40.2868
40.2762
40.1158
40.1414
40.2975
40.3714
40.3225
40.419
40.1711
40.4772
40.3071
40.268
40.2845
40.3872
40.3796
40.2849
40.4086
40.179
40.4412
40.2564
40.4541
40.2854
40.4745
40.0604
40.3781
40.4125
40.4377
40.2939
40.2517
40.2669
40.2712
40.3648
40.3651
40.2006
40.4238
40.2905
40.2219
40.2224
40.3038
40.3076
40.354
40.364
40.4428
40.233
40.0693
40.2944
40.4388
40.4553
40.2044
40.4143
40.3372
40.2651
40.2974
40.2462
40.412
40.2593
40.437
40.3805
40.276
40.3437
40.24
40.4608
40.267
40.323
40.2678
40.4608
40.1986
40.1759
40.2606
40.2191
40.2932
40.459
40.4747
40.1383
40.3031
40.1756
40.3338
40.4895
40.2775
40.3898
40.1717
40.2251
40.3255
40.2861
40.2291
40.402
40.3198
40.2636
40.3303
40.3015
40.3298
40.2688
40.4806
40.2648
40.2211
40.22
40.0929
40.161
40.2913
40.3891
40.1848
40.2966
40.3239
40.265
40.2469
40.3453
40.2671
40.4175
40.4909
40.3092
40.2807
40.3025
40.2726
40.4284
40.3489
40.2295
40.3686
40.5195
40.4001
40.4283
40.295
40.2957
40.4055
40.2646
40.3365
40.2005
40.3331
40.3549
40.3115
40.2407
40.4183
40.357
40.3281
40.2651
40.3949
40.3867
40.4868
40.2274
40.1362
40.3369
40.4507
40.2676
40.3661
40.2668
40.1632
40.4598
40.4321
40.3407
40.3334
40.2007
40.3363
40.3001
40.201
40.384
40.2473
40.4086
40.3079
40.3274
40.4453
40.4137
40.3571
40.2857
40.3878
40.299
40.381
40.235
40.5053
40.4977
40.2752
40.2097
40.1645
40.19
40.2512
40.3266
40.4141
40.3399
40.2939
40.2117
40.2927
40.2483
40.0588
40.4632
40.4622
40.4143
40.5921
40.3275
40.1658
40.2278
40.3038
40.4165
40.3894
40.2276
40.2485
40.1913
40.4095
40.335
40.2816
40.201
40.253
40.4544
40.4249
40.2823
40.4704
40.2205
40.2555
40.3974
40.3199
40.2504
40.2781
40.4257
40.4728
40.3265
40.194
40.1892
40.2687
40.3152
40.4599
40.5336
40.2583
40.1548
40.1999
40.2432
40.3618
40.2847
40.4922
40.1898
40.3147
40.2104
40.0772
40.277
40.2859
40.4375
40.4384
40.1967
40.2875
40.1863
40.2878
40.211
40.1388
40.2951
40.2323
40.4674
40.2656
40.3879
40.3477
40.3437
40.2341
40.3637
40.3613
40.1488
40.0773
40.257
40.3305
40.4808
40.5125
40.2254
40.203
40.2295
40.3202
40.4919
40.4037
40.3266
40.078
40.2283
40.2809
40.2075
40.5266
40.4548
40.3568
40.2987
40.3737
40.2012
40.3118
40.2168
40.6021
40.135
40.1886
40.387
40.4077
40.218
40.4442
40.2001
40.3233
40.1667
40.4167
40.3225
40.3364
40.2854
40.4439
40.176
40.3942
40.2963
40.2367
40.4925
40.3165
40.3437
40.3022
40.2366
40.1229
40.1634
40.272
40.4459
40.5721
40.381
40.3449
40.4295
40.2827
40.3395
40.3962
40.3154
40.2963
40.3661
40.3717
40.3795
40.2479
40.2513
40.4713
40.2064
40.3014
40.2796
40.2384
40.4025
40.1754
40.3779
40.3161
40.3202
40.2448
40.4592
40.1884
40.253
40.2245
40.4487
40.2515
40.2961
40.3978
40.1493
40.2115
40.2841
40.2071
40.4395
40.2514
40.241
40.2592
40.27
40.3236
40.1084
40.3667
40.0835
40.242
40.2371
40.2035
40.2915
40.4179
40.3833
40.2635
40.2484
40.5077
40.3042
40.2657
40.5247
40.265
40.2853
40.237
40.2553
40.3988
40.3448
40.3753
40.345
40.4104
40.2135
40.3562
40.3405
40.1671
40.3828
40.1976
40.53
40.3136
40.2174
40.3013
40.2232
40.1637
40.34
40.1115
40.215
40.1619
40.3568
40.1849
40.4275
40.34
40.3356
40.2298
40.2879
40.1959
40.3643
40.1988
40.3909
40.3257
40.4795
40.2149
40.2691
40.3396
40.3878
40.3023
40.36
40.2936
40.374
40.3639
40.2173
40.3173
40.2268
40.2548
40.1927
40.4126
40.3433
40.2672
40.3169
40.4487
40.3049
40.1907
40.386
40.1742
40.1996
40.3166
40.4909
40.2007
40.2978
40.1032
40.1046
40.303
40.2793
40.3559
40.4573
40.4455
40.3972
40.4165
40.4149
40.3446
40.207
40.2694
40.2056
40.2949
40.3349
40.3784
40.2149
40.13
40.3292
40.2639
40.3591
40.325
40.0995
40.1553
40.3282
40.3579
40.3374
40.2233
40.2283
40.4124
40.5157
40.2956
40.3251
40.5076
40.1442
40.3872
40.1496
40.1833
40.2982
40.2406
40.0786
40.2864
40.4768
40.1655
40.2241
40.1832
40.3881
40.594
40.3865
40.1902
40.199
40.2164
40.2967
40.336
40.4704
40.0902
40.4156
40.3176
40.3077
40.4282
40.3296
40.3339
40.2687
40.5425
40.198
40.2655
40.2221
40.3737
40.3092
40.2676
40.2714
40.3868
40.3285
40.4197
40.4115
40.4583
40.3779
40.2663
40.2355
40.3793
40.4242
40.1865
40.1637
40.3438
40.4004
40.2465
40.345
40.3139
40.2576
40.2135
40.2117
40.3682
40.2459
40.2976
40.3293
40.3272
40.274
40.3415
40.2222
40.2902
40.2124
40.2175
40.3923
40.2475
40.3287
40.3153
40.3492
40.2573
40.2145
40.2995
40.1484
40.2947
40.3832
40.2742
40.1633
40.2483
40.2087
40.2746
40.3017
40.3601
40.1697
40.2348
40.2619
40.1845
40.4661
40.4215
40.3044
40.213
40.0776
40.2745
40.1906
40.2014
40.2422
40.2322
40.1443
40.2637
40.3266
40.2852
40.1899
40.3569
40.3332
40.3391
40.4275
40.2716
40.2612
40.4646
40.1723
40.5488
40.3478
40.2328
40.2783
40.242
40.2362
40.4276
40.3433
40.2748
40.0274
40.1426
40.2609
40.4051
40.4258
40.4507
40.427
40.2679
40.2163
40.446
40.4541
40.3103
40.2376
40.4221
40.3018
40.241
40.3767
40.2953
40.1497
40.2121
40.3122
40.1797
40.3918
40.3549
40.3792
40.2091
40.2271
40.2261
40.2402
40.3553
40.1913
40.3227
40.3939
40.2862
40.2318
40.413
40.3378
40.2288
40.4928
40.3951
40.3619
40.266
40.0934
40.4448
40.3857
40.3434
40.3053
40.2799
40.4015
40.1274
40.2482
40.406
40.3056
40.5488
40.4035
40.2489
40.3965
40.4009
40.4462
40.424
40.2292
40.4373
40.1592
40.2697
40.3034
40.2714
40.1722
40.3113
40.2297
40.2587
40.4071
40.2035
40.3568
40.1756
40.2932
40.0772
40.3163
40.2152
40.0729
40.2722
40.288
40.331
40.4243
40.2132
40.2869
40.3249
40.3216
40.1642
40.2831
40.182
40.4516
40.242
40.3008
40.3883
40.291
40.2083
40.1986
40.3228
40.1383
40.2448
40.3877
40.232
40.3194
40.1799
40.2648
40.4798
40.3001
40.3148
40.1566
40.3543
40.2795
40.3614
40.4102
40.1608
40.2865
40.2058
40.3458
40.198
40.1179
40.2842
40.3634
40.3393
40.4838
40.1772
40.1632
40.4076
40.2415
40.319
40.4627
40.3535
40.3598
40.46
40.2985
40.1948
40.244
40.446
40.3027
40.3539
40.4517
40.4122
40.4076
40.2395
40.2867
40.3943
40.5902
40.271
40.1969
40.411
40.3487
40.388
40.472
40.2671
40.3992
40.3456
40.3386
40.255
40.2327
40.3004
40.2959
40.352
40.2783
40.45
40.2797
40.0944
40.3908
40.3224
40.3507
40.2348
40.2798
40.1315
40.2779
40.542
40.2257
40.2235
40.2209
40.4159
40.236
40.2875
40.5292
40.3416
40.4294
40.154
40.1551
40.2251
40.1333
40.3639
40.1893
40.2883
40.3441
40.3975
40.3503
40.2885
40.4674
40.3296
40.2113
40.2785
40.2493
40.4205
40.1786
40.4586
40.3475
40.3776
40.4162
40.2027
40.2244
40.1799
40.2119
40.3722
40.2414
40.3199
40.348
40.274
40.1892
40.2428
40.4143
40.5683
40.4286
40.381
40.2478
40.3079
40.3294
40.2193
40.1725
40.2901
40.5753
40.4169
40.3858
40.3554
40.3886
40.1732
40.33
40.2661
40.4334
40.1154
40.2689
40.3363
40.4688
40.2874
40.4318
40.3291
40.2456
40.3965
40.2306
40.4386
40.3073
40.4015
40.316
40.2728
40.2072
40.44
40.2513
40.2773
40.4229
40.3354
40.219
40.2008
40.3889
40.3709
40.2898
40.092
40.2571
40.3222
40.4823
40.2554
40.3652
40.4717
40.4716
40.346
40.3462
40.1323
40.4287
40.4073
40.32
40.25
40.1996
40.2681
40.4238
40.2515
40.188
40.4561
40.4234
40.3337
40.2738
40.3282
40.2515
40.5516
40.2887
40.3158
40.1898
40.3291
40.3781
40.3622
40.226
40.1558
40.3896
40.2204
40.2664
40.2875
40.2363
40.1916
40.3059
40.2195
40.4211
40.4036
40.2512
40.2023
40.1264
40.2705
40.3443
40.1258
40.458
40.3527
40.2847
40.3258
40.3844
40.2024
40.2357
40.3272
40.077
40.2897
40.2183
40.2157
40.1924
40.2292
40.2957
40.2388
40.2094
40.288
40.1937
40.3388
40.301
40.3074
40.3705
40.1292
40.4343
40.2186
40.4065
40.3656
40.2723
40.3226
40.21
40.2629
40.4175
40.318
40.3813
40.4185
40.4329
40.4709
40.2572
40.2263
40.314
40.2727
40.4501
40.431
40.3841
40.3103
40.4269
40.2141
40.2281
40.3161
40.4419
40.4998
40.2772
40.3682
40.351
40.2758
40.2752
40.2753
40.3235
40.2698
40.2936
40.2867
40.3458
40.4153
40.3829
40.105
40.3562
40.3072
40.2324
40.404
40.1026
40.35
40.182
40.4381
40.0427
40.3389
40.5163
40.1393
40.4506
40.3669
40.318
40.2338
40.3644
40.4181
40.2543
40.3646
40.2375
40.5013
40.1699
40.2524
40.2531
40.4132
40.3559
40.3685
40.215
40.1961
40.1621
40.3044
40.3244
40.2499
40.315
40.3898
40.4466
40.2834
40.2795
40.4118
40.294
40.1247
40.4985
40.3272
40.412
40.2835
40.2849
40.322
40.3305
40.5917
40.2693
40.4106
40.1919
40.4727
40.2361
40.231
40.3735
40.4411
40.2852
40.4771
40.4397
40.2872
40.3029
40.2859
40.315
40.3694
40.4058
40.4025
40.3352
40.5585
40.3878
40.371
40.2752
40.3326
40.1515
40.2292
40.3116
40.1456
40.2943
40.37
40.2273
40.393
40.1042
40.3365
40.3389
40.2904
40.1867
40.1571
40.2501
40.3613
40.1124
40.2816
40.2775
40.349
40.329
40.1432
40.102
40.2286
40.294
40.2921
40.4228
40.2613
40.0147
40.1941
40.3733
40.1982
40.5235
40.2925
40.2839
40.2759
40.2444
40.2804
40.4966
40.4975
40.2924
40.2684
40.3406
40.3326
40.2777
40.3629
40.3537
40.3049
40.368
40.441
40.5392
40.2575
40.5106
40.0961
40.2707
40.3968
40.209
40.3152
40.187
40.4666
40.3255
40.3301
40.1786
40.3411
40.3175
40.4937
40.3149
40.4461
40.339
40.2602
40.2707
40.4245
40.1919
40.1712
40.3544
40.3029
40.4064
40.3017
40.5604
40.2397
40.2736
40.3613
40.2769
40.2027
40.3875
40.4447
40.2375
40.0688
40.4902
40.2882
40.3963
40.4178
40.4329
40.4143
40.3586
40.347
40.2747
40.3512
40.3927
40.1324
40.2774
40.2357
40.4391
40.3758
40.4164
40.3988
40.2363
40.2143
40.1682
40.2544
40.2561
40.127
40.2722
40.3256
40.2689
40.4587
40.3574
40.1917
40.1428
40.4186
40.235
40.364
40.359
40.2549
40.3033
40.237
40.4238
40.171
40.2808
40.2864
40.2572
40.4354
40.2101
40.3319
40.4787
40.2417
40.2681
40.3503
40.238
40.3456
40.3347
40.2865
40.2538
40.1669
40.328
40.1281
40.3732
40.2843
40.2705
40.2955
40.453
40.2096
40.3667
40.2749
40.5226
40.2533
40.2899
40.3003
40.2941
40.1952
40.4097
40.4657
40.3834
40.2616
40.2737
40.3074
40.3885
40.1335
40.1008
40.2825
40.4026
40.3988
40.3316
40.2363
40.2907
40.093
40.2439
40.2124
40.3036
40.2252
40.2801
40.4495
40.3908
40.4751
40.1943
40.2543
40.0874
40.3261
40.1616
40.262
40.3562
40.3579
40.338
40.1926
40.3933
40.1449
40.2545
40.3154
40.2752
40.5123
40.1691
40.1561
40.3487
40.113
40.416
40.2459
40.203
40.4077
40.2375
40.2273
40.4508
40.4329
40.3838
40.2488
40.3803
40.3544
40.4547
40.2228
40.3092
40.2299
40.2117
40.4117
40.2384
40.4586
40.3545
40.2673
40.3201
40.3895
40.1699
40.3396
40.3429
40.396
40.2203
40.3523
40.3097
40.3207
40.4125
40.5251
40.3077
40.2738
40.3273
40.099
40.2127
40.0169
40.544
40.4384
40.2478
40.1833
40.4969
40.224
40.1023
40.2669
40.3788
40.3907
40.1497
40.2091
40.4399
40.3453
40.3352
40.2576
40.3953
40.2078
40.292
40.1952
40.1723
40.3879
40.3347
40.2276
40.1967
40.4449
40.3102
40.4969
40.3021
40.4114
40.3668
40.3382
40.305
40.4543
40.3672
40.3214
40.3389
40.3078
40.3432
40.3286
40.4723
40.3736
40.3245
40.3979
40.6079
40.1998
40.457
40.3607
40.2794
40.3301
40.57
40.3252
40.1849
40.3026
40.371
40.2974
40.3422
40.211
40.2473
40.2508
40.3191
40.3951
40.3028
40.2018
40.2303
40.2854
40.2411
40.3768
40.3161
40.2179
40.3543
40.3342
40.2935
40.3499
40.1784
40.3468
40.1027
40.423
40.3721
40.3204
40.3878
40.2987
40.2675
40.2313
40.3872
40.3173
40.1472
40.4025
40.258
40.3204
40.2229
40.3689
40.2566
40.3779
40.1738
40.5099
40.2485
40.2551
40.2862
40.2901
40.2859
40.3189
40.1709
40.5192
40.2101
40.217
40.4632
40.3116
40.2459
40.333
40.3598
40.2828
40.3583
40.4795
40.1812
40.2217
40.3347
40.2414
40.2486
40.3929
40.3451
40.304
40.2842
40.3559
40.2792
40.32
40.2335
40.3774
40.263
40.3526
40.3004
40.1239
40.2227
40.2968
40.2073
40.3032
40.2737
40.4167
40.2047
40.4148
40.2766
40.4535
40.142
40.3834
40.3889
40.4141
40.3618
40.3065
40.1126
40.361
40.3367
40.2805
40.2374
40.3731
40.1901
40.5335
40.3224
40.2
40.2201
40.2538
40.402
40.5689
40.2741
40.2427
40.3344
40.4167
40.1437
40.3535
40.33
40.1567
40.2006
40.4506
40.2744
40.225
40.4189
40.4581
40.432
40.264
40.4559
40.4399
40.3417
40.2746
40.1769
40.3352
40.4551
40.3458
40.2323
40.3054
40.2259
40.4243
40.3075
40.4162
40.2028
40.2431
40.4101
40.311
40.381
40.5692
40.3131
40.1171
40.5178
40.4367
40.2361
40.069
40.3458
40.3436
40.2417
40.3215
40.3891
40.504
40.4578
40.1478
40.3398
40.3306
40.3592
40.2604
40.4017
40.3576
40.2386
40.3368
40.3436
40.3096
40.1472
40.2824
40.379
40.2845
40.3581
40.4029
40.2962
40.2173
40.4314
40.2246
40.3192
40.4633
40.454
40.3776
40.2416
40.3508
40.3696
40.4559
40.3064
40.3426
40.4761
40.2404
40.3294
40.2759
40.2713
40.5331
40.3841
40.3661
40.198
40.4686
40.235
40.4147
40.1708
40.318
40.2538
40.4913
40.4018
40.25
40.3575
40.1795
40.374
40.5054
40.3828
40.3645
40.4795
40.3323
40.4824
40.3526
40.2139
40.3783
40.2903
40.185
40.4736
40.2421
40.2683
40.415
40.1973
40.4043
40.404
40.2085
40.2791
40.2558
40.237
40.2661
40.3381
40.3646
40.0957
40.4456
40.2515
40.2778
40.2289
40.3447
40.2476
40.3137
40.3457
40.2838
