80.931
72.2795
72.5806
72.2762
80.3867
72.328
48.4408
72.5368
72.7952
80.3752
72.5893
48.1583
72.571
72.3095
72.5319
60.2574
60.4977
80.6456
72.4951
80.6109
80.7136
80.915
72.5888
72.8725
80.4008
80.7673
72.4955
80.3353
72.4716
72.4778
72.6198
80.3737
60.3665
72.5636
72.864
72.2223
80.6802
72.6659
72.5548
80.4626
72.6511
80.9824
60.5177
72.6345
72.6742
60.2923
80.5061
72.2895
80.7719
84.7556
80.6845
60.4955
80.4782
80.6157
80.6979
84.7481
80.5168
72.2446
80.716
72.376
60.5059
60.5803
72.4637
92.5683
80.6544
80.8172
80.4409
80.9472
60.5015
80.4582
72.7808
80.5933
80.5903
72.8346
80.7259
72.3083
72.7432
92.7692
72.7505
72.463
72.8071
80.459
80.6892
72.5388
80.5697
72.2689
80.3924
72.3368
72.7029
72.7204
84.5899
72.2803
80.8265
72.4273
80.2393
72.6019
72.2094
80.5724
72.7574
80.7384
72.7918
72.2974
72.3881
80.702
72.83
72.9648
80.6326
72.5194
92.8565
72.7671
72.5579
72.739
80.6211
60.5231
72.298
48.333
60.6831
81.2077
72.4128
72.5016
60.5627
72.3943
80.2907
72.7107
72.9645
80.5209
72.9084
72.4821
72.4202
80.2958
60.3263
72.3484
80.4576
80.4591
72.5206
72.2605
72.4554
72.3468
60.452
72.7704
80.7083
80.656
72.3654
80.873
72.416
72.6326
72.9618
72.6834
80.6522
72.6636
80.4161
72.2308
73.0144
80.9233
80.6817
72.5601
60.6707
80.8171
72.643
72.3444
80.6339
80.4075
60.3264
72.5072
72.281
60.507
80.5437
80.2978
72.8758
80.8995
80.5238
80.7592
84.6485
72.3733
72.9832
80.6458
72.9762
72.72
72.2192
80.2242
80.7186
72.6802
80.2075
72.487
72.6513
80.8144
72.3051
72.5982
72.5061
72.6286
72.6315
81.0008
80.6729
72.6363
80.5825
60.2558
72.8273
80.7241
72.472
72.2974
81.0173
84.3083
72.27
72.5521
80.6141
72.7192
72.458
72.3058
92.6207
60.219
80.4975
80.3887
80.5728
72.2724
72.3303
72.5377
60.3835
80.5071
60.3463
72.5472
72.4281
80.4592
80.2885
72.6044
60.5358
72.5394
60.5314
80.6094
72.9106
72.7432
72.586
80.8477
72.4725
72.501
72.328
84.5662
80.7857
80.6035
72.469
72.085
72.4438
80.4981
80.4221
72.5122
80.6001
72.4302
72.4411
72.8805
80.7935
60.3063
72.4379
60.1792
60.3439
80.8965
72.4606
72.8149
72.5179
80.6297
80.4527
80.4392
60.2662
60.1532
72.5513
72.9035
72.8052
72.4194
80.419
80.5306
80.9965
80.7397
72.5728
73.0261
80.6008
80.6628
80.8812
72.6458
80.5513
72.4909
80.6134
60.373
72.5182
80.8165
72.7196
72.8571
72.631
80.3668
80.3316
72.6399
72.4639
72.796
72.3901
72.4756
80.6588
80.6052
80.6003
72.5918
72.4071
72.3291
60.1387
80.7338
80.5039
72.5579
72.6678
72.7295
80.7061
72.6466
60.6115
60.5863
72.4504
72.3045
72.3826
80.8023
72.713
60.3816
72.8924
80.9382
72.5475
72.605
84.4704
72.4901
60.4086
72.4865
80.6458
80.8565
60.498
84.4378
72.2575
84.8535
72.4343
80.8415
81.0331
72.3188
72.5487
60.3702
80.4637
80.5474
84.667
80.4086
80.7595
80.6788
80.6555
80.7105
72.4737
80.4899
80.5851
80.3437
72.6749
80.537
72.1798
80.7455
80.545
72.4278
60.5172
72.7545
72.6846
72.7617
72.4855
80.7775
72.6747
72.2678
72.4725
72.3251
72.5706
80.4007
80.6726
72.8336
72.4505
81.0606
80.5107
80.5339
72.9054
72.711
80.6412
48.3069
72.4981
80.7132
60.35
72.7309
72.6341
72.8406
80.796
60.454
80.4355
60.4071
80.7026
80.4527
80.8223
72.4906
80.9039
72.8088
80.2165
72.3392
80.5198
80.5403
80.5889
80.3962
80.7643
72.3938
80.8185
72.4859
72.5948
72.5273
80.804
72.5272
72.6474
80.7045
80.3224
72.5642
72.2936
72.1778
72.2137
60.371
60.3937
72.2912
80.4579
72.6637
72.5583
60.3808
72.4753
72.2427
72.8197
60.381
80.5126
80.2974
80.4317
80.5687
72.4549
72.357
72.4339
80.8633
72.6394
80.3897
80.6512
72.3087
72.9211
72.4448
80.3032
72.3995
80.6186
72.6659
72.713
80.2289
72.6514
72.4048
80.806
72.6113
80.6168
72.5848
72.8707
72.6777
72.366
72.4723
72.6891
80.7043
72.6576
72.6068
84.6476
84.6276
72.8183
60.4046
72.4486
80.6852
72.5991
60.3016
60.2833
80.6506
60.5087
80.7096
80.3273
72.9093
72.4497
72.9347
81.0536
72.6693
80.6113
72.3784
80.4902
60.3147
60.5284
80.6262
72.2614
80.4386
72.6347
72.8056
72.174
72.4911
80.8285
72.9655
72.5135
80.4653
80.435
72.4891
72.6062
80.8481
60.5572
72.7804
80.5594
72.7561
72.6843
80.2153
60.3421
84.4292
72.4467
72.6051
80.9704
72.6211
72.3547
80.6456
72.4264
80.6595
72.7903
60.4491
72.636
72.7859
80.9049
80.6872
80.5199
72.4952
72.7309
80.4467
72.6606
84.7456
72.2156
60.4612
72.2992
80.3999
80.5774
60.637
72.358
80.481
72.675
80.8152
80.6066
80.8499
72.5327
72.3061
60.4766
72.5365
72.6767
92.5237
72.4013
72.3209
72.556
72.4755
80.7579
72.4469
72.7936
60.5251
72.3274
80.4777
80.5321
72.8037
80.833
81.0986
60.5315
72.3834
72.2928
80.5059
60.5618
72.447
72.734
60.4099
72.6546
60.4096
72.8805
80.585
60.4031
72.6756
72.8118
80.7498
72.501
80.4642
72.3838
80.1471
72.2968
72.7097
72.5709
80.4771
60.438
60.3173
80.9235
72.3851
72.8603
80.3408
80.6525
80.6107
72.509
72.4374
80.7297
72.633
60.3657
72.6849
80.3454
72.5409
80.4077
72.377
80.7008
60.5216
72.8636
80.398
80.6282
72.3023
80.5884
80.4624
72.5676
60.2181
72.7783
72.8203
72.7817
72.4138
72.4534
80.3831
72.4228
72.4572
80.1174
48.2518
80.6457
60.3448
72.4224
60.1625
60.2038
60.4674
60.381
72.523
72.3559
80.6538
80.6095
72.5729
80.803
80.9616
72.5085
80.8476
72.4613
72.489
72.3004
72.4351
72.6748
48.2475
72.775
72.7535
72.2642
80.6243
60.349
72.494
80.7037
80.8738
72.7521
60.6303
72.7061
60.3578
80.7142
81.0706
72.2756
72.7722
80.6025
80.705
81.0225
92.4825
80.277
80.5753
72.6438
72.7757
72.6004
80.3456
80.7174
72.4606
80.6949
72.5872
72.4746
72.702
92.9593
80.8577
72.4478
80.4193
81.0629
80.5714
60.2922
80.5509
80.4689
80.5989
80.6628
72.4512
72.354
72.6178
72.4312
80.4416
40.1271
80.4695
80.775
80.5915
72.4631
72.8524
72.6137
80.9919
80.4997
80.5695
72.8466
72.8294
72.7488
60.2948
72.7537
84.6945
72.63
72.6871
72.5361
72.4481
80.6166
72.8362
92.7686
72.3328
72.2907
72.7347
80.5238
80.4947
60.3402
80.5988
80.8346
72.6122
60.3192
80.6198
60.3892
72.6881
72.5331
80.7061
80.5866
60.4114
80.2153
72.2565
81.101
80.7751
80.6352
72.5864
80.3115
72.4374
72.8517
80.7579
92.887
72.4711
72.4902
80.8118
80.6547
72.6209
72.3272
60.3364
80.7402
60.6365
80.6365
72.6337
72.3587
80.3798
60.5313
80.6581
72.3902
80.5215
80.6866
80.5702
80.495
72.2621
80.7747
72.4617
72.7202
72.2389
80.796
80.653
72.3674
80.6903
72.5134
80.6081
80.2586
72.5165
80.4892
72.6126
80.6368
80.8397
72.7141
72.611
72.4149
60.4011
72.5712
72.5205
72.1438
72.2198
72.4112
60.5611
72.3716
72.6778
80.7403
72.5082
72.2048
72.583
80.2494
72.7503
60.3265
72.5765
80.5393
72.3635
80.8215
72.4405
84.7871
72.813
80.5241
60.4904
80.8901
80.7259
84.6243
60.6126
72.7774
72.5856
60.3329
72.4996
80.5887
80.7455
80.8086
72.5515
60.4264
72.8149
48.3913
60.4399
72.85
72.6539
72.4847
80.7716
72.5179
73.0108
60.4702
72.5432
80.651
80.5777
60.2863
72.9008
72.5664
72.3903
72.5701
80.2953
72.5337
72.6284
72.7527
60.4418
72.7024
80.6511
80.7749
80.9714
60.553
80.6368
80.9514
81.0695
72.3521
60.3009
80.6438
72.1952
80.842
72.9973
60.5474
60.2202
72.4123
80.5762
72.3107
80.6148
80.6604
72.3676
80.7306
72.0855
72.5715
84.6126
72.7056
80.7295
72.662
80.7313
72.5458
72.5423
48.4036
72.4848
60.3172
72.8314
80.5167
72.5358
72.6497
80.5194
72.4843
80.5185
80.7818
80.5728
72.8543
72.4917
72.7493
80.7739
80.81
72.4575
72.7929
72.7596
72.5959
72.6908
80.886
72.5167
80.713
72.5951
72.6227
72.5311
80.5572
60.3276
72.4595
72.2334
80.8752
92.6921
80.6869
80.6059
72.6761
84.4963
60.2873
72.628
60.3619
80.6218
80.6833
72.3959
80.7112
72.7155
80.913
72.4881
60.1756
72.9208
80.6547
72.2935
60.6583
80.5453
72.6158
72.6551
72.2303
80.2665
72.5041
72.6113
60.4847
72.8187
80.4776
80.7453
80.5874
72.3704
72.4441
72.4354
72.5058
84.6321
84.5873
60.3662
80.825
72.3693
72.5589
80.1921
72.5281
72.5244
72.5356
80.6007
80.6823
72.5932
72.371
72.6914
80.8443
80.6298
72.1912
72.5607
80.4066
92.8871
48.4951
72.2028
80.1165
72.8593
80.6742
72.195
60.3626
72.675
80.2828
72.4915
72.4823
80.5839
80.6902
72.5655
72.9464
72.2783
80.4684
80.6242
72.5077
60.4586
80.6704
80.6404
72.6502
80.6172
80.9329
60.3351
72.6967
72.3658
80.7411
72.9385
72.3818
80.193
60.2947
72.7658
72.5562
72.4233
80.8898
80.7767
72.6149
72.5791
72.5403
72.9814
60.4352
80.3154
72.6869
84.6589
80.8568
80.8533
72.3787
80.8497
72.6787
72.5824
80.8085
80.4453
72.4798
72.3342
80.8558
72.4824
72.6869
72.5051
80.1944
72.4664
80.4886
80.3503
80.663
80.7168
72.6713
80.9551
80.7803
80.6382
72.4895
72.5394
72.4117
72.7191
72.2449
72.6311
72.5231
72.7129
80.719
72.6774
80.7859
80.775
60.294
60.3995
80.967
72.1703
80.562
80.421
72.5645
80.6138
72.9026
72.4488
72.7263
60.3302
80.6839
72.8898
72.6773
80.6019
72.633
72.3741
72.5724
60.4108
72.7508
80.7738
72.5187
72.4563
72.6234
80.4025
80.8516
80.469
72.1598
60.3417
60.4861
72.3357
72.5302
80.5741
72.2366
80.6434
72.4707
84.4564
80.2708
80.8963
72.5613
80.3451
72.5649
72.6414
80.5529
72.6514
80.8067
80.8997
80.3591
81.0089
72.327
80.5903
80.5162
72.4706
72.5226
80.4221
72.6206
72.5788
80.6947
80.4763
72.7464
72.5958
72.6165
72.3987
72.3715
84.4927
72.5333
80.9214
72.328
72.4289
84.7644
80.7742
80.8812
60.4252
80.3886
72.4559
80.7189
80.64
72.4846
72.5997
80.8026
80.6401
80.7949
80.8136
81.086
60.4287
60.3644
80.7139
80.4241
80.4785
84.6405
72.395
80.7144
72.4691
80.9413
72.5853
80.7619
72.5201
80.7843
80.3312
72.7142
72.4584
72.8724
72.4825
80.4472
60.5378
80.6344
80.7679
72.5512
60.2335
60.5659
72.696
60.2848
60.5672
60.7424
80.2615
72.615
80.9341
80.9876
80.9118
72.8319
72.4969
72.3184
60.3497
60.2845
72.557
72.4265
72.3106
72.4264
60.4948
72.4214
80.5426
72.4685
80.99
72.5392
72.5656
72.6064
80.5896
60.4438
72.6737
72.317
60.4169
72.7651
72.5836
72.5107
80.7573
80.7722
72.6734
80.5527
80.8026
73.0359
80.6463
72.4705
72.1692
72.2887
80.6896
72.6811
80.758
72.6772
48.3861
48.3948
80.5474
80.6251
72.4296
81.1842
72.5292
72.407
60.7253
80.8545
80.6423
80.5826
72.7252
80.6457
80.8536
80.4001
72.5883
72.4924
72.904
60.431
80.6208
80.3355
80.6924
80.4466
72.4424
60.4678
84.6106
80.6971
60.3317
72.6376
80.7039
60.5422
72.545
80.404
80.3311
80.7952
72.3604
60.458
72.5204
60.3026
72.4955
72.492
80.4717
80.626
60.36
72.9873
72.8742
72.4833
60.3224
72.2832
60.4321
60.4251
72.1609
81.0748
72.6891
72.505
80.314
60.4444
80.7426
80.4845
60.3414
72.5177
72.5188
72.6519
72.826
80.5367
72.7987
80.6909
80.1376
80.6545
72.4692
80.4824
72.5073
72.6032
72.8329
80.4877
72.7996
72.167
60.3363
72.6274
80.4709
80.8223
80.417
72.8003
80.0054
80.7755
72.4526
72.302
72.4162
80.4802
80.5518
72.5262
72.604
72.8377
72.8068
72.4462
80.4329
84.6847
72.6342
80.6284
80.8437
80.5718
72.7028
60.0886
60.3872
72.436
80.6149
72.5831
72.9039
72.442
81.0454
80.9656
80.3117
48.3841
60.3112
60.3237
72.6485
80.5522
80.8714
72.6781
60.6874
80.3808
72.5404
72.7345
72.7448
72.4479
80.6335
60.4493
80.6926
80.4636
80.5995
72.9153
80.6424
72.5914
80.7198
72.4397
72.9241
72.3236
72.6233
72.5225
80.8539
72.7942
80.5127
80.4902
60.4223
72.4604
60.3907
80.8272
72.3614
72.2914
72.5189
60.2136
80.5333
73.0584
72.5971
72.1634
72.7817
48.344
81.0169
80.3615
80.9235
80.9834
80.8132
72.8793
72.5262
80.9727
72.9715
80.4525
80.5627
60.3776
72.561
72.5117
60.6191
80.5587
80.4634
72.3218
72.748
72.5249
72.5861
48.4398
80.4041
72.7841
80.5896
72.3684
72.6596
73.078
60.4397
60.231
72.5321
80.534
80.6599
60.4
80.4378
80.7941
72.4967
72.3712
72.7496
92.5465
72.5792
80.9789
48.3144
72.6716
72.8223
80.9673
72.6442
72.9077
80.6357
60.3056
80.8258
72.6137
72.5311
80.2423
80.9888
72.8853
72.696
81.0377
72.5466
80.385
80.6098
80.7398
72.6277
72.6384
72.5769
80.2293
72.564
72.3926
48.3762
80.7394
72.5309
80.5367
60.4282
60.2234
72.2841
72.6158
80.6746
60.6717
72.7926
72.3767
80.7327
80.5718
80.6376
80.5565
72.5081
80.2773
80.395
72.1815
60.1998
81.0345
72.2426
72.462
72.7437
80.8465
80.4943
72.1533
84.3645
72.5613
72.8075
72.4615
80.7536
72.1318
72.4094
80.8398
72.5263
72.3518
72.5413
80.4191
80.5446
80.6237
80.4313
72.6764
72.5594
72.489
72.5496
72.1998
80.7476
60.4847
80.7415
72.3934
72.5229
72.5851
72.6058
72.6659
72.5222
72.3548
72.5438
72.6655
60.5242
72.7299
72.4957
80.8643
60.2997
84.6806
80.4637
72.7215
72.6515
92.3233
80.6806
80.3504
72.7582
80.9005
72.3577
81.1905
80.5416
80.8187
80.4713
72.9194
72.4145
72.5477
72.3228
60.4524
72.6821
72.6131
80.5299
80.7131
48.2376
72.5277
80.2923
80.7762
80.5449
48.2326
72.5227
80.6292
72.6635
80.4387
72.5004
72.979
72.6744
80.2043
80.6239
72.6353
80.6141
72.486
48.3712
60.6263
80.7617
72.2745
72.6382
72.5137
80.5243
80.5843
72.6049
84.7218
72.5335
80.7744
80.4331
80.8978
72.745
80.6821
72.6979
72.774
80.4094
72.4388
72.3785
92.6819
80.8173
60.4887
72.526
60.3505
72.7047
84.3051
72.492
72.7353
80.4066
80.5119
72.7419
72.6595
72.3437
60.5368
60.6919
60.4949
72.0928
72.4099
60.3669
80.7115
80.5919
80.7723
60.472
72.5143
72.4293
80.3257
80.4845
72.4681
80.6446
80.7035
72.4441
72.2818
80.7265
80.4655
80.5758
72.3906
72.869
80.5473
72.2886
60.336
72.6234
80.4689
72.4961
80.7918
60.1823
72.5232
60.2623
80.4678
72.5433
72.449
72.7114
60.3511
72.7247
72.4306
48.2061
72.4298
60.3943
80.3539
80.429
80.3832
72.53
80.682
80.3203
72.4892
84.6954
80.6984
72.4547
60.579
72.7711
80.7283
80.6066
48.2361
72.4099
48.1823
72.4836
80.8317
80.7174
72.651
60.4355
72.6186
72.7702
80.6507
72.9704
60.1907
80.8184
84.6702
80.4034
80.6638
72.3033
80.3263
72.5222
72.4751
60.3234
72.5714
72.5862
60.4749
72.4098
72.4825
84.1896
80.5539
72.7024
80.5851
72.4598
72.5773
72.5249
92.6439
72.6929
80.5556
72.4389
80.3695
60.2942
48.1219
72.4849
72.5641
60.6408
72.4002
72.5496
60.2572
60.4521
80.5715
72.5998
80.4987
60.3581
80.4395
72.4946
80.3156
72.33
80.7668
80.5123
81.0734
72.5527
80.6851
72.698
80.5683
72.5521
72.3103
72.7769
80.73
72.2687
72.4403
72.6445
72.6609
72.5528
72.3017
72.5137
80.4983
72.3943
80.7822
72.2992
72.5041
60.5108
72.2639
72.7642
72.4427
60.3949
60.2625
72.6701
81.0735
80.7004
72.4761
72.3608
84.2482
80.9494
72.4614
80.6036
72.352
72.6153
72.5433
60.4408
72.7428
72.6681
72.7759
72.6022
60.4779
60.6762
80.4079
80.5946
60.4285
72.5108
72.3157
72.7484
84.5614
72.4126
60.4996
60.3959
81.0217
60.6128
80.4566
80.8726
72.7134
72.0618
72.7113
72.6574
72.7784
60.5944
48.4028
60.5589
80.4373
60.2314
60.7687
60.4231
80.3832
60.5156
60.3985
72.2809
80.1546
72.4644
72.5078
72.7591
80.6648
60.5093
80.3639
80.4869
80.5837
60.3469
80.4535
72.55
60.5836
72.5727
60.4504
81.2072
60.3334
72.6323
72.4805
72.2447
80.7864
72.3324
80.6345
80.5887
80.7818
72.4259
60.5376
80.6463
80.7616
72.825
80.5773
72.767
60.1001
80.7517
72.5679
72.4104
80.9003
60.0256
72.3354
60.2299
60.5814
80.3874
72.6116
81.1695
72.4976
80.7816
80.5319
72.4115
60.5969
80.581
60.5418
72.5678
72.4862
72.389
72.5439
92.3267
72.6182
72.3947
72.7532
72.3992
72.514
80.1874
72.8123
80.9859
72.8696
72.3431
73.0638
72.3608
72.5097
72.5551
72.4202
72.4917
72.7109
72.5836
72.518
72.2155
80.6758
72.6297
72.6628
48.4195
80.8592
72.6972
80.4276
81.055
80.5485
72.3694
72.6666
80.8482
72.4234
80.3721
72.3616
80.5361
72.5053
80.9031
60.2282
72.473
72.3363
80.3935
72.3927
80.5029
48.3733
80.8986
72.6165
72.7119
80.5678
80.7713
72.4113
72.5208
80.3781
80.555
60.5109
72.5052
80.7836
80.4918
72.9126
72.4409
80.5835
80.8008
84.7024
60.0306
72.3442
80.7704
60.2323
72.4488
48.3477
72.2693
72.2737
72.712
72.3194
60.1604
80.561
72.8694
60.4126
80.4454
80.6152
72.4191
60.3489
80.7106
80.4524
80.6764
60.3334
72.8401
60.3242
60.6193
60.5245
72.6798
80.5369
72.8016
60.1755
60.4957
80.8138
80.2438
60.531
80.4456
80.9228
72.5928
80.4952
72.6547
80.6511
80.8922
72.3719
80.4128
80.6823
60.3995
80.6463
72.792
80.6802
48.3909
60.3864
72.6949
72.2191
80.6637
60.3341
84.7379
80.6136
80.7062
72.6226
80.5787
80.5331
80.8019
80.3969
72.481
60.3707
60.3278
80.6645
72.6524
72.725
60.3456
72.4024
80.7985
80.5149
72.6634
72.5229
80.6832
72.9077
72.1893
72.6172
60.6343
60.4664
80.6154
72.6469
72.4645
80.6084
81.1812
80.4601
72.7231
60.5466
60.5427
72.6854
72.499
72.6499
72.2852
72.6429
72.6838
80.7027
60.326
72.8381
72.6414
72.9411
72.6955
72.4565
72.181
60.3155
60.5016
80.9648
60.5094
72.8896
80.6748
72.596
80.8563
72.519
80.5416
80.1731
81.0564
80.5431
60.4832
80.4602
72.3304
80.5527
81.0932
60.3883
80.4611
80.4991
72.3401
72.6842
80.8064
72.6243
80.5531
48.2822
72.468
72.4962
80.4582
72.5455
60.4555
72.634
80.593
60.2291
80.4451
72.6013
72.4606
72.6287
72.7564
80.7983
80.4504
60.4
80.8391
80.8625
72.5654
72.6004
80.5151
72.7569
80.8776
72.4561
72.3532
72.7372
80.5821
72.5363
72.648
80.5031
72.383
80.7109
80.6994
60.5331
72.5075
80.6243
72.4053
72.5216
60.2237
60.5475
72.3872
72.7748
80.3199
72.6929
72.7309
72.3052
60.3502
72.4764
72.5319
72.5656
72.7524
72.6484
80.4043
72.4629
72.9381
72.4981
72.5394
72.8317
84.7633
72.5139
72.4719
72.2255
60.2657
80.3035
80.6604
92.7981
72.5955
80.7873
60.5445
72.6862
72.7326
72.7864
72.7994
80.8608
72.8448
72.9046
80.4036
72.2
80.5215
72.4891
72.5379
80.3764
72.838
80.2787
80.575
72.8791
72.943
80.5751
80.5518
60.2037
84.6792
80.6053
72.534
72.3185
72.7619
72.715
72.8102
80.3796
72.62
60.3014
80.4687
72.5219
60.514
72.4138
72.4447
60.3337
60.3405
80.2963
92.0852
72.3123
80.7899
80.3973
80.4064
72.7305
72.3723
92.6614
72.6228
72.6455
72.4562
72.3403
72.7061
60.4593
72.6943
80.5319
72.4955
80.6258
72.6317
80.7911
72.5858
72.4564
80.5608
80.6458
80.4925
72.9638
60.4863
80.4857
80.5793
72.6315
80.7617
80.715
72.4766
72.4311
80.4351
80.8081
72.5547
72.439
72.4342
84.8943
80.6061
80.5052
80.4847
80.8031
72.6095
60.5031
72.5244
72.6707
60.3555
80.3836
80.6721
60.5261
80.1545
60.2401
60.5341
48.4036
72.9143
80.9439
72.518
60.3828
80.8557
72.6403
72.6778
72.5916
72.8329
72.5948
92.7988
80.6531
81.0075
80.6967
60.4129
80.886
80.7672
72.3536
72.4807
72.5906
80.2538
80.7443
72.706
80.3654
72.805
80.6579
72.4794
80.5096
80.8367
84.3121
72.9034
60.4606
60.4316
80.7016
60.2756
60.5439
72.418
60.2689
60.4923
72.618
80.8895
80.484
80.9836
80.6529
80.5799
72.3588
72.6293
48.3698
72.4388
72.9896
72.7683
60.5106
72.4354
72.7073
80.5104
72.4548
72.7514
72.4201
80.6119
72.5515
72.6009
72.4277
72.2337
80.4248
80.408
80.6162
80.1503
60.5813
80.3197
60.7529
72.3924
72.4373
72.3838
80.1458
72.3336
60.4715
72.7638
72.4586
72.7845
72.4327
72.653
80.7675
72.7532
72.575
72.2585
80.9513
72.354
80.5597
72.3723
72.631
60.5274
72.6542
72.4793
80.8494
72.4817
81.1001
72.3778
72.428
80.3252
72.6241
80.4991
80.3503
80.4954
72.4607
72.589
60.513
72.8053
72.6112
80.5854
72.7783
80.7345
72.389
80.9882
60.5432
80.6876
72.5843
80.5129
72.5426
80.5992
72.5457
72.6428
72.428
72.6741
80.8754
72.7004
72.8279
60.55
80.3904
80.6057
80.9853
72.6382
80.9501
60.3894
84.4004
48.3291
80.8747
72.3864
72.6373
80.5499
80.3285
72.5157
72.2175
80.6452
81.0396
80.6343
80.5847
72.8092
80.6667
80.4871
80.2588
72.7632
72.42
80.7654
72.2296
80.8628
72.312
72.7034
80.5698
80.1537
80.665
72.6557
72.612
60.3671
72.6692
80.3814
80.5703
80.5085
72.9021
72.2619
80.6621
80.4023
80.7305
80.6151
72.5111
80.4919
72.3089
80.7708
72.7384
72.689
60.2852
72.7273
60.5186
80.8035
80.8299
72.415
48.2241
60.663
72.6292
80.4261
80.4653
72.5664
72.4392
80.9748
72.579
80.3118
80.5681
80.3623
72.8072
80.8856
72.7611
80.583
72.8668
80.7146
72.7138
72.7146
80.8007
80.446
72.3999
60.502
72.4864
72.3531
72.5998
72.6733
72.7446
48.4134
72.739
72.6165
60.3861
80.6801
72.3854
72.5093
60.6967
72.7956
80.5589
80.6802
72.4716
72.4614
80.7408
72.5647
72.5245
80.6484
80.6174
80.751
80.5398
80.766
60.1572
80.7691
72.4894
72.4754
72.5243
72.7424
72.8821
80.7754
72.3786
72.5966
60.3988
80.4892
72.3658
60.6708
80.6919
84.197
80.3094
60.468
72.3329
80.7644
72.8384
72.5348
80.6528
80.6053
80.4345
72.3839
80.4514
80.2881
80.3975
72.4395
80.4594
80.9048
72.4401
72.7452
72.7816
80.5356
72.7029
72.5005
80.719
80.6344
80.2845
80.8542
72.8954
60.5129
72.7136
60.3424
72.7591
72.7613
72.6334
72.2753
80.8909
80.6257
80.7088
80.4818
80.6175
80.7605
80.3121
72.6243
72.7249
80.3192
72.8939
72.6571
60.3222
60.1295
72.7724
72.5809
80.3633
80.6987
80.7529
80.5622
81.1025
72.6797
72.6905
48.2737
80.5691
80.635
80.9575
80.9052
80.7857
80.4016
72.2719
72.6379
48.3394
72.6125
80.4199
72.2923
60.3757
48.1525
80.6551
72.4249
72.4917
72.701
60.5284
60.5748
60.2978
80.7272
60.3572
72.7674
72.1526
80.6214
80.8227
72.8364
80.4287
60.36
80.3469
80.5308
80.7479
72.5883
80.406
60.4557
72.5466
72.6459
72.2339
72.5552
72.8464
80.46
72.4642
80.791
80.1822
80.9328
72.5591
60.5273
72.5657
80.4985
72.6178
72.4446
60.5679
80.4708
72.1929
72.2862
80.7904
81.1356
72.417
60.5611
80.7564
72.5542
72.4214
80.3451
72.7124
72.3966
80.3137
72.423
72.5529
72.521
60.637
72.6479
80.7447
72.5284
80.9824
72.564
72.766
80.7474
72.8504
80.108
72.6801
60.4421
60.4691
72.4645
60.3659
81.1681
60.1559
72.6554
72.3995
72.836
80.7315
72.2414
72.4534
72.8137
60.344
60.4646
60.5571
80.5617
80.8191
72.5353
72.3466
80.7989
80.6689
80.6385
72.5257
80.7308
72.754
60.3693
72.732
72.5858
48.4006
72.3486
72.3189
72.329
84.6806
60.5021
72.5307
84.3607
72.8355
80.1344
72.5989
80.5355
72.6785
60.505
80.7194
60.5491
72.4734
80.6637
72.5315
72.3543
60.2852
80.4279
60.5699
72.2962
72.5413
80.4846
80.7064
72.2746
80.5984
80.5173
72.2432
72.4067
72.8856
72.2449
80.5372
60.392
72.4078
72.1874
60.6475
72.8962
60.3525
72.2998
80.6602
80.6622
60.6755
80.5594
72.7779
80.3899
60.5292
92.9839
80.5821
72.8085
80.7302
60.5666
72.5688
72.618
72.3384
80.6711
80.6267
80.7736
80.8676
80.841
60.4233
72.844
72.3697
72.6907
72.3953
72.9527
80.5655
80.5044
72.4529
72.5348
48.3226
80.6547
72.3639
72.8377
72.8375
80.4674
60.5386
80.4098
80.7056
80.4401
72.1956
80.2963
72.6606
80.3878
72.7043
80.8146
60.4597
72.5915
72.3082
72.453
80.7543
72.2679
80.3069
80.0972
80.5302
92.2683
72.5459
80.4625
80.7413
72.381
80.5198
72.6804
72.6949
80.7273
72.7434
81.1658
72.3003
72.5225
72.6071
60.4011
72.8215
72.4208
72.8105
80.3392
72.8524
72.6058
72.4883
48.4685
72.3209
48.2684
72.8389
80.5059
72.7419
72.6654
80.6902
72.4374
72.5473
80.7591
60.6367
72.3378
72.406
80.395
72.8289
80.455
72.8819
72.291
72.8053
72.6833
80.2834
80.3874
72.578
72.5583
60.2566
72.7253
80.3844
80.4918
80.7849
60.5467
72.7006
80.5321
72.371
72.7667
72.5308
60.319
72.58
72.4479
80.8335
72.4475
72.3658
80.5965
80.552
60.233
72.4324
72.8602
80.4627
72.6061
72.7394
72.5379
72.9197
72.3211
84.3642
80.478
60.4425
72.5868
80.619
60.5637
72.2301
72.6805
72.7457
72.5827
60.3451
80.7654
72.5084
60.5128
60.5124
72.1788
80.8946
80.5857
48.3309
72.9582
80.7472
60.3892
72.3703
80.4233
72.3542
84.6734
72.7461
72.4341
80.5849
80.8971
72.5912
72.2933
80.604
72.4966
72.6939
92.3959
60.2687
80.7725
80.4996
60.5401
72.4444
81.1576
72.6515
72.4958
80.6286
60.379
60.3745
48.2994
80.5107
80.721
80.8747
80.5266
72.5257
80.3486
72.3126
72.7938
72.4252
80.3204
72.4099
81.0327
92.456
72.2436
72.3901
60.2833
80.3772
80.6099
72.776
80.76
84.6975
72.418
72.5109
72.2562
72.4406
80.3938
80.3673
72.6127
72.5273
60.3806
60.4045
72.7679
72.9136
72.5934
80.8407
60.5685
60.4544
80.7399
80.8604
72.3321
60.3697
72.6097
72.4725
72.785
60.5245
72.6433
72.4862
80.6646
60.34
80.2907
80.5851
72.5598
72.6511
72.3729
72.2241
80.7724
72.6277
72.3777
72.421
72.4232
60.5285
80.5827
72.703
80.663
80.934
60.4316
72.7095
72.558
80.9463
72.559
80.8412
80.8132
72.4802
72.4031
72.6704
80.7376
72.9748
60.4036
80.8594
72.8972
72.8768
72.4999
80.4659
60.5727
80.5305
60.5124
72.2531
72.4882
72.5683
72.5601
80.4472
80.5501
80.7593
80.4236
60.4625
72.322
80.6227
72.6435
60.396
72.5547
48.2762
72.3658
72.7007
80.3688
60.6363
80.5942
72.6557
80.4404
80.6218
80.2915
72.471
80.6318
84.5524
72.6295
80.701
60.3822
72.7262
72.342
72.4223
72.5732
60.4193
72.7282
72.7299
80.4905
72.6473
81.0314
72.4851
80.1764
72.6423
72.4892
72.4868
72.3356
80.6957
72.5168
72.7103
80.7425
80.318
80.549
80.5424
60.712
80.4633
80.8083
60.1937
72.7113
72.5035
80.8861
72.5296
80.7811
80.5835
80.6068
60.3873
72.4506
72.6238
80.25
72.4605
60.1908
80.5451
80.135
72.7542
72.9352
80.2803
80.466
81.2464
72.172
80.8931
80.4792
72.4317
80.3862
72.4197
80.2909
72.7126
72.5402
72.5528
72.3887
60.1829
80.7072
72.527
80.4546
72.2571
72.2435
72.7927
72.7815
60.3836
72.5151
72.6667
72.6795
72.2951
81.0715
72.7514
60.3236
80.5523
72.8041
80.7747
80.335
80.7104
80.6878
72.814
80.3698
80.565
72.6953
60.567
80.4563
72.6275
72.9496
72.6724
72.2476
72.7538
80.8029
80.7725
60.5828
72.7424
60.4331
72.4627
80.8464
72.5986
72.3773
80.2937
72.5346
72.7904
72.4197
72.5691
72.576
72.616
72.5257
80.6894
72.8838
80.514
72.6344
72.7615
72.9364
80.743
80.7417
72.8541
72.7982
60.2524
72.8302
80.5995
80.4758
80.7185
72.3093
72.315
60.2776
60.2743
72.5886
80.4941
72.6306
80.3432
72.8758
72.5853
60.5287
72.25
72.8597
60.2734
60.2541
84.6059
72.5586
80.5755
72.725
72.7466
72.6119
80.5737
72.584
72.5284
80.7176
80.8814
72.468
72.4788
60.7908
72.5796
72.5771
72.847
72.4457
80.4117
60.6541
72.7977
72.1926
80.1112
80.5098
72.8332
72.3649
80.8083
72.5736
80.6045
72.6935
72.6147
72.4329
80.4213
80.6424
80.364
72.6064
72.6951
72.5534
81.0035
72.4459
72.5207
60.4189
72.7231
80.5539
72.7445
72.322
72.3057
80.6101
80.636
72.3115
72.5501
80.8654
80.654
80.7897
72.6127
80.8728
80.6465
80.6155
72.4062
72.5811
80.5537
80.7472
80.5531
72.4789
80.9321
72.3706
72.556
72.7569
80.4689
72.5061
80.5112
72.5302
60.5055
72.6267
72.3059
80.2437
72.6485
60.4017
72.4101
80.5662
80.3835
60.4879
60.2604
72.6426
80.674
72.4798
60.4868
80.5012
72.4704
80.7268
80.3219
60.3987
80.642
72.4458
80.3773
60.3007
60.3772
72.8627
72.2808
72.4933
72.8582
80.4671
80.6813
80.6323
72.5012
60.6508
80.6688
80.6371
60.2495
80.7541
80.747
72.8789
60.4379
72.4584
72.6153
80.6284
80.6089
72.5304
72.6533
72.7039
72.7212
80.9662
60.3469
72.5701
80.4709
80.3036
72.6372
72.6758
80.3663
80.7982
72.5195
72.5736
72.8321
60.684
80.7292
80.2541
60.353
72.3415
72.6375
80.7052
80.2371
80.4461
72.525
84.8517
72.6736
72.5595
72.5343
60.5448
80.4215
80.6526
72.6562
72.409
80.6866
72.2337
72.6302
72.3368
72.4767
72.4601
72.2447
72.6262
72.2301
72.4409
60.7336
72.6931
72.5198
72.7293
80.8972
72.551
72.5783
72.3231
72.2132
72.656
72.3018
72.4336
60.2131
80.8077
72.4841
80.3295
72.767
80.8104
72.467
60.6596
72.6107
72.9933
80.7336
72.4915
72.8866
84.4588
72.5604
80.4644
80.5013
72.6272
72.8605
80.5882
72.3669
60.7659
72.5422
80.4511
60.5865
72.1649
72.3364
80.6549
80.8352
72.6028
72.4623
72.42
72.5051
60.4438
72.8278
72.8042
80.8224
72.2892
80.429
80.6927
72.8823
60.3497
80.6993
60.7201
73.0954
72.7154
60.224
81.0705
72.3442
72.2481
80.8296
80.6582
80.6049
60.3564
80.7886
60.2649
80.5996
80.5489
72.3594
80.5846
72.2633
72.3801
72.5618
80.4098
60.4428
80.7316
80.4068
80.7567
80.6234
72.8363
80.4784
72.3951
80.6768
72.7691
80.5522
84.7834
60.3474
48.2792
60.4673
72.4804
72.8408
80.8712
72.5832
72.3932
80.4982
80.6506
60.5582
80.1608
72.4595
72.219
72.5719
80.9602
72.6613
72.8602
84.8447
72.4965
80.5393
80.6556
80.3801
80.5601
72.3369
72.616
60.5246
72.6411
80.6845
72.2969
72.5132
72.4764
80.4223
80.7067
72.5006
72.5617
72.4942
80.8455
80.7865
72.6541
60.4574
60.4554
84.7305
72.4178
72.5893
60.5508
72.8189
72.7562
72.514
80.3596
72.7587
80.4243
72.874
60.3816
60.3004
72.9128
80.233
85.0766
80.425
72.6857
80.6867
72.4544
80.8161
72.6582
72.4245
72.6902
72.3636
72.7926
80.4468
72.7452
80.5705
81.094
80.3496
72.6019
72.6854
80.351
60.5543
80.7194
80.4941
72.5107
72.5436
80.8811
60.4737
60.4842
80.9786
80.4608
80.9634
60.3695
80.552
80.3755
72.4178
80.5086
72.3997
60.4684
80.3557
80.6985
80.8789
72.5974
80.4134
72.2011
80.7231
72.5265
60.4571
72.2929
80.837
80.9192
80.5768
72.3141
60.2065
72.4788
80.9657
60.2382
80.8363
80.5588
48.5459
72.6404
72.7525
72.3295
72.5515
80.3416
72.6651
80.8125
80.5385
60.2997
60.5611
72.6984
80.7785
72.5015
80.7317
80.7108
72.5515
72.6758
72.7804
72.7462
60.5675
72.6146
72.7626
80.1808
80.2559
72.5624
72.5011
72.6969
72.3447
72.6632
80.5216
72.4049
80.4468
72.2814
72.6384
80.4095
80.596
72.4891
81.0515
60.5603
80.4982
72.4984
72.534
80.8244
80.6461
72.5616
72.3116
80.6111
80.4144
72.5225
80.9913
72.6083
48.3663
60.4112
72.5726
80.7086
80.6693
80.6266
72.5584
80.761
81.1173
72.7183
72.1885
72.2815
72.787
72.5519
80.6098
80.6098
80.7614
80.6035
72.626
72.5281
72.5185
72.5238
72.5047
80.5448
80.7141
60.7458
60.4602
72.6776
72.6578
72.5694
80.4669
72.2532
80.4272
72.1769
72.4404
80.2186
72.524
80.8101
72.5421
80.694
60.5479
72.375
60.3302
72.1343
80.5673
72.4211
80.8845
80.6678
80.6524
72.3587
72.4867
72.6669
80.5592
60.3925
60.4709
80.4605
80.4724
72.6975
72.6102
80.6258
72.5934
72.6013
72.6863
92.3659
84.7661
72.3706
48.3118
72.9408
60.406
80.5283
72.4487
60.6958
80.6431
60.5045
72.3555
60.3619
72.767
80.6802
80.3689
72.5934
80.4895
72.9335
60.1886
72.5521
72.9455
72.5307
72.6958
72.569
80.3444
72.718
80.6305
72.7014
80.4515
92.7494
72.7621
80.7152
80.517
72.4925
72.6294
72.7627
72.4441
60.2338
72.5778
80.6808
72.5777
60.6556
72.6871
72.5659
72.7909
72.4652
80.9552
80.4492
84.8103
60.6165
80.3873
72.5997
48.2935
72.6137
72.4135
72.5171
72.5915
60.3657
72.4871
80.727
72.4796
80.909
72.2944
72.5494
80.484
72.7857
80.601
80.7386
80.8179
80.8587
80.5659
72.4229
72.499
72.6909
80.6193
60.5882
80.5366
72.2431
80.5452
80.503
72.6728
72.4944
72.4503
92.6069
80.4376
72.7874
72.2892
80.4854
72.7249
80.3767
72.7628
80.8796
72.4662
48.2796
72.3938
80.6923
72.3647
72.5417
72.6073
80.4299
72.862
72.1523
72.8303
80.8276
60.2846
72.0736
80.5439
72.4872
80.7916
72.571
80.6472
80.6612
72.3298
60.5038
80.6673
80.54
72.8505
80.7001
60.4885
80.7977
72.715
80.791
72.6102
72.808
80.6096
72.7693
72.5459
92.6958
72.5871
80.6187
72.4098
72.6281
60.5631
72.7619
72.9237
72.451
72.4175
80.3558
72.3575
60.6766
60.2971
72.6917
80.8044
80.3014
72.5089
80.9354
72.5174
72.2776
72.5374
80.5939
72.7632
80.2285
72.1984
72.7762
80.3711
80.559
80.4479
72.8472
80.925
80.4322
72.5437
80.4012
72.3797
72.4011
80.9847
80.7827
72.7285
80.4741
80.3654
80.5666
80.7355
80.8931
80.5593
80.398
72.5702
72.3484
60.2122
60.3985
72.5786
80.608
80.3965
72.534
80.7519
92.2751
80.7635
72.5752
72.4785
48.2517
60.579
72.6357
72.5276
80.5706
60.4213
72.4895
72.3999
72.5657
80.7612
72.3191
72.5026
72.4415
60.38
72.6514
92.6026
80.7222
72.7183
72.7587
72.7421
72.4928
60.3082
80.4463
72.5532
72.4238
72.5679
72.5028
80.4408
48.2416
72.6546
84.2249
80.4651
72.643
80.4411
80.3907
72.5819
72.7015
80.5909
72.5355
80.7721
72.6685
60.6485
72.7188
80.57
80.4681
80.6172
80.5128
72.6434
72.7863
72.5377
80.6032
72.5131
72.5092
72.2698
60.3389
80.34
72.3452
80.4575
72.5394
80.6386
80.6889
72.6967
72.9015
72.2603
72.4047
80.5267
80.5382
72.5314
72.9545
60.5382
72.4071
60.6823
80.6611
72.5212
80.4506
60.4649
72.4768
72.6003
72.0811
80.1827
84.4855
72.1822
72.6074
80.5482
80.9614
60.4152
72.6625
80.9815
80.3764
80.1192
72.5114
72.8984
72.8804
72.7289
72.7251
72.4329
72.2864
72.5597
72.586
80.7983
80.5401
72.2716
80.146
72.5097
72.5239
72.7066
80.8424
72.2451
60.6053
72.3319
80.1938
72.4963
72.5813
80.555
72.6718
72.5127
72.7057
48.3406
60.6189
80.5126
80.8295
72.6407
72.6422
72.41
80.8988
60.4754
72.3549
60.4708
72.3625
80.8954
72.4464
72.8625
72.7493
80.5653
72.6495
72.2992
80.384
80.6542
72.6716
72.1297
72.2621
72.9642
72.3861
72.4583
80.8368
60.5894
80.8731
80.5843
48.4954
80.359
72.4499
60.1529
48.314
72.6206
60.5243
72.5547
72.7373
60.1839
80.0754
80.7225
60.3618
80.5541
80.1435
80.4644
80.593
80.8491
72.3364
72.4428
80.6967
80.5465
72.5273
80.3775
84.4129
72.7664
72.3594
80.6582
72.6567
72.4567
80.7368
72.7554
80.5076
72.1279
60.645
72.3464
72.8867
60.4442
80.4506
72.6288
72.8434
72.6494
72.7067
60.3997
80.5681
80.8174
72.8379
72.4588
80.6259
72.4956
60.3955
72.4879
72.5849
72.7144
80.9035
72.5961
72.3791
72.7738
80.6982
60.281
80.8123
72.4888
80.4189
72.8402
72.4615
72.5826
80.6335
72.4314
72.4147
72.3683
72.5901
72.6465
60.5129
80.741
80.663
72.4504
72.5168
80.4729
72.3058
80.4806
72.2882
80.7753
72.3834
80.6669
80.285
72.382
72.6793
80.3898
80.5273
72.5557
60.4587
72.8448
80.6467
72.8812
80.6341
72.6501
72.1485
80.4189
72.5419
72.8827
80.7344
72.7879
72.7863
72.7478
72.4315
80.3113
72.4669
72.368
60.4938
60.4356
72.7235
72.6502
80.6977
80.5679
48.274
72.3934
60.344
60.5505
60.2586
72.6911
60.6161
72.7479
72.694
80.5797
81.0424
72.477
60.4652
60.694
72.3628
80.7215
72.4868
72.6598
60.5284
80.2692
80.5673
92.86
72.5714
72.6988
80.7443
80.8022
80.3432
80.4533
72.4038
72.7976
72.6203
72.4393
80.4731
72.4472
80.3865
72.5516
72.5146
80.4094
60.3645
80.7596
60.5691
72.3932
80.4094
80.7008
80.7948
72.4335
60.2016
80.573
72.3586
80.571
80.2336
80.8294
80.3343
80.6163
80.238
80.6573
72.7088
60.4281
72.2102
80.7302
72.7634
80.2371
72.4977
72.9265
80.6495
72.533
72.7574
80.7745
80.5271
72.6179
72.6178
72.8191
80.3963
60.6382
72.4057
72.4702
60.4398
80.7293
72.6438
80.5224
72.5122
72.5773
72.7124
72.3322
80.574
72.5489
72.4933
72.5911
80.7016
80.6833
72.2933
72.5922
80.5794
80.6925
60.4178
72.6472
72.7382
80.2643
72.6537
72.3955
60.5815
72.5841
72.4608
72.522
72.5184
72.4821
84.7666
60.519
72.5287
80.8512
80.1269
72.7603
80.4266
72.4608
80.4403
80.1914
72.5579
60.3273
80.6947
72.7962
80.6332
60.5332
72.6058
72.5779
72.7421
80.8232
80.9689
80.8891
72.8529
80.7253
80.6102
72.7506
72.8049
72.2962
72.4408
72.4686
92.9736
72.4994
72.6367
60.556
80.7596
72.7869
72.3751
80.6788
72.499
80.6766
72.598
72.1631
80.6615
80.9181
72.5557
72.6228
80.2798
72.462
72.4237
72.63
80.72
80.5548
84.7869
80.7547
60.4588
72.7564
72.3444
60.4728
72.8833
72.5223
80.3973
72.7015
72.5635
80.3169
60.5467
80.9124
48.2544
72.6369
72.5844
72.6417
60.6519
80.9306
72.5792
80.8299
72.7108
80.3211
80.5649
72.8132
80.5681
72.2403
72.6479
80.6732
80.9125
72.6404
80.6961
60.447
72.5442
80.4314
80.5549
80.563
72.6124
80.7752
80.4642
72.5451
80.8017
60.6117
80.5032
72.4614
72.6575
72.2212
72.5388
72.16
80.3853
72.4265
80.9866
72.421
80.8314
72.7321
80.2215
72.5699
72.769
72.5112
72.1422
72.6437
80.9177
80.5656
60.2294
48.4036
80.2935
72.8194
80.6418
72.4153
72.6677
80.4696
72.6752
80.454
72.5788
80.5434
72.5468
72.6439
60.3519
80.9777
84.3109
72.4476
72.7854
72.6142
81.2023
72.4859
72.6554
72.3989
80.4973
80.8072
72.3542
60.4518
60.4353
72.5205
80.4337
72.2024
72.3104
72.4239
72.3627
60.5192
60.6658
72.6117
80.7159
80.8227
60.151
80.9252
72.4491
80.4095
72.4839
92.9231
80.9087
60.3883
72.6467
72.8058
72.4051
72.5914
80.2207
80.9021
92.3812
80.448
80.3976
72.5606
80.5537
80.4523
80.6372
72.5599
80.9064
72.8257
72.6302
80.4315
60.3297
80.6947
80.5892
72.2914
72.3743
72.5005
80.6951
80.368
72.3704
80.4301
80.8014
60.2764
80.7111
80.9293
81.0591
80.5224
72.4048
80.6523
60.4614
80.4304
72.6388
72.2114
72.6156
80.7949
80.5723
60.5321
72.708
80.4441
60.5247
72.4662
72.4534
72.3394
60.6339
72.6649
72.3322
72.3958
60.5377
72.3601
72.1927
80.6923
72.3604
60.6719
72.268
80.5341
72.7272
72.4235
72.7316
80.6983
80.4373
80.9055
72.6512
60.3076
48.2636
80.3504
80.9323
72.7321
72.3217
72.324
72.3037
48.4279
80.4123
72.3717
72.6551
80.5974
81.0906
72.7206
80.4502
72.4651
72.48
80.8204
72.4927
80.4916
72.4058
60.3289
72.391
80.6397
72.4855
92.3187
72.7889
80.3817
72.3442
80.5499
80.7251
80.5839
72.8194
80.7109
72.2613
80.495
60.5463
80.3004
80.8221
72.6314
72.4847
48.333
72.5668
80.5648
80.4676
80.8442
80.9183
80.5883
72.6813
80.7054
72.3844
72.574
72.7454
72.6876
80.3988
72.7245
80.3627
72.8727
80.4248
48.2235
92.8616
60.3748
72.5187
80.84
72.3416
72.2543
60.1068
80.7279
72.6329
72.5437
80.568
72.2157
80.3917
60.4454
60.5434
80.867
72.636
60.5187
72.5403
80.475
72.45
80.568
72.2813
80.7332
80.8116
72.6478
80.6925
80.4594
80.5735
80.8419
72.7283
80.6088
72.4915
80.3318
72.8413
80.6648
72.7245
72.9764
60.6861
80.4995
72.7043
80.7142
72.6042
72.8493
80.7511
72.2941
72.6843
72.6455
80.8675
72.2058
80.2325
80.61
81.0753
80.3339
72.6744
60.4846
72.8573
80.4359
80.391
72.8338
72.5998
72.2866
80.2471
72.3135
80.7204
80.6998
80.3903
80.6776
72.6372
60.4702
72.8591
80.6396
60.2968
72.7752
72.471
80.6815
60.3681
72.6409
80.4604
72.8822
72.8212
72.8467
80.5054
72.5123
80.4199
72.7852
80.6306
80.9346
80.5031
80.6712
72.892
80.5788
72.3815
80.4021
80.5364
72.2394
80.8217
72.5355
48.3146
72.4098
80.5097
80.6493
72.7798
80.8761
72.5223
72.526
80.3415
80.5922
80.4106
72.7276
60.5653
72.5508
48.2822
72.1492
72.5455
80.5302
72.7386
60.3287
80.8603
72.455
72.4023
72.3527
80.9332
72.5857
72.6403
72.4514
80.5483
80.7551
72.3309
48.4533
60.6889
72.7215
80.4954
80.4453
60.5792
72.4616
60.5578
92.8318
72.4135
72.4776
80.586
80.7568
72.7576
84.5804
72.3766
48.4791
72.6979
72.5277
72.9649
60.4151
80.2138
60.4364
80.6281
80.5943
80.5838
72.5887
60.6228
80.6012
80.5354
60.3761
80.7305
80.1776
72.5627
93.0678
72.7625
72.4966
72.4914
72.6127
80.6525
72.682
80.449
72.6162
80.3088
72.7561
72.77
84.5889
60.5905
80.4862
80.6667
72.2217
81.0177
72.5394
80.8519
60.5648
72.8122
72.4162
72.3985
80.6892
72.9668
80.7905
80.5725
72.5567
72.3507
72.4171
72.616
84.3614
60.3039
72.6597
60.3121
60.4156
72.2733
60.3868
72.6808
72.7164
60.3842
72.4107
80.1959
60.3336
72.5685
72.4636
80.7782
80.3277
72.309
72.4161
72.7528
72.2825
80.5081
80.2612
80.5718
80.7021
80.4473
80.8092
72.411
60.5664
80.6316
80.7041
72.6932
92.6139
72.5991
72.3294
72.779
72.5698
80.4359
72.3248
72.5099
80.5359
92.615
80.653
72.3821
72.727
72.6134
80.3127
60.4746
60.1655
80.4511
80.2897
80.2415
73.0638
80.8701
72.463
72.8683
72.4948
80.401
72.5501
60.3242
72.5847
72.6841
72.3279
80.3045
72.3017
72.4382
80.7591
80.71
72.6166
72.2997
80.6457
72.4588
60.2048
80.4456
72.5303
80.9782
72.1865
72.6104
72.6253
72.5722
72.6026
72.4801
60.3619
72.6076
80.4962
80.7441
80.5374
72.6776
80.8664
72.6854
72.7561
80.5776
80.7427
80.5785
80.7663
60.2737
72.6778
80.6259
80.4872
60.5753
72.6929
80.6319
72.4815
60.6369
72.4807
80.5555
60.2018
72.7403
72.4139
72.3651
80.2111
72.6672
72.6456
80.6424
72.589
72.2941
72.4671
80.7026
80.2605
72.4934
72.6181
60.178
72.2896
80.2692
81.113
72.3888
92.3831
72.6146
72.695
72.7936
60.6087
60.4856
72.4602
80.3729
80.5123
80.2098
73.0518
72.4259
72.6728
80.5507
80.4188
72.6091
60.5048
72.6957
80.3924
80.7775
72.3132
80.5346
72.453
72.3901
72.5796
80.4546
80.6152
60.3103
60.4482
72.3962
72.2099
60.5034
84.5994
60.2871
72.6385
80.6096
72.5815
72.6291
72.5899
80.7684
80.2656
72.1756
60.2064
48.1871
72.5394
72.8095
80.5983
72.5235
80.6733
72.5208
80.6172
72.5669
80.217
80.8068
84.6471
80.3225
80.0997
80.4884
80.2963
60.6599
60.3492
72.4371
60.4569
80.5597
80.8847
72.667
72.4903
80.6902
80.7374
80.5601
72.3621
80.3366
72.8415
72.3841
80.5003
72.5708
80.7032
60.4286
72.469
72.5695
80.4511
80.2922
80.9141
80.5311
80.4557
72.8863
72.4006
80.5821
60.5915
80.1553
84.7534
72.5499
72.4875
72.5339
81.0492
72.7808
60.3795
80.7438
72.528
72.5436
72.9923
72.2152
60.4038
80.6816
80.8231
72.684
80.7159
80.635
60.166
60.6245
72.2666
80.8839
60.5145
72.5858
72.6407
72.328
72.6777
72.535
80.8071
72.3246
80.6763
72.3454
80.4783
72.4145
72.7295
80.9591
80.4877
72.3263
72.3794
80.5944
72.8757
72.8357
72.3689
80.5168
80.6099
60.4628
72.449
72.5163
72.5025
80.5204
72.3324
80.8365
81.0163
60.3913
60.613
72.6251
72.3194
81.081
80.8154
60.4647
80.5154
60.5481
72.7796
72.546
80.7872
72.6997
60.4527
72.6212
72.6347
80.4406
72.5732
60.6998
80.5215
80.9204
60.4147
80.442
80.9139
80.857
72.9088
80.2184
80.537
72.3899
72.5172
72.7759
72.7969
72.5613
84.5667
84.6655
72.7253
72.5311
72.6453
60.2933
72.7212
80.9128
80.4978
80.4201
60.3051
72.7282
60.4975
80.1104
72.6306
80.8264
72.6229
80.499
60.4273
80.9303
80.7723
72.5397
80.782
72.4626
80.8709
72.3301
72.8704
80.5169
60.2769
80.7511
80.3192
80.7645
72.6278
80.4949
72.7169
60.4881
80.5349
72.2698
72.4688
80.4541
72.5221
80.6985
80.1529
80.6974
80.4246
92.4345
72.4936
72.3907
60.3559
60.5955
80.4015
80.4546
72.6264
80.6526
72.6023
72.4239
60.4573
60.724
80.8619
80.7651
72.7651
80.5566
80.539
72.6532
80.9183
72.5679
80.3009
60.5041
72.561
72.6809
72.6897
72.7052
72.3175
60.5459
72.9595
80.3012
80.7265
72.3848
72.3019
72.3114
72.4519
80.6851
72.3835
72.3272
72.5031
72.702
72.7229
72.4997
80.4926
72.5444
72.5139
80.5022
72.7326
60.4444
60.3888
72.5072
72.4775
80.5335
72.4094
72.6824
72.5327
72.3839
80.4831
80.5573
80.779
48.3996
80.9059
72.7478
80.5442
72.7311
60.4537
80.5995
72.3566
72.7514
80.386
80.1576
72.673
72.6646
72.1279
72.4738
80.1767
60.6642
92.6739
72.2879
72.6882
80.3639
72.4302
72.5969
72.5805
60.4045
80.7617
80.6955
72.6554
80.5417
72.2804
72.6469
80.9153
80.6962
80.9491
84.669
60.5023
80.7975
72.5277
72.4828
72.4844
80.8692
72.59
72.6757
72.4029
60.4225
80.3368
72.3886
72.528
72.4989
72.5929
72.3874
72.5855
80.8293
80.1966
72.5191
72.9292
80.5787
80.4859
80.7286
81.0152
80.8392
72.7678
72.782
72.3255
80.7501
80.255
80.917
72.4054
60.5165
72.7638
72.7577
81.0425
93.0567
80.2726
60.2851
60.4376
72.5021
80.6972
72.6543
72.4508
72.8054
60.3362
72.3446
80.5191
60.3223
72.9028
48.39
72.5324
72.4095
72.2356
72.3341
72.8202
72.7123
72.4666
84.6691
72.7254
72.5663
60.4846
72.4564
72.5915
72.573
72.662
80.6192
72.2388
72.5383
72.7945
72.514
72.2019
72.5156
80.7756
72.7235
72.3223
80.3758
72.9067
80.7808
80.4302
72.4349
72.4175
80.9362
80.7223
80.5712
72.4217
60.2945
72.5945
72.4954
72.2014
60.4055
72.7182
80.699
72.3702
80.3987
72.3416
72.6004
80.4478
60.4225
80.7574
72.5038
80.8553
72.4253
80.5453
72.4397
60.493
92.629
60.4562
80.6754
72.4917
72.6652
80.5623
80.7241
60.3867
60.4116
72.6298
72.7058
72.4825
80.2283
60.2415
84.5319
72.3514
72.5404
60.4895
72.5841
60.3427
72.4289
60.5413
84.3431
80.7609
72.2798
80.5955
72.5854
72.3551
80.7639
72.287
72.8044
72.6215
80.7257
72.8883
80.6451
80.7671
72.7995
48.2856
80.9312
80.4309
80.7507
80.4367
72.5337
72.5015
80.4999
72.3958
72.3597
80.8604
72.7574
72.6812
72.7534
60.6789
80.4768
80.2899
72.4246
80.6183
80.2262
72.6384
72.7985
72.6235
80.7799
72.5433
80.707
72.5124
92.8293
80.3329
60.4767
80.2685
72.7103
60.688
80.5751
80.6337
72.7644
80.4247
60.0119
72.3556
80.9781
72.3017
72.6942
81
80.2052
60.4768
80.9053
72.6552
72.4171
80.4654
72.443
72.8246
80.3266
80.5629
80.4198
80.4587
72.8304
72.6213
80.2956
72.3008
72.6352
60.5721
80.6613
80.7567
72.4696
80.4006
80.6246
72.7351
72.688
60.4065
72.7318
80.6711
72.5797
80.4281
72.5203
80.4975
72.3669
72.6841
80.7177
80.3876
72.5861
80.7036
72.3315
72.2633
72.5745
80.327
60.4561
60.5346
80.4678
72.5403
72.5526
72.5996
60.3398
80.411
60.3886
60.5303
72.5763
72.2651
80.7667
80.285
60.5985
72.8447
72.7658
60.4423
72.8376
48.2484
80.8749
80.5528
72.557
72.367
72.2565
81.0263
80.3991
72.4774
60.5014
72.5542
81.0612
84.2888
72.8616
80.8242
80.6119
80.686
80.3357
72.7353
80.4978
72.5774
80.6787
72.8837
80.6824
72.659
72.4995
72.6461
72.4246
60.387
72.5438
80.8358
60.3959
80.6646
60.6172
72.5963
72.5611
72.4708
72.1127
72.4379
60.5281
72.3124
72.4817
81.0846
72.3361
72.5452
72.6119
81.0473
80.8284
81.1681
72.7552
72.4044
72.2696
80.6171
80.6586
72.462
72.7808
80.9167
72.7419
72.8361
80.5891
72.0823
72.3866
84.6302
73.0754
72.2929
60.4209
80.2577
84.4777
72.2983
72.5467
60.6864
72.3753
80.4965
73.0145
72.5813
80.5693
72.5151
72.6813
72.4319
80.5684
80.4783
72.399
72.7564
72.5627
72.7821
72.2629
80.5921
60.6107
80.7439
80.8276
80.2998
80.5762
80.3732
80.9229
80.4973
80.4274
80.2847
80.5608
80.5641
81.2262
72.5885
60.4512
72.4861
72.5597
80.2515
80.521
72.223
72.6902
60.2421
72.7457
72.3084
72.5698
60.3804
84.5768
72.4552
80.7284
80.2357
80.5216
72.4341
60.5182
60.2493
72.5373
60.5431
72.4679
60.4866
72.3674
80.6046
80.5669
72.5204
72.2508
80.5558
72.6297
80.6821
80.5487
60.0774
80.7826
80.7804
80.4559
80.745
72.2788
81.1007
72.6656
72.7346
72.2982
80.6423
80.6983
80.658
80.4632
80.8707
72.7658
72.2838
72.5392
48.4729
60.6154
80.9226
72.7518
80.7134
80.8753
72.5767
60.4345
80.8402
72.1387
84.2822
60.4586
80.6104
72.2132
80.7533
80.9087
60.6664
80.7802
80.5939
80.8133
60.327
72.862
60.3481
72.476
80.3987
72.6124
72.4261
72.2966
72.5733
72.3139
80.3197
72.5351
60.3372
80.6322
80.7204
72.4138
72.4101
80.6317
72.6532
60.2859
72.4496
60.4692
72.795
72.4716
72.4948
73.0706
72.8285
80.7336
72.7369
72.3617
60.3685
72.5133
72.5856
72.5301
80.6623
72.1201
80.8012
72.9065
84.5688
80.6997
72.4014
80.452
72.6206
80.7751
80.6648
80.5198
72.2323
80.8613
80.2226
72.44
72.0707
60.6459
60.7486
72.6934
72.4182
60.6091
80.886
72.2568
72.6324
60.5413
60.4696
80.712
72.6798
72.4617
72.5554
72.886
60.3117
72.9064
80.6792
72.5844
72.2886
60.3433
80.3377
80.4403
72.7255
81.0056
60.4238
80.5729
80.6881
80.8129
60.3782
72.4197
72.6834
72.5414
80.6908
80.3376
72.7356
72.8184
80.3583
80.6472
81.0051
80.4495
72.4785
72.5602
72.4062
72.5303
72.4444
80.4567
72.4761
72.4368
72.6506
72.5253
72.7758
60.6651
48.2804
72.7819
80.4473
80.4665
80.7986
72.458
80.7359
72.8029
80.5904
72.7879
80.4485
80.6005
84.2674
60.214
72.7453
72.6493
80.9641
80.6163
72.6702
80.1536
84.43
72.8026
80.8824
72.3267
80.4324
72.3357
60.7807
72.3706
80.3454
60.4379
72.4881
72.6825
72.4044
80.5898
48.165
60.4863
72.3494
60.5593
72.3497
80.8025
60.2592
80.4218
72.7885
84.7603
80.7155
72.3036
72.5573
60.211
80.3103
72.7456
72.4084
80.6778
60.1975
72.7411
72.6704
72.5939
60.2487
72.6255
80.8764
80.5842
80.9028
80.4669
72.3747
72.3773
80.442
80.8644
80.7318
60.388
60.4156
80.3721
72.3301
72.5859
80.6772
60.1545
72.5438
80.4404
80.6497
72.6374
60.367
72.9786
80.6732
72.7056
72.8102
72.5331
80.4785
72.3619
80.6419
80.5474
72.382
80.5719
72.6385
60.6168
72.4976
81.0215
92.496
92.8659
48.2296
80.6838
60.4685
72.5141
48.2167
72.571
72.4005
80.7287
72.785
72.9599
72.64
72.3827
72.5042
72.8576
72.6763
72.7554
92.6853
72.5039
72.5282
60.3843
72.4653
80.9905
72.1395
80.1619
80.3226
72.6353
72.7539
72.6244
72.7112
92.9997
72.7252
60.3449
60.32
80.6191
72.539
72.6479
80.4636
72.6302
80.4819
80.2784
72.6354
72.5344
80.7489
72.8223
72.4889
80.1698
60.4567
72.4442
80.7304
72.5173
80.4405
72.5269
72.5543
60.3447
60.6236
72.3939
80.7815
80.3257
72.7124
72.6653
80.8342
72.5128
84.4798
81.0754
72.3208
80.8552
80.9364
48.2518
80.4908
80.8373
72.4897
80.2805
72.5461
80.3891
60.0817
80.2365
72.6192
72.5473
72.6125
72.1971
80.7808
80.4717
72.6061
72.7364
60.2363
72.6947
72.3926
80.5242
72.6462
80.6963
72.7813
72.7276
72.5067
72.6962
92.9777
72.4109
72.3878
80.8519
80.6983
72.5487
60.399
72.6932
72.7243
72.6479
72.3186
72.4402
80.5727
80.591
80.6101
60.3518
80.9203
72.765
72.7296
80.5006
72.3594
72.6462
72.6313
80.4422
80.8364
72.3839
80.7487
72.2462
80.2862
80.4051
93.1663
80.4336
80.6017
72.3639
72.573
72.5561
72.4742
80.8712
80.5206
80.7092
72.5029
72.4653
92.7092
72.5574
72.8076
72.3166
48.3269
60.704
80.427
72.664
80.466
80.2869
60.5956
73.0436
80.7486
80.39
72.6069
72.5308
84.3959
80.6088
72.7556
72.7121
72.6348
80.6681
80.786
72.4522
60.5571
72.5915
60.3505
80.7578
80.6736
80.5584
72.6423
72.3467
72.7651
72.5123
48.3088
60.3869
72.3947
72.6832
72.3481
60.5335
80.554
72.2711
80.338
72.6061
60.4275
72.7725
80.4618
80.3801
60.7404
60.4404
72.3588
80.8487
80.6752
80.602
72.3817
60.3079
80.5762
60.4558
72.314
72.5609
80.2279
72.7384
72.4243
72.8329
60.3266
80.963
60.2419
72.336
72.2667
72.4284
72.54
80.7971
80.658
72.6487
72.4772
72.6741
72.6779
72.9244
80.6434
80.3493
72.7386
80.6427
72.4626
80.6003
72.2698
60.2827
72.3274
80.5376
80.399
80.6787
72.6758
72.5061
72.7071
80.7505
80.73
80.571
72.4654
60.523
72.9127
60.4092
72.9553
72.7137
60.464
72.4916
80.7047
84.8571
80.4732
60.3359
72.494
80.7615
72.3887
72.5041
72.3412
72.5109
72.6644
92.6737
80.3472
72.6936
80.8048
72.4569
60.3434
72.4859
60.2779
80.416
80.5627
80.4316
72.4062
72.6153
80.5123
80.7306
80.6323
72.7237
72.6803
80.9607
72.4932
72.4382
72.4392
72.6632
80.4463
72.5565
80.4576
80.3723
72.5006
72.5536
80.8308
72.6205
72.3742
80.7379
72.368
80.5852
72.7378
72.3775
80.6893
60.5571
80.6111
80.5167
80.7579
80.6006
72.5539
80.463
72.7745
72.3321
72.3803
80.5244
80.5741
60.3267
72.672
72.6877
72.2999
80.7973
72.4286
72.8261
72.7527
60.4146
72.3148
72.8914
72.795
80.6824
80.6147
72.7058
80.7637
72.763
72.7747
48.4231
80.2277
80.9435
72.5807
72.7343
72.3036
72.6439
72.6827
80.5327
72.4949
72.4822
72.4282
80.4923
60.4835
80.6544
60.3915
80.6105
80.2929
60.5485
80.6568
72.4395
80.9165
72.6059
72.2998
72.745
72.7326
72.2085
72.4663
80.6036
80.1827
60.5423
84.6195
72.7258
80.5583
80.4184
80.8251
80.4386
60.4117
48.3118
60.5063
72.8752
80.4425
72.6254
60.3339
72.5678
80.2643
72.9114
80.9327
72.8059
72.6654
60.7172
72.8724
80.6523
72.3365
80.9317
72.5009
80.6374
72.4017
80.5457
72.7708
72.4655
72.6236
72.201
72.5776
80.6909
72.4846
72.6877
80.8492
72.5661
72.3568
72.4341
80.5371
72.5706
72.4087
72.6744
72.6217
72.267
60.3988
80.6986
80.6237
72.826
72.5811
80.8889
80.7164
80.7545
72.4095
72.5616
80.8497
60.6843
72.6792
72.612
72.707
80.5946
72.8563
72.471
60.6713
81.1662
60.4304
84.5765
80.8673
72.3233
72.4243
72.0639
84.8604
80.9678
80.5537
80.9878
72.6415
80.3829
80.5019
72.4905
80.5783
60.3539
72.4884
72.4605
84.8587
72.5649
80.7178
80.3369
80.7602
80.6005
72.5602
72.6827
60.3424
72.5284
60.504
72.9989
80.457
72.5339
72.5325
80.6312
80.7626
72.5888
72.5752
72.4269
80.422
80.4087
48.2328
60.4324
72.897
72.863
72.642
72.4636
72.4557
72.7232
80.6788
80.505
72.6607
72.5886
80.1823
60.4658
72.5532
60.433
72.481
80.8555
84.5473
72.3693
80.1542
72.457
60.2181
72.217
72.6983
72.3911
60.3918
60.0327
80.5462
80.7585
80.7988
80.9657
72.6514
72.3925
72.7427
80.2458
60.1729
80.4422
80.7697
80.4375
80.387
80.5127
72.5066
72.5564
72.8338
72.5325
60.4797
72.2297
72.3384
80.7694
72.545
73.0701
80.4628
80.7677
80.4558
60.5294
80.6215
80.2927
72.5549
72.3942
84.612
80.4314
60.2122
80.5647
80.8573
72.6633
80.3696
72.5404
72.4777
80.5253
80.84
72.5179
72.5029
72.4981
72.4038
48.2511
80.4818
72.7087
72.4562
72.6276
80.7019
80.7315
80.6579
72.6696
72.4641
72.3738
72.6394
80.5386
80.4877
80.8338
72.6429
72.2892
80.5266
72.5459
72.4722
72.7011
72.4952
80.4613
92.5351
72.505
72.5539
72.4668
80.4978
80.6468
72.7312
80.2968
80.416
80.7907
72.5174
72.5831
80.4484
80.6907
72.0624
80.5886
80.3528
72.2671
72.6008
60.4077
80.4184
72.3453
72.4795
72.2099
72.4957
80.6314
80.4375
72.4155
80.87
60.4493
72.6466
60.2538
48.5013
60.6243
72.3458
80.7075
72.4766
72.8255
72.7737
60.4757
72.3832
72.4285
72.3646
80.6078
80.127
48.2218
72.538
72.4401
72.8038
72.7535
72.4546
72.8771
72.5231
80.7333
80.6988
72.6892
72.5027
72.3857
80.6612
60.4041
73.1164
72.6083
80.2353
72.1959
80.616
80.798
80.7993
72.7171
72.1808
72.5144
72.5956
80.7923
72.4645
72.7289
80.3654
60.6476
72.3456
80.5839
72.5939
60.3419
72.6619
72.4986
80.2668
80.5162
72.3983
80.7296
80.7207
60.4253
72.5924
60.404
80.4983
72.7149
80.7484
80.8187
84.8015
72.4369
60.4138
72.3616
80.6885
72.4491
80.7562
72.726
72.7499
80.6396
72.8199
72.5538
80.604
80.724
80.7191
72.2549
60.2241
80.9141
80.4941
72.4914
80.3268
80.665
72.6646
60.3939
60.6078
80.3363
72.4527
72.4095
80.7937
60.4205
60.6039
72.5239
72.7695
72.4247
84.4191
80.3855
60.3888
60.5418
72.406
80.5198
60.3918
72.2944
60.2655
72.6357
72.6593
80.7155
72.5187
60.58
72.4398
80.5274
72.8284
72.5726
72.1118
60.5113
81.0356
80.5541
72.6075
72.8352
60.4021
81.012
72.5912
72.4193
60.4985
72.4476
72.4962
72.5144
72.6982
72.4388
80.3935
80.8034
72.4014
72.8456
80.5191
72.6531
80.598
60.4486
84.8133
80.8826
72.4903
72.8437
80.7089
72.466
72.7958
72.7244
72.5882
72.6382
72.5721
60.3465
72.5312
80.7996
72.5676
60.5462
80.6836
72.6798
60.4749
72.5266
72.6379
80.6742
80.8596
72.4233
80.9035
92.8727
80.4747
80.8136
48.4902
72.4441
80.7445
60.4113
60.438
80.5411
80.6061
80.6224
72.6743
72.6972
72.648
72.467
72.294
72.96
72.645
80.8389
72.3047
80.7107
80.8459
81.0912
80.7751
80.4605
72.2715
72.9447
60.5896
72.5056
60.461
72.8292
72.7561
80.8818
60.8065
72.8755
80.425
60.8402
80.702
72.6895
72.477
72.3931
80.831
72.3993
72.5629
80.4907
72.7404
72.7639
72.5238
80.686
60.4011
80.349
80.2742
80.7903
72.7059
80.6893
72.5043
80.4615
80.6558
72.7972
81.1152
72.5364
84.2582
80.3374
72.8058
80.5086
72.6473
80.6163
80.8466
84.2995
72.2126
72.8853
72.3745
72.4341
72.8228
72.5678
72.6772
72.1615
60.3616
72.5562
92.7587
80.762
72.4623
72.5557
72.4394
80.8089
60.3616
80.3238
72.5503
72.5474
72.7531
72.584
72.6145
72.2683
60.697
72.4465
72.5116
72.5262
80.4617
72.4505
60.5909
72.5765
60.6513
72.2466
80.8374
80.2548
80.3297
72.8031
72.327
72.4176
80.6547
80.6645
72.6235
72.4046
72.4354
72.2375
80.3566
80.9709
80.2224
72.7332
72.6658
72.632
72.634
72.827
48.4519
60.3087
72.691
80.5629
72.3022
60.6422
72.1472
80.62
80.6723
80.4433
60.3644
60.4231
72.6075
80.391
72.6933
80.3462
72.5578
80.5686
72.3949
72.7725
80.5105
60.31
72.3282
80.6089
72.7581
80.5961
80.5281
80.7775
72.6638
81.1175
72.5555
80.5092
80.5066
80.8188
72.2312
72.6451
72.6619
80.831
80.5495
80.792
72.5474
72.7572
80.6148
80.1696
80.5677
72.4318
80.9433
72.5518
72.4701
72.755
84.6057
40.2933
72.9623
72.4794
80.4275
80.6195
60.3788
72.4697
72.8511
80.4734
80.5011
84.9734
60.5057
72.5542
72.6967
80.7859
72.3519
72.761
72.2542
72.6857
72.1177
72.3585
72.6527
72.8216
72.2929
80.637
80.773
72.6668
80.5979
80.8524
72.7351
60.4128
60.3428
80.6495
80.7076
80.6078
80.4744
72.6207
72.3565
72.5342
72.4714
72.5938
80.5912
81.0738
80.6061
72.669
60.5461
72.9383
72.5778
80.6022
80.1812
80.6779
72.6104
80.5484
80.8279
60.6241
72.4183
80.3559
60.5148
60.5716
72.6527
72.482
80.9943
80.4275
72.7619
80.3087
72.6913
80.4581
72.861
72.4912
72.927
72.6672
72.5268
80.8261
80.7896
72.0834
80.5643
72.309
80.7233
80.4627
72.5367
72.4851
72.6549
80.8661
72.8233
80.5333
72.5629
60.3291
80.6489
72.4742
72.6649
72.3018
60.2826
72.5618
80.3235
72.6299
80.4245
80.8238
80.1816
72.6178
80.7729
72.5031
72.3303
72.6145
72.3853
72.4976
72.7042
72.7234
80.4711
80.5437
80.5154
60.5347
80.7132
72.7204
72.4215
72.5178
80.5481
80.6802
72.7147
72.5553
72.3496
72.5956
80.6776
72.5144
80.6732
80.369
72.7053
72.7472
60.2575
80.7647
60.3413
80.5112
60.6037
73.0863
80.7352
80.454
60.5558
80.284
80.8512
72.7289
80.7256
72.5297
80.5703
72.6365
60.2837
72.5914
80.6713
80.4085
80.6469
80.4824
80.5254
60.6605
72.6871
80.5522
60.4946
72.4618
72.4999
80.8333
72.6943
72.3362
80.2253
80.3539
72.4108
80.7503
80.4124
80.7607
72.4023
60.5716
80.3312
72.3831
72.3177
72.5792
80.4768
72.2266
60.6199
81.088
72.3811
80.365
72.4111
72.5897
72.8054
72.6889
80.2731
72.685
72.5345
80.8277
72.4445
72.501
80.9806
72.6275
72.7806
72.6313
72.5422
80.7746
72.592
60.5959
80.6039
80.5584
72.7467
72.7101
80.7487
72.2832
72.2151
80.6941
72.7895
80.6532
72.4785
72.7768
72.3095
60.6108
60.2136
72.7526
60.2585
72.8241
72.7139
72.6288
72.5802
80.3074
72.4122
72.8328
72.2408
60.405
60.4721
72.2819
72.5671
72.1982
72.331
80.603
80.4254
72.3814
72.3853
72.8296
60.5069
80.9595
72.4617
72.803
60.6117
72.3513
80.5557
72.3372
80.3277
80.5848
72.5389
72.5654
72.4647
72.5011
72.7337
72.4478
80.5888
60.4922
72.6398
80.3618
72.8541
72.6312
84.3485
80.6721
60.4375
72.4778
72.6698
80.811
80.5073
60.3395
72.5256
72.3936
80.1943
80.4821
81.1154
72.3268
72.637
60.2424
80.3484
72.2405
72.7606
60.6795
72.318
72.3104
60.3529
72.5503
80.6559
72.4921
80.8212
72.617
72.7616
80.7697
72.4112
72.4859
60.2648
48.5874
72.5635
72.5193
72.5627
80.3924
72.2503
72.7149
72.4037
80.679
80.5072
80.4705
72.6426
60.5758
72.8023
72.7486
72.4876
80.3161
72.4907
80.9769
72.1764
72.4246
72.6996
60.3827
80.4943
80.4025
72.7311
80.686
72.4328
72.5052
72.7846
72.6529
80.54
72.811
80.3746
80.8079
72.9068
72.5934
72.6951
80.9672
72.4683
72.4098
72.7138
72.6467
72.7686
60.5352
60.4124
72.3864
60.5282
72.3118
72.558
72.6636
92.4025
80.6285
80.3937
72.5124
72.9076
72.7465
72.5773
72.635
80.6137
80.5419
72.5613
80.3016
72.5008
80.6005
80.5247
72.5845
72.2908
72.3421
80.5272
72.5168
72.6606
72.4342
72.43
60.6169
92.3823
80.9524
80.4945
72.7211
80.4222
72.6014
80.7045
80.593
80.5057
72.48
80.291
80.6965
80.3791
80.6828
72.5347
72.8105
72.2421
80.7676
72.2687
60.4304
72.376
60.1522
80.6587
72.6222
72.8993
72.5182
60.8078
80.3636
80.6263
80.1504
72.5673
60.1018
80.5269
60.2394
80.364
80.252
72.398
72.6722
72.4603
80.5672
72.7612
80.6463
72.6885
80.3866
80.7746
72.3038
92.811
72.5693
80.6506
72.5495
72.3563
72.4828
80.6492
72.4392
80.5851
72.5561
72.6269
72.4457
60.2803
48.2794
72.3983
72.5291
81.0249
72.3705
80.679
72.6255
80.7791
72.5772
80.4636
72.8248
48.2539
72.4742
80.8245
80.4487
72.794
80.1994
80.8613
48.0839
80.6479
60.5834
80.8707
72.9157
80.6336
80.6845
72.6781
72.4932
72.8741
72.5134
80.6412
72.7347
72.6207
80.6014
72.9393
72.5436
60.1111
72.683
72.73
72.7005
80.6564
72.636
72.7847
72.2334
72.8274
72.5296
72.1619
72.7199
60.356
80.9338
72.5833
72.615
72.7637
72.8201
72.2677
72.3355
80.54
72.6857
84.3626
80.7271
72.4951
72.1925
80.847
72.6196
72.5662
72.2746
72.42
72.6436
80.6071
80.6248
72.6907
80.7074
80.6338
80.5375
72.3223
80.3274
72.6093
72.5665
60.4524
80.7088
72.574
72.4794
80.5365
72.6286
72.2089
80.3594
80.5004
80.8429
60.2992
73.0466
72.6395
80.6853
60.5398
72.6512
48.555
60.4521
48.3379
72.4108
72.455
60.2142
72.4099
80.7471
72.5845
72.6167
84.5991
72.4868
80.7304
80.8459
72.829
80.8429
72.5882
80.3499
80.4945
72.6069
72.7145
81.0327
60.6414
72.3941
80.4666
80.7043
80.8772
72.6252
80.7918
80.3225
72.7145
72.7523
60.6361
80.1846
60.5316
80.3062
92.9081
60.5084
72.7522
80.7236
72.3756
72.5724
72.7671
72.8483
72.1757
80.8101
60.365
80.9406
72.2769
60.398
80.422
72.4497
80.7366
80.4106
80.7537
60.3903
84.676
80.6451
72.2901
80.7538
80.6059
92.7753
72.5668
60.5334
72.394
72.6636
72.5791
80.7863
80.8512
72.5833
72.5834
80.7099
72.3751
84.6554
72.4288
80.5388
72.4074
60.4204
72.6177
80.5058
80.85
92.7487
72.423
72.186
60.4105
72.3442
80.6747
60.2613
80.3085
80.5113
80.7445
72.6925
72.6816
81.0348
72.3865
81.0593
80.6682
72.5005
80.6682
72.6066
72.6762
80.5651
80.6541
80.6061
80.4016
72.7452
80.3924
80.4505
72.325
72.5448
72.7611
60.4428
80.495
80.7243
72.6811
80.5274
92.7983
72.8146
72.7227
80.7708
48.165
60.4593
80.2112
72.6458
80.6763
72.572
80.5536
60.3246
72.4396
48.4492
72.8443
80.6679
72.5616
72.4246
72.2666
80.5991
80.4447
72.5867
80.4745
72.6197
80.3974
92.5787
72.7692
72.6162
72.2285
80.9542
80.3974
72.271
72.4781
72.5873
80.5836
80.5087
80.4457
72.5508
80.4387
80.7744
80.2896
80.8086
80.5741
60.1221
92.6106
72.3453
60.2605
80.8966
72.8379
72.7156
72.8044
72.3988
80.4494
72.4918
60.5278
72.8421
80.7626
80.4254
72.2878
60.258
72.4638
80.9726
60.2919
72.5968
80.6166
72.5339
72.8996
72.511
72.4577
72.2548
72.9117
72.7027
80.9051
80.4883
72.5189
80.3896
72.609
60.5045
80.4058
80.3663
72.3307
80.575
80.2868
80.6326
60.4888
72.506
80.3805
60.5855
80.6314
80.3507
72.7639
72.3884
80.8416
80.4414
80.4212
60.4513
80.6276
72.6874
72.2716
72.5464
80.2606
72.5484
80.8675
72.6023
60.3233
72.3649
80.3626
80.6958
80.5088
81.0035
72.0769
72.1197
72.4132
72.2105
72.4261
80.394
80.3079
72.7767
72.9159
80.8231
80.4068
80.4966
72.5666
80.7066
60.3669
60.4471
80.2752
72.5281
60.4695
80.6038
93.077
60.4807
60.5369
92.3727
72.5958
60.6167
72.3394
72.5332
72.5639
60.4568
60.3033
80.9166
72.6192
72.591
80.5618
80.7432
72.7233
80.6501
72.5929
72.2207
80.6996
72.5649
60.3722
72.3464
80.6159
80.9182
72.6818
60.3269
72.6141
80.744
72.6909
80.6407
80.3886
72.5149
80.9656
60.475
72.9493
72.6524
72.3716
72.9748
80.7388
84.6232
80.6084
72.571
72.2122
72.6131
72.2627
72.6885
80.8728
80.6813
60.4511
80.5726
60.4557
72.6255
81.1025
72.4979
72.4657
80.8365
84.5055
72.4883
80.874
72.7091
72.5537
72.713
80.7308
80.6517
72.4489
60.5212
72.1949
72.4666
48.1949
72.5628
80.8262
80.7584
60.2728
72.4681
80.7599
80.6675
60.3061
72.4794
72.5507
72.6336
60.1493
80.7815
72.4679
72.3945
80.8297
72.248
72.7313
72.5375
80.5408
80.9338
48.2967
72.1534
80.3763
72.2184
72.3538
72.5402
80.9324
60.4842
72.208
72.5931
72.576
80.6859
60.3971
80.5388
72.6757
60.31
80.3562
72.4699
80.1652
80.4794
80.7925
72.5867
72.7803
80.6653
72.6461
72.5664
60.5904
72.2626
60.5863
60.6227
80.889
80.4045
72.3098
72.1146
80.4796
72.6505
60.524
72.2823
80.5887
72.7122
80.3834
72.2557
48.2594
48.541
80.7526
80.7379
72.3309
60.3443
72.5234
60.5243
80.5738
80.6131
60.5102
72.6044
72.6827
72.3367
80.6074
72.6499
80.4896
81.0857
80.7051
81.1913
80.4643
72.285
80.6927
80.8563
72.6893
80.647
60.5763
80.4218
72.3797
84.9343
72.8075
72.4235
80.3811
72.6069
60.4812
72.6457
80.7252
72.7792
72.7356
80.8411
80.3447
72.5867
72.8064
72.4217
60.6511
80.5696
72.2193
80.641
80.5344
72.5604
60.469
72.6084
72.637
72.7157
80.9326
72.3657
72.471
72.7358
72.5093
81.1651
60.4071
80.4806
72.4386
60.8383
72.5065
60.3025
60.4435
48.1772
72.2379
72.4463
72.5497
72.6852
48.4232
72.6314
48.4024
48.4676
80.9356
72.4544
72.5082
85.0131
72.6965
80.3255
72.5074
72.5656
80.5256
72.4605
72.2497
60.4011
72.6777
80.5745
72.4853
80.692
72.5279
72.6156
60.2426
72.6946
80.7293
80.6576
60.2557
80.6155
72.449
80.4275
72.0209
80.5287
72.4718
72.5858
72.4863
72.2187
72.7371
72.4352
80.6135
80.5726
80.7938
80.5028
60.5485
80.7065
80.619
72.6979
80.422
80.434
60.2487
72.5599
72.4828
60.5441
81.213
48.2764
72.8198
80.2279
72.2644
72.4816
80.8195
72.6202
72.7592
80.7912
72.8899
80.7179
72.5279
80.4615
80.9527
80.6759
60.6274
80.7839
60.4312
80.4755
60.4234
72.5681
80.7084
80.5787
80.7204
72.4584
72.628
60.4649
72.711
92.5062
72.393
60.575
60.3652
80.7985
72.6282
72.5671
80.2059
92.7562
72.588
72.7674
60.3487
72.594
72.5004
72.7154
80.4439
80.1194
72.4564
72.8047
72.4356
80.9259
60.4676
72.8492
72.5554
60.6034
72.6155
72.3898
72.7557
72.4552
60.3178
80.3899
72.5336
72.6358
60.6082
80.3601
80.6507
72.6599
72.4107
72.4518
72.7783
60.3994
60.688
60.4736
80.5753
80.5631
72.6262
92.9519
80.6936
80.5678
72.5589
72.5345
80.6062
72.3863
60.4928
80.6234
72.8794
72.3371
72.503
72.4608
72.5315
80.3865
72.4229
80.4263
72.702
80.5362
80.5522
72.9205
80.8598
60.5279
72.6736
80.3722
60.3698
72.7393
80.2833
80.3178
80.5307
80.4795
72.4283
80.5282
80.6538
72.5608
72.6895
48.3224
60.285
72.656
80.2656
80.8475
72.6656
72.468
72.8473
80.5372
80.4727
80.6057
72.7568
80.3678
72.5079
72.7673
72.4704
72.4947
80.5563
80.7884
80.4729
60.6223
72.3331
72.6248
80.3292
80.696
60.5387
72.6392
80.5287
80.8161
60.4647
72.6968
72.8254
80.7244
72.3504
72.468
72.5945
72.4521
80.397
72.7517
72.1213
60.5817
80.3154
72.5698
80.6789
72.5204
60.7272
72.4494
72.6931
84.6702
80.2702
80.7246
80.946
72.8469
60.3184
72.7579
72.2639
80.5295
60.3019
72.8916
72.8366
72.6883
80.8897
72.183
72.7559
80.854
80.6206
72.205
60.43
80.5386
48.3432
80.6408
72.8912
80.7308
72.7488
72.478
80.5756
80.5526
72.3924
72.6523
80.7516
80.9098
72.9571
80.6037
80.5564
72.8719
72.5164
60.6356
72.7073
80.6713
60.309
72.9299
72.826
80.8128
60.6142
72.5514
72.8264
80.7273
60.4253
72.2651
72.5055
72.7581
72.3627
80.3339
60.5327
72.535
80.3921
60.2515
72.7082
72.5043
80.8196
92.9137
72.3
80.6227
48.294
60.4128
72.8221
80.6868
80.7227
80.8147
72.6324
72.3828
80.5769
72.5469
72.6282
60.6552
72.6174
60.4729
80.7923
80.5074
72.1701
72.4556
80.495
72.4871
72.6039
72.6591
80.6861
72.5956
72.65
72.6933
80.3867
72.8029
72.4107
60.603
72.6421
72.8471
72.6891
80.8784
60.441
72.857
81.001
80.7145
72.8724
72.3295
80.4704
72.4579
72.6398
60.2874
72.3458
80.5728
72.8294
80.6068
80.6375
80.4967
72.6327
80.7308
72.5242
80.6445
60.4216
72.2887
80.3798
72.5938
72.6079
80.3825
80.554
72.6901
80.2451
72.2527
80.4082
72.349
72.4438
72.7834
72.5371
80.6
72.4195
72.674
80.8952
81.1191
72.3712
80.424
60.3552
72.7886
72.7626
72.5955
80.7407
72.0632
72.4157
80.2655
72.4947
60.3477
80.8942
80.9475
80.3286
60.5349
80.877
72.6656
80.7765
80.4858
72.5478
80.4548
72.2776
72.5874
72.3787
72.5974
72.7092
80.5624
72.6452
72.712
72.3511
60.1356
80.6255
80.5032
72.5385
60.2345
80.7226
80.8007
72.6019
80.1571
72.5292
72.7682
80.7912
60.4428
72.5169
72.337
80.4365
72.4681
80.5667
72.3615
80.6843
72.6518
72.6036
80.7791
80.4541
72.7345
80.9071
80.6199
72.4131
72.3191
60.3071
72.7534
80.1617
72.6396
72.393
72.5827
72.4139
72.4686
80.7409
80.61
72.3394
72.7274
92.6638
92.4834
80.7377
72.4112
80.4273
72.5953
60.4369
72.6841
80.548
80.7417
92.5492
80.6844
80.4989
60.2537
72.526
80.6448
72.1643
60.6469
72.5072
72.3031
80.9308
72.5241
80.5655
80.5433
80.8526
80.5134
84.7658
60.313
80.5291
72.8134
80.3622
80.2417
72.608
72.4142
72.6873
72.5487
80.4691
72.7032
60.3959
72.6098
72.5011
84.8051
72.667
80.6172
72.3141
72.641
72.72
80.3239
80.8447
72.4554
60.2751
72.2659
72.5686
72.7054
72.4064
80.8275
80.9259
80.6562
92.747
72.701
72.5941
84.8885
72.9328
80.9313
60.4959
80.6448
80.7698
80.3758
80.5051
72.7907
80.8241
81.1212
80.7743
72.2859
80.745
60.5005
80.7638
72.3104
80.5439
80.5079
72.4527
72.9574
80.5953
72.4222
72.4974
72.6088
80.2485
72.5601
72.6431
80.3168
80.4843
72.5682
80.6517
72.7133
60.5164
80.573
72.7662
72.6105
80.5489
72.5851
72.5062
72.4192
60.5578
84.4578
60.4654
72.3802
84.8927
72.4755
72.4666
72.2178
80.2681
80.4838
60.6823
72.5221
72.6252
80.5006
60.4026
72.2633
72.289
72.9505
80.604
80.5105
72.7214
72.2243
72.6692
72.6458
72.3724
72.7215
80.5638
72.7724
72.9656
80.4396
80.4916
72.6133
72.4393
72.4993
72.7557
72.7419
80.4891
72.4325
80.6547
72.3687
80.5639
60.3723
60.7016
72.5427
80.6005
72.5017
80.8017
72.7655
60.2559
72.4991
48.6216
60.4805
80.5215
72.3822
80.684
80.3993
60.3459
80.6854
72.4674
80.7421
80.4695
80.6593
60.3478
72.3985
60.3287
72.8493
60.1976
60.066
80.4124
72.499
72.3907
92.2465
60.1545
92.5889
80.6297
80.6931
80.698
60.488
80.5784
81.0192
72.5134
80.7274
80.6937
80.6065
80.8862
72.2614
80.5069
80.7794
80.3028
72.6552
80.8525
60.3362
80.3853
72.6593
72.8401
80.3388
72.5525
72.4457
72.3998
72.5137
80.8101
80.9276
60.2532
80.7763
92.4481
72.4185
60.7369
80.3225
72.4681
72.6642
72.7333
80.9306
72.3368
60.3042
60.5212
72.4861
72.5967
72.3932
72.7739
72.1782
72.5257
60.4238
80.7599
72.3388
80.4413
72.6539
80.3691
72.6416
72.4044
72.6372
80.4083
80.4296
72.5457
72.3527
80.6869
72.3984
72.424
72.4253
72.5497
80.6302
72.8483
72.4726
80.4456
72.4212
80.5381
72.6232
80.2695
72.6346
72.4447
92.4612
72.3823
84.5315
80.9839
72.4281
80.5419
72.6978
72.5381
80.4914
72.2696
72.5182
60.2282
80.6192
80.8263
80.5916
72.7273
72.7909
72.6775
72.5236
60.0996
72.372
80.5611
72.6315
72.6376
80.7782
72.5822
80.8484
72.6002
60.5883
72.5143
80.5846
72.4084
72.6023
72.4754
72.5382
72.2906
80.6324
80.9142
80.3352
72.3013
72.631
72.6168
80.571
80.5171
92.8837
72.5148
80.8
80.4273
84.4695
72.8997
72.6101
72.733
72.7969
80.757
72.4673
60.4771
72.8183
80.3507
80.7731
60.718
72.2178
80.4082
80.7858
72.7166
80.6587
80.492
80.559
80.5606
80.6652
80.5213
80.8629
60.3012
60.584
72.9468
72.678
80.5804
72.4893
80.3743
60.2578
72.607
72.4279
72.5588
60.4345
80.8699
72.8624
72.3537
72.5586
72.261
72.9463
72.3906
80.4181
60.2955
72.807
80.7475
72.3193
72.4407
72.5997
72.7543
72.4468
72.8301
72.6555
80.6342
72.5044
92.3415
72.6068
73.0149
80.5601
80.5415
60.551
72.5194
80.8276
80.7194
72.6479
60.5585
72.2927
72.764
72.5687
80.5793
72.6233
60.4585
72.2866
60.3118
84.6985
80.603
72.9373
80.4701
72.334
80.5695
72.4817
60.4276
80.4526
80.551
60.3942
60.299
80.707
80.3545
80.5476
80.5975
80.594
80.7668
80.0701
92.9135
72.6486
72.4068
80.5132
80.576
72.4726
80.3781
72.181
72.589
72.8173
80.8669
80.6376
80.8583
72.5969
80.5948
80.5666
72.5389
72.6931
72.4633
80.2492
80.8037
72.6303
72.6697
72.7069
80.6427
48.4601
80.6168
60.2035
72.588
72.4184
72.7501
72.6967
80.761
80.5389
80.5659
72.4775
72.6557
72.4872
80.5722
72.5969
72.5134
72.3345
80.3629
80.52
72.3501
48.501
72.4844
80.74
72.5639
80.8924
81.0282
92.6142
80.5265
80.5905
72.5417
48.3146
80.7057
72.2127
81.2554
80.5866
72.7513
60.5953
72.8362
80.5147
72.7652
72.3425
72.4902
72.6982
80.5742
80.6363
72.5244
72.5163
80.5524
72.2084
80.2827
72.5355
72.6684
60.4838
72.7542
72.3081
72.859
72.5528
72.4825
80.569
80.7743
80.7591
80.5698
80.8171
72.3222
72.7942
60.3845
80.9082
48.3425
80.9489
72.1088
80.7562
72.7425
72.7878
72.529
72.453
72.4804
84.5696
84.7661
72.6572
60.3009
72.7629
80.581
80.4438
72.4004
72.5468
72.5536
60.5311
72.6553
60.6642
80.4659
80.1385
60.4415
72.7898
72.8195
80.4089
80.8287
80.6743
80.5302
80.5948
72.4431
72.7416
60.3889
80.874
80.761
80.5519
80.6873
72.432
72.8295
72.4805
72.5815
80.5356
72.8295
80.3972
72.3166
72.469
72.3944
80.5863
80.9179
72.8544
80.2767
72.5456
60.2634
72.6008
72.8811
80.555
72.7017
80.3435
80.4503
80.6511
72.5151
72.4123
72.7237
72.5756
60.3953
72.5946
92.6935
72.5936
72.4838
80.9613
72.4766
72.398
80.4401
72.1672
48.1932
72.5244
80.7781
80.3696
72.5338
80.6478
48.318
60.3704
80.6907
80.5342
72.7515
72.8836
72.5565
72.5053
60.4538
72.4906
72.7712
72.6281
60.3443
72.6635
81.039
72.7202
72.771
72.531
80.5914
60.6083
80.5291
72.6056
60.3007
80.6661
72.6388
48.3738
72.4332
80.8367
72.6426
72.5906
72.4772
80.7898
80.7734
80.9736
80.4548
60.2043
72.6064
80.9014
60.4014
80.7323
72.4802
72.2938
84.9656
72.7777
72.6133
60.5001
60.3011
72.6054
80.6002
72.3618
80.7681
72.4451
72.7354
80.6158
80.6548
72.8016
72.7447
72.6428
72.5143
80.7756
80.5981
72.6859
60.3525
72.9095
72.8959
72.4954
72.3774
72.2961
80.38
72.4521
80.6533
72.7454
72.6118
72.5291
72.3811
80.5854
72.4469
72.1059
80.9265
60.6933
80.8286
81.1842
80.6549
80.3316
80.4556
80.6076
72.7497
80.7789
80.4553
80.497
72.3444
72.7371
92.7706
72.5069
80.402
72.4553
72.818
80.8498
60.4235
80.9408
72.3968
80.5109
72.7153
72.5759
80.5009
84.5841
72.7662
80.9455
72.5877
72.3492
80.3783
72.4836
72.5674
60.6899
81.0671
60.3875
72.2786
72.3598
60.3648
80.7236
80.5694
80.9845
72.3417
80.6293
80.4209
72.139
72.4987
60.4288
80.8751
80.8768
80.3934
60.4312
60.2795
60.4318
80.422
60.2082
72.5312
72.4181
48.5609
80.5312
72.6982
80.6954
80.6874
60.3512
72.6546
72.6504
72.2678
60.116
80.5141
72.5949
60.7212
72.9225
72.4057
60.3046
72.4131
72.5763
72.8854
80.8074
72.5879
60.117
72.411
72.5055
72.3735
81.0532
80.9096
72.6423
72.5376
84.7848
72.3622
72.5613
72.3903
73.0839
60.2024
80.3772
72.6967
80.8154
80.436
72.7996
72.3601
72.5819
92.3835
72.75
80.6451
80.6728
72.5138
72.799
72.3168
72.7095
80.5926
72.4261
80.9851
72.5698
72.6187
80.6043
72.4258
72.2212
72.2941
80.5439
72.8026
60.8582
80.762
60.5173
60.6442
80.5655
80.6789
60.5943
72.5677
80.5926
72.659
80.7433
72.6831
80.4958
72.4523
72.8483
60.3096
72.5424
60.4194
72.4292
60.6037
80.3507
80.7558
80.6321
60.4804
60.3672
80.9184
72.3392
80.5061
60.3368
72.8076
72.4528
72.533
72.716
72.2688
60.3172
72.5115
72.3727
80.879
72.4526
80.4821
80.5183
72.4859
60.4854
80.2168
72.6601
72.1504
72.4357
72.4268
80.407
80.583
80.8359
72.6899
80.5269
72.447
72.9139
72.5476
72.4782
81.0494
80.5301
80.5706
80.4739
72.4595
80.7977
72.6207
84.7881
72.621
80.8207
80.4271
92.8192
60.5108
80.3342
72.689
60.2963
72.954
72.5644
80.4348
80.6025
80.4464
72.2947
80.68
60.1673
80.4299
60.2429
80.7136
72.3328
72.7694
60.5101
80.6712
72.4136
60.4319
60.2939
72.6556
60.2981
72.7037
80.6514
80.959
80.4298
72.4844
80.6792
72.698
80.6046
72.648
72.5284
72.6733
80.7278
60.3259
80.6347
80.4536
72.4586
72.3469
72.7427
72.6179
72.481
80.6337
72.8077
72.5489
72.3432
80.7721
72.3136
72.3593
48.38
80.9818
60.301
72.5361
72.1858
80.2093
60.4545
60.4189
80.7118
80.9146
72.8019
72.715
60.6247
72.7469
80.6891
72.3727
72.485
80.4111
80.5899
72.6029
80.7568
72.3868
60.195
60.4938
72.475
72.6464
60.4874
80.199
80.3105
72.5908
84.7516
80.6748
72.4019
60.3425
72.7423
72.9282
80.5911
80.6501
72.9137
72.2596
80.7743
80.2993
72.3299
60.4473
72.4332
72.1415
80.5729
72.8583
60.2483
72.4033
80.3663
80.7762
81.1881
80.7729
80.3804
80.398
80.4328
72.534
80.6721
80.9408
80.1804
72.7481
80.6351
72.5539
72.7707
60.4945
80.6678
72.4837
81.0849
80.396
80.5309
80.4442
80.7474
80.6184
60.4014
80.5429
80.7736
72.5912
72.7555
72.7408
93.054
60.5668
72.4793
80.4709
60.5689
72.7636
72.3356
80.3273
80.6876
72.7207
80.493
60.5175
60.4708
72.4636
72.3843
80.4233
72.6628
80.4918
72.5356
72.5928
60.4909
72.4931
72.6148
72.4
80.5804
60.3186
80.435
72.7062
80.4951
80.6575
60.4729
72.6286
72.4632
80.4289
80.5989
72.2672
72.5305
72.6898
80.5485
80.3266
72.447
80.4174
80.5493
80.6034
60.5402
72.3054
80.4697
72.4715
72.3322
72.8389
72.7586
80.6087
72.3834
80.1551
80.549
80.3812
48.2416
80.4845
80.4643
80.2885
72.4747
72.5879
72.5133
72.3419
60.5353
72.5998
72.6103
72.7694
72.4889
72.4701
72.8363
72.3102
72.9878
80.6957
72.419
80.5566
80.484
80.4723
72.7696
72.6179
80.5495
72.0494
72.2567
60.3914
80.8102
72.7665
80.9014
80.854
72.4822
72.3894
80.892
80.9083
80.6206
72.4277
72.7597
72.5432
80.482
72.6781
72.5315
80.2994
60.3182
60.4683
84.3775
80.7837
80.7098
80.7584
72.3764
60.3407
72.407
60.3603
72.6395
72.3443
72.5808
72.7089
72.5152
80.4636
72.7434
80.6756
72.4119
80.9856
80.7903
60.5428
60.399
72.1682
80.8896
80.7714
80.6867
80.6105
48.3358
80.8031
80.2548
72.4468
80.812
72.55
81.0975
72.7264
92.5725
72.7136
72.7216
72.8032
72.7632
72.4125
72.7871
60.2389
60.4045
72.5461
80.5428
72.31
72.5604
72.4135
80.5173
80.8142
72.3663
60.5353
72.316
80.5863
72.1389
72.5694
80.4305
72.1312
80.5444
80.5759
80.662
72.7637
72.3837
80.5738
72.5848
80.6432
72.2956
72.5097
80.3639
72.8129
72.4356
72.5414
80.7766
80.582
72.3749
80.3972
80.6456
60.2074
80.4897
72.6979
80.4641
60.4792
80.3599
72.4767
80.9596
80.6003
48.3778
72.2819
72.6377
80.559
72.6506
80.8205
72.2894
72.5156
80.4116
72.6225
80.3961
72.2122
80.5685
72.6541
80.6785
72.8709
72.319
80.3263
80.8151
72.4347
84.67
72.8328
80.7071
80.7196
72.8281
60.4478
80.3897
80.488
80.8921
80.6053
80.7078
72.8131
72.742
80.8152
72.4311
48.3441
80.7885
73.0623
72.4878
60.2953
80.8221
72.6277
80.7759
72.8497
60.4007
60.5988
60.5183
72.6096
80.5099
72.4189
72.5407
80.5918
80.704
72.5009
80.9001
72.5034
80.1887
72.7034
72.5802
72.6312
84.4931
72.5036
72.2366
72.5002
72.9756
80.4513
72.4024
80.4418
80.8318
72.4248
80.575
81.0583
72.6149
72.7728
80.3079
80.3102
80.4503
80.2665
80.7279
72.3408
80.5767
60.5162
80.7949
72.6305
72.5193
72.8413
72.5932
72.3802
80.5571
72.4487
72.757
72.3214
72.8255
80.695
72.6796
80.8325
72.3648
72.4039
80.3599
60.3179
72.67
84.507
72.5758
72.6265
60.4109
72.3405
60.3641
72.7458
81.1365
80.8573
80.762
60.3718
72.5542
72.593
80.4385
80.345
72.5223
81.1506
72.7504
72.6945
72.6398
60.5829
80.3463
80.66
72.4789
60.65
72.2076
72.484
72.6054
80.9376
72.5173
72.7773
72.5923
72.442
80.7931
80.4613
80.8773
72.5531
80.803
72.5688
72.4911
60.3107
72.7919
72.4523
80.5546
80.8458
60.503
72.3942
80.4016
80.7778
60.5563
80.5796
80.1841
80.5142
72.5799
72.8681
80.5108
72.6573
80.9433
72.8489
72.6228
80.6924
60.1985
72.7717
80.8147
80.64
72.4499
80.3992
80.5361
80.8477
80.503
72.3384
60.6841
60.635
72.6007
80.5475
72.5907
60.3773
72.9928
72.5197
60.4738
80.3795
80.6581
72.6806
72.652
72.4068
72.2804
80.7792
72.3967
72.4795
80.575
72.4254
72.3448
80.6117
72.3951
72.7579
80.8072
80.5025
84.4249
80.2528
72.4869
72.6198
72.2265
80.9159
80.7054
80.5694
72.5864
80.7687
72.3643
80.4714
72.5889
72.1386
60.4345
72.393
80.4313
80.3848
60.3437
60.4436
72.4299
72.3769
80.5761
72.3486
80.6776
80.602
80.6147
60.5557
80.2585
72.7817
60.3279
60.6097
72.658
80.5446
72.5807
60.315
72.4731
80.835
72.5724
80.7626
72.7533
72.7792
72.8476
80.5144
80.4526
80.628
80.5455
72.8102
72.7757
60.5761
80.6207
80.8538
72.3853
72.4106
72.569
72.7954
72.8996
80.5544
60.5523
80.7019
72.4964
72.4953
72.4956
92.7441
72.4856
80.5873
72.5161
72.6224
60.623
72.6892
72.189
92.8194
72.5529
80.4647
72.7272
84.2154
80.7
80.3641
72.7886
72.0769
80.6778
81.0325
72.2507
72.811
84.7705
72.5725
72.4208
72.656
60.6271
72.4578
72.6562
60.3562
72.9023
60.2549
80.5047
80.5061
72.7437
80.7118
72.6633
60.3224
80.3922
72.2917
72.5479
72.584
72.4498
60.4724
72.7016
72.8039
72.5102
60.4193
60.6177
72.5292
80.2494
60.7477
72.589
72.7416
72.5103
80.5698
80.644
72.595
73.0651
72.4846
72.7392
72.3455
72.8509
72.4249
60.3465
72.6723
72.794
60.4278
80.9542
60.6595
72.5169
72.5453
80.5718
72.5669
80.7388
80.8116
72.7245
72.6034
73.0053
80.7757
80.742
92.6329
80.6652
72.2728
80.4585
84.6544
72.262
80.5886
60.5551
72.4091
80.7861
60.1563
60.5048
72.6101
80.5807
80.3734
80.3142
72.4501
80.7226
72.2024
72.5068
72.4995
72.6282
60.4934
72.2578
72.1836
72.4115
80.588
72.5258
80.8455
72.4704
80.0294
80.3883
80.7466
60.2973
60.7852
72.5266
72.511
80.5518
72.44
72.5048
85.0428
80.9951
60.4386
80.5368
80.6812
72.5987
72.4998
80.7258
72.6367
72.5488
72.6624
80.882
60.8088
72.4636
60.7659
80.1922
72.4872
72.7143
80.4181
72.5673
92.4301
80.9332
60.4882
80.6601
72.3214
80.6822
72.5715
80.9874
72.5668
80.8923
80.6779
72.4683
80.5414
60.6367
80.3837
80.3423
80.7087
72.5453
60.6095
72.543
73.0088
72.4314
72.4925
72.6504
80.5538
72.3649
72.6975
72.8004
80.4751
72.1239
80.9803
80.5764
72.7134
72.752
80.8658
80.8287
72.6455
72.6247
72.4945
80.7024
72.7068
80.2648
72.4993
80.4713
72.7903
80.7516
60.6245
72.7178
72.4253
80.4285
60.2523
72.458
80.5123
92.2921
80.5444
80.6511
72.4841
72.8257
72.6433
72.3451
80.2855
72.7536
60.3525
60.546
72.6463
60.3823
72.546
72.4266
60.6357
80.342
72.5054
80.5728
72.463
72.7836
72.3781
80.6639
80.9574
72.4351
60.4021
72.6305
80.476
72.6221
72.6025
80.573
72.4569
72.3004
80.6561
60.1921
72.6717
72.5117
80.5409
72.532
72.8154
60.3144
80.7333
60.4123
81.0453
72.456
60.4349
80.6005
80.5882
60.2927
72.7374
72.8383
72.6901
80.5232
80.5473
60.461
80.777
80.267
80.2016
72.5085
72.7248
72.7178
80.6631
72.4254
80.5814
72.1675
60.3659
72.3823
72.5465
72.4054
72.5041
72.8091
60.5862
60.7127
72.3498
72.4577
72.1573
72.587
80.3231
80.524
84.7481
60.5368
72.6084
72.3466
72.708
72.2608
72.4581
72.5677
72.4954
72.9221
72.3044
72.2811
72.6277
48.1356
72.7488
72.4427
72.3653
80.8154
80.4749
80.4546
80.9015
72.7792
80.7675
80.4976
80.7606
72.6379
80.9094
72.401
72.5565
80.4599
72.381
80.8234
80.4768
80.9172
80.709
80.5345
72.5763
72.701
80.3398
72.6113
80.6859
80.792
72.3966
60.5285
80.6194
60.4811
80.8249
81.0502
72.5539
48.3286
72.5891
80.1981
80.4254
72.0304
72.9791
80.8768
80.4957
72.3299
80.9939
60.3361
80.2045
72.4804
80.7577
72.7033
72.2694
60.3137
72.7918
80.6906
72.6034
80.5152
72.7115
80.4157
60.438
72.3514
72.3102
60.5819
80.6693
80.4551
72.3541
60.6674
72.5584
72.8944
80.6041
72.7406
72.6602
80.6763
72.5489
72.8178
80.7344
80.6428
80.6778
72.5541
60.5148
80.6573
72.8502
72.6725
80.649
80.7957
73.0943
72.3596
72.8227
72.6493
72.5028
72.5942
81.1401
72.5854
80.3698
72.5447
80.742
84.6245
72.6159
80.422
72.4451
80.5016
60.4787
60.5926
72.545
72.3632
80.4606
80.5709
80.4821
80.7537
72.569
72.3923
72.6377
72.6015
80.5871
72.6299
72.3211
80.6935
80.2055
72.7614
80.7443
80.6408
80.7757
80.5974
80.5349
80.4627
72.697
72.5711
72.2649
80.8051
60.387
80.6408
72.4012
72.6641
72.4618
80.7558
80.3475
60.7649
72.4473
72.4591
72.5152
72.5221
72.5146
72.574
60.2563
81.0384
72.3783
80.4341
72.8338
72.5609
80.4918
72.5994
72.6477
72.5091
80.7166
72.8631
80.3624
60.3326
60.502
72.4346
80.4972
60.5894
60.5177
72.5472
80.5685
80.7118
60.4188
80.64
72.4203
80.7547
80.5259
72.6346
72.5408
60.1858
80.4454
72.5342
72.3731
80.6064
80.5473
72.75
72.3684
72.7467
80.5531
60.6803
72.2556
80.7668
72.7
80.8281
72.6512
80.613
60.1688
80.7219
60.505
80.5609
80.4747
72.6716
72.3421
81.067
60.4836
72.36
80.4402
72.4568
48.4823
81.1379
72.4933
72.4369
80.6689
60.6251
72.2587
72.6363
72.594
80.3133
72.3611
60.6759
72.4939
72.405
80.8379
72.8246
72.7776
72.4753
80.9119
72.7918
72.6151
80.5493
72.3185
72.6034
72.8191
72.6225
80.4646
72.5497
72.4067
80.8486
80.615
72.7491
72.365
72.4376
60.6152
72.5598
60.5715
73.0245
80.6262
72.2108
81.0356
72.7861
60.3541
80.1381
80.6917
72.6184
72.4351
80.6429
72.7003
72.9073
72.8241
80.2957
80.6796
60.4959
60.5389
80.5207
80.8035
72.6437
80.4771
72.6062
80.6873
72.5572
80.2945
72.5084
72.6823
60.4267
60.5371
72.7251
72.5331
72.3911
72.7764
80.4491
72.5746
80.9265
72.8172
80.7553
60.3625
72.6314
60.5545
72.8207
72.5516
72.6168
72.857
72.4326
72.593
80.5518
72.4883
60.7997
72.6915
72.659
60.297
72.8435
84.4936
60.6221
60.2562
72.5724
72.4569
60.7369
72.7232
72.4499
80.715
72.323
80.7481
72.9097
80.7656
80.7291
72.8632
72.5982
80.9647
72.6347
72.3851
80.7565
80.5806
72.333
80.9471
72.4359
80.5366
80.83
48.2367
72.7278
80.8081
72.3753
60.4187
60.3837
72.4267
80.5322
72.6086
48.4375
80.1914
80.8912
72.4527
72.5
72.412
80.6893
60.3714
60.4706
72.6222
80.5676
