59.4729
59.497
59.4973
59.4978
59.5012
59.5099
59.5372
59.5401
71.4657
59.5759
59.577
59.5977
59.6131
59.6203
59.625
59.6563
59.6907
59.6932
59.6999
59.7399
59.7517
59.7627
59.7788
59.7983
59.803
59.8221
59.8354
59.8458
59.8469
59.849
59.8532
59.8848
59.8896
59.8967
59.8986
59.9099
59.9119
59.9161
59.9188
59.9302
59.9548
59.9689
59.9866
59.9876
59.992
59.992
59.996
60.0324
60.0516
60.0568
60.0599
60.0674
60.0887
60.0903
60.097
60.1013
60.1231
60.1311
60.1332
60.1385
60.1515
60.1582
60.164
60.1805
60.1804
60.1975
60.2077
60.2095
60.24
60.2442
60.2548
60.2673
60.2682
60.2724
60.2831
60.2857
60.2894
60.2922
60.2984
60.3014
60.3017
60.3022
60.3114
60.3116
60.3191
60.3286
60.3454
60.3489
72.4274
60.3606
60.3645
72.4483
60.3811
60.3856
60.3875
60.4285
60.4373
60.4589
60.4659
60.4727
60.4742
60.4758
60.4761
60.48
60.4898
60.4973
60.4998
72.607
60.5134
60.521
60.5282
60.5291
60.53
60.5332
60.5332
60.5351
72.6522
60.5532
60.5546
60.5598
60.5627
60.5646
60.5658
60.6008
60.6137
60.6206
60.6304
60.637
60.6565
60.659
60.662
60.6699
60.6704
60.6825
60.701
60.7014
60.7064
60.7251
60.7306
60.7367
60.7372
60.7403
60.7534
60.7608
60.765
60.7686
60.7714
60.7776
60.7821
60.7861
60.7983
60.8116
60.8452
60.8792
60.8792
60.8815
60.8932
60.899
73.081
60.9061
60.9164
60.921
60.9274
60.9277
60.9338
60.9382
60.9382
60.9416
60.942
60.9512
60.9553
60.9653
60.966
60.9748
60.9852
60.9888
61.0198
61.034
61.0361
61.0696
61.078
61.0811
61.0821
61.1125
61.114
61.1481
61.1591
61.1702
61.2421
61.2436
61.2453
61.2512
61.2606
61.2646
61.2808
61.3021
61.3284
61.3893
61.396
61.4395
61.4737
61.4753
61.4829
61.4878
61.5021
61.5166
61.5218
61.5251
61.5748
61.5811
58.2186
58.2427
58.243
58.2435
58.2469
58.2556
58.283
58.2859
69.9606
58.3216
58.3227
58.3434
58.3589
58.3661
58.3708
58.4021
58.4364
58.439
58.4457
58.4857
58.4974
58.5085
58.5245
58.5302
58.544
58.5488
58.5543
58.5547
58.5551
58.5585
58.5672
58.5678
58.5812
58.5915
58.5922
58.5927
58.5946
58.5947
58.5975
58.5989
70.3346
70.339
58.6163
58.6166
58.6171
58.6205
58.6292
58.6306
58.6332
58.6344
58.6354
70.368
70.3683
70.3689
58.6424
70.373
58.6443
70.3834
58.655
58.6556
58.6565
58.6576
58.6594
58.6618
58.6619
58.6646
58.6705
70.4089
58.676
58.6777
70.4162
58.6824
70.4197
58.6859
58.6862
58.6866
58.6901
70.4327
58.6952
58.6963
82.1769
58.6987
58.7006
58.7137
58.7147
58.717
70.4616
70.462
70.4626
70.4625
70.464
70.4666
58.7261
58.729
70.477
58.7324
58.7324
58.7334
58.7377
58.7377
58.7396
70.4888
58.7418
70.4924
58.7443
58.7443
58.748
58.7506
70.5073
58.7573
70.5099
70.5133
70.516
58.7647
58.7659
70.5216
58.7684
58.7687
58.7692
58.7726
58.7756
82.2861
58.7782
58.7813
58.7866
70.548
70.5562
58.7973
58.7974
70.5576
70.5592
58.802
58.8025
58.8056
58.8086
58.8091
58.8092
58.81
58.8115
58.8125
58.8132
58.8139
70.5769
70.5773
70.5778
70.5819
70.5824
58.8192
58.8201
70.5914
70.5923
70.6004
70.601
58.8345
58.8361
58.8361
70.6034
70.6096
58.8428
70.6115
58.8452
70.6152
58.847
58.8473
58.8484
70.6252
58.8556
70.6287
58.8592
58.8604
47.0916
58.8689
58.8691
58.871
82.4206
58.8768
70.6528
58.8789
58.8794
58.8796
58.882
58.8821
70.6595
58.8842
58.8846
47.1109
58.8888
47.1111
47.1115
58.8918
47.1142
58.8928
70.6715
70.6729
70.6736
58.8964
58.8973
58.8981
47.1212
58.9031
58.9039
58.9043
70.6868
58.9063
58.9098
58.9105
70.694
70.6971
70.6977
58.9176
70.7051
70.7061
58.9223
58.9262
58.9263
58.9277
47.143
58.9288
70.7163
47.1454
70.7249
58.9406
70.7295
58.9414
70.7305
58.9422
58.9433
70.7352
58.9464
58.947
58.9516
58.9534
58.954
58.9547
58.9552
58.9559
70.7531
58.9621
58.9646
70.7581
58.9651
58.9662
58.9672
47.174
58.9677
58.9683
47.1749
58.9692
58.9713
58.9725
70.7673
70.7681
58.9735
58.9762
70.7741
70.7805
58.9857
58.9872
58.9876
70.7865
47.1914
70.7879
58.99
58.9919
70.7904
70.7954
70.7997
59.0006
59.0041
47.2038
70.8093
59.0089
70.8124
59.011
59.0113
47.2095
59.0122
59.013
59.014
59.016
47.2133
70.8204
59.0179
59.0181
70.8231
59.0231
70.8288
59.0243
59.0263
70.8334
59.0289
59.0292
59.0312
59.0315
70.8391
59.0341
59.0347
59.0352
59.0354
59.0358
59.0379
59.0379
59.0381
70.8476
70.8499
59.042
70.8517
59.044
59.0442
59.045
59.0471
59.0474
47.2383
59.0479
59.0493
59.0493
59.0495
59.0502
70.8634
59.0534
70.8658
70.8677
70.8684
59.0572
59.0573
70.8709
70.8742
59.0648
70.8801
70.8815
70.8826
59.0697
70.884
70.8879
59.0737
59.0741
70.889
59.0743
59.0744
59.0785
70.8958
47.2658
47.2678
59.0856
59.0875
59.0882
59.0898
59.0911
47.2732
59.0935
59.0947
70.9151
70.9174
59.0987
59.1007
70.9223
59.105
70.927
59.1059
59.1063
59.1068
59.1069
59.1077
59.109
59.1103
70.9328
59.1113
59.1113
70.9343
59.1141
59.1153
70.9384
59.1172
59.1172
70.9412
59.1183
59.1191
70.9432
70.9435
70.9441
59.1204
59.1246
59.1248
59.1269
70.9555
70.9567
70.957
59.1313
47.3052
70.9594
59.1332
70.9619
70.962
70.9645
70.9668
70.967
70.9678
47.3146
59.1437
59.1461
59.1477
70.9792
70.9815
59.1517
70.983
47.3234
59.1544
59.1563
59.1578
59.1586
59.161
70.9955
70.9968
70.9993
59.1664
59.1681
59.17
71.0043
47.3363
59.1709
71.0081
71.0085
59.1742
71.009
71.0105
59.1755
71.011
59.1761
59.1765
71.0131
59.1792
59.1805
59.1808
59.1809
59.1813
59.183
59.1833
59.1849
71.0236
59.1867
59.1875
59.1884
47.3519
71.0279
59.1903
59.1905
59.1905
59.1908
59.1912
47.3557
71.0335
59.1947
59.1958
71.0397
59.2016
71.0423
71.0434
59.2033
59.2047
71.0481
71.0491
59.208
71.0504
59.2089
59.2089
59.2096
71.0525
59.2116
71.0556
71.0555
47.3709
71.0564
71.0565
59.2155
71.0588
59.2163
71.0599
71.0604
59.2184
59.22
59.2206
59.2213
59.2214
59.2216
59.2218
59.2258
59.2262
47.3816
71.0723
71.0747
59.2307
82.9237
71.078
59.2331
71.0798
71.08
59.2334
59.2336
59.2338
59.2355
71.0831
59.2372
47.3899
59.2378
59.2379
47.3908
71.088
59.2403
59.2405
47.3925
59.2424
59.2431
71.0931
47.3958
59.2455
59.2457
59.2459
71.0968
71.0979
59.2487
59.2504
71.1019
71.1027
59.2525
71.1041
71.1041
71.1056
59.2549
59.2563
59.2578
59.258
59.2591
59.2592
59.2634
59.2634
59.265
71.1193
59.2667
59.2668
59.2674
59.2693
59.2705
59.2708
71.1263
71.1272
71.1274
59.2733
59.2739
71.1289
71.1289
59.2749
59.2757
71.1314
59.2762
47.4211
59.2775
59.2776
71.1333
71.1346
59.2789
59.279
71.1349
59.2792
71.1355
59.2808
71.137
47.425
71.1377
71.1396
59.2833
59.2859
71.1432
47.4306
71.1461
71.1471
71.1475
59.2901
47.4321
71.149
59.2912
71.15
71.1534
71.1561
71.1563
71.1567
59.2973
71.1572
59.299
59.2995
59.2997
59.2998
59.3003
71.1613
71.1614
47.4412
71.1618
59.3016
47.4428
71.1645
59.3039
71.1657
59.3056
59.3066
71.1684
47.4462
59.3085
71.1709
71.1709
71.1717
71.1718
59.3103
47.4483
71.1736
59.3116
59.3119
59.312
59.3122
59.3131
71.1758
59.3138
59.3168
71.1817
59.3185
71.1828
59.32
47.4575
71.1863
59.322
71.1867
59.3231
71.1881
71.1882
59.3237
59.324
59.3244
59.3246
59.3256
59.327
59.3273
59.3278
59.3282
59.3288
59.3297
59.3313
71.1978
71.1993
59.3337
59.3365
83.0712
71.2046
59.3388
71.2081
59.3404
71.2086
59.3405
59.3431
71.2129
47.4771
59.3465
59.3468
59.3471
59.3492
59.3495
71.2194
59.3498
71.2208
71.2225
71.223
59.3529
71.225
83.0966
71.2267
59.3558
71.2271
71.2276
59.3564
71.2292
59.3587
71.2306
59.359
59.3593
59.3594
71.2313
59.3595
71.2317
59.3601
47.4884
59.3611
59.3617
59.3635
59.3639
59.3663
59.3668
71.2406
71.2422
59.3685
71.2425
59.3688
59.3689
59.3693
59.3694
71.2436
71.247
59.3727
71.2486
59.3741
71.251
59.3761
59.3764
71.2516
71.2523
71.2523
47.5026
47.5034
71.255
71.2554
71.2577
59.3827
71.2595
47.5068
47.5068
59.3842
71.2614
71.262
59.3859
59.3864
59.3866
59.3867
71.2647
59.3875
47.5101
59.3917
59.3924
59.3934
59.3945
71.2739
71.275
59.3966
71.2772
71.2774
59.3984
71.2785
71.2817
71.2818
71.2826
59.4022
59.4024
59.4025
59.4025
59.4027
59.4037
59.4046
59.4047
59.405
71.287
59.4063
71.2882
71.2889
59.4078
59.4087
59.4099
71.2923
71.2934
59.4115
71.2957
83.1788
71.2962
71.297
71.2984
59.4156
59.4161
71.2996
59.4177
59.4179
71.302
71.3022
71.3039
71.3043
59.4207
59.421
59.4215
59.4219
59.4229
47.5392
59.4243
71.31
71.3113
59.4267
71.3138
59.4283
