1	2	3	4	6	7	8	10	12	13	14	17	19	20	21	
1	2	3	4	6	7	8	9	10	12	13	14	17	20	21	
1	2	3	6	7	8	9	10	11	12	13	14	20	21	24	
1	2	3	5	6	7	8	9	10	11	13	14	17	19	20	
1	2	3	5	6	7	8	9	10	13	14	19	20	21	24	
1	2	3	6	7	8	9	10	11	13	14	17	19	20	24	
1	2	3	6	7	8	9	10	11	13	14	17	20	21	24	
1	2	3	5	6	7	8	9	10	11	12	13	14	17	20	
1	2	3	4	5	6	7	8	9	10	11	13	14	19	20	
1	2	3	6	7	8	9	10	11	12	13	14	17	19	20	
1	2	3	5	6	7	8	10	11	12	13	14	17	19	20	
1	2	3	5	6	7	8	10	11	12	13	14	17	20	21	
1	2	3	6	7	8	9	10	11	12	13	14	19	20	21	
1	2	3	4	6	7	8	10	11	13	14	19	20	21	24	
1	2	3	5	6	7	8	9	10	13	14	17	20	21	24	
1	2	3	6	7	8	9	10	11	12	13	14	17	20	24	
1	2	3	5	6	7	8	9	10	12	13	14	19	20	21	
1	2	3	6	7	8	10	11	12	13	14	17	19	20	21	
1	2	3	4	5	6	7	8	10	11	13	14	17	20	21	
1	2	3	4	6	7	8	9	10	12	13	14	17	19	21	
1	2	3	4	6	7	8	9	10	12	13	14	17	20	24	
1	2	3	4	5	6	7	8	10	11	13	14	17	20	24	
1	2	3	5	6	7	8	10	12	13	14	17	20	21	24	
1	2	3	5	6	7	8	9	10	11	13	14	19	20	24	
1	2	3	5	6	7	8	10	11	12	13	14	17	19	21	
1	2	3	4	6	7	8	9	10	11	13	14	19	20	21	
1	2	3	5	6	7	8	9	10	11	13	14	20	21	24	
1	2	3	6	7	8	9	10	12	13	14	17	19	20	21	
1	2	3	6	7	8	10	11	12	13	14	19	20	21	24	
1	2	3	4	5	6	7	8	10	11	13	14	19	20	24	
1	2	3	4	6	7	8	9	10	12	13	14	17	19	24	
1	2	3	4	6	7	8	9	10	11	12	13	14	17	20	
1	2	3	5	6	7	8	9	10	12	13	14	17	20	21	
1	2	3	4	6	7	8	9	10	11	13	14	19	21	24	
1	2	3	4	5	6	7	8	9	10	11	13	14	20	24	
1	2	3	5	6	7	8	10	12	13	14	19	20	21	24	
1	2	3	5	6	7	8	9	10	11	13	14	17	20	24	
1	2	3	6	7	8	9	10	11	13	14	19	20	21	24	
1	2	3	5	6	7	8	9	10	11	13	14	19	20	21	
1	2	3	6	7	8	9	10	11	12	13	14	19	20	24	
1	2	3	4	5	6	7	8	9	10	13	14	17	19	24	
1	2	3	4	6	7	8	9	10	13	14	19	20	21	24	
1	2	3	6	7	8	10	11	12	13	14	17	20	21	24	
1	2	3	4	6	7	8	10	11	12	13	14	17	19	24	
1	2	3	4	5	6	7	8	10	11	13	14	20	21	24	
1	2	3	4	6	7	8	10	11	12	13	14	17	20	21	
1	2	3	6	7	8	10	11	13	14	17	19	20	21	24	
1	2	3	4	5	6	7	8	10	12	13	14	17	20	24	
1	2	3	5	6	7	8	9	10	11	12	13	14	19	24	
1	2	3	4	6	7	8	10	11	12	13	14	20	21	24	
1	2	3	4	6	7	8	10	11	12	13	14	17	20	24	
1	2	3	4	5	6	7	8	10	13	14	17	19	20	21	
1	2	3	4	6	7	8	10	12	13	14	17	19	21	24	
1	2	3	6	7	8	10	12	13	14	17	19	20	21	24	
1	2	3	5	6	7	8	10	11	13	14	17	19	21	24	
1	2	3	4	5	6	7	8	9	10	11	12	13	14	19	
1	2	3	4	5	6	7	8	10	11	13	14	17	19	24	
1	2	3	4	5	6	7	8	10	13	14	19	20	21	24	
1	2	3	4	6	7	8	9	10	11	13	14	19	20	24	
1	2	3	4	5	6	7	8	10	12	13	14	17	20	21	
1	2	3	4	5	6	7	8	10	11	12	13	14	20	21	
1	2	3	4	5	6	7	8	9	10	13	14	17	20	21	
1	2	3	5	6	7	8	10	11	12	13	14	17	19	24	
1	2	3	4	5	6	7	8	9	10	11	13	14	19	21	
1	2	3	5	6	7	8	9	10	12	13	14	17	19	21	
1	2	3	4	6	7	8	9	10	11	13	14	17	19	20	
1	2	3	4	5	6	7	8	10	11	12	13	14	21	24	
1	2	3	6	7	8	10	11	12	13	14	17	19	20	24	
1	2	3	6	7	8	9	10	11	13	14	17	19	21	24	
1	2	3	4	6	7	8	9	10	13	14	17	19	20	21	
1	2	3	5	6	7	8	10	11	12	13	14	20	21	24	
1	2	3	4	5	6	7	8	10	12	13	14	19	20	21	
1	2	3	6	7	8	9	10	12	13	14	17	19	21	24	
1	2	3	4	5	6	7	8	10	11	12	13	14	19	20	
1	2	3	4	6	7	8	9	10	11	12	13	14	17	24	
1	2	3	4	6	7	8	10	11	12	13	14	17	19	20	
1	2	3	5	6	7	8	10	13	14	17	19	20	21	24	
1	2	3	4	6	7	8	10	11	12	13	14	19	20	24	
1	2	3	4	5	6	7	8	10	11	13	14	19	20	21	
1	2	3	6	7	8	9	10	11	12	13	14	17	20	21	
1	2	3	4	5	6	7	8	9	10	13	14	19	20	24	
1	2	3	6	7	8	9	10	11	13	14	17	19	20	21	
1	2	3	4	5	6	7	8	10	12	13	14	20	21	24	
1	2	3	4	6	7	8	9	10	12	13	14	17	19	20	
1	2	3	5	6	7	8	10	11	12	13	14	17	20	24	
1	2	3	4	5	6	7	8	9	10	13	14	17	19	21	
1	2	3	4	5	6	7	8	10	12	13	14	17	19	20	
1	2	3	6	7	8	9	10	11	12	13	14	17	19	24	
1	2	3	4	5	6	7	8	9	10	11	13	14	21	24	
1	2	3	4	5	6	7	8	10	11	12	13	14	17	20	
1	2	3	4	5	6	7	8	10	13	14	17	20	21	24	
1	2	3	4	5	6	7	8	9	10	12	13	14	17	21	
1	2	3	4	6	7	8	9	10	11	12	13	14	21	24	
1	2	3	4	6	7	8	9	10	11	12	13	14	19	20	
1	2	3	4	5	6	7	8	10	12	13	14	17	19	21	
1	2	3	4	6	7	8	9	10	12	13	14	19	20	21	
1	2	3	4	5	6	7	8	10	11	12	13	14	17	21	
1	2	3	4	6	7	8	10	11	12	13	14	19	21	24	
1	2	3	5	6	7	8	9	10	11	12	13	14	20	24	
1	2	3	4	6	7	8	10	12	13	14	17	20	21	24	
1	2	3	4	6	7	8	9	10	12	13	14	19	21	24	
1	2	3	4	5	6	7	8	10	11	13	14	17	19	20	
1	2	3	4	6	7	8	9	10	13	14	17	20	21	24	
1	2	3	5	6	7	8	9	10	12	13	14	20	21	24	
1	2	3	5	6	7	8	9	10	13	14	17	19	20	24	
1	2	3	6	7	8	9	10	11	12	13	14	17	19	21	
1	2	3	5	6	7	8	9	10	11	12	13	14	19	21	
1	2	3	4	5	6	7	8	9	10	12	13	14	17	20	
1	2	3	4	5	6	7	8	9	10	12	13	14	20	24	
1	2	3	6	7	8	10	11	12	13	14	17	19	21	24	
1	2	3	5	6	7	8	10	11	13	14	17	20	21	24	
1	2	3	5	6	7	8	10	11	13	14	19	20	21	24	
1	2	3	5	6	7	8	9	10	13	14	17	19	21	24	
1	2	3	4	5	6	7	8	9	10	11	12	13	14	20	
1	2	3	4	5	6	7	8	10	13	14	17	19	20	24	
1	2	3	4	6	7	8	9	10	11	12	13	14	20	21	
1	2	3	4	5	6	7	8	9	10	11	13	14	20	21	
1	2	3	4	5	6	7	8	9	10	13	14	17	19	20	
1	2	3	6	7	8	9	10	13	14	17	19	20	21	24	
1	2	3	4	6	7	8	10	11	13	14	17	19	21	24	
1	2	3	4	5	6	7	8	9	10	13	14	20	21	24	
1	2	3	5	6	7	8	10	11	13	14	17	19	20	24	
1	2	3	4	6	7	8	9	10	13	14	17	19	20	24	
1	2	3	4	5	6	7	8	9	10	13	14	17	21	24	
1	2	3	5	6	7	8	9	10	11	13	14	17	20	21	
1	2	3	4	6	7	8	9	10	11	13	14	17	20	24	
1	2	3	5	6	7	8	9	10	11	12	13	14	20	21	
1	2	3	4	5	6	7	8	10	11	12	13	14	19	21	
1	2	3	4	6	7	8	9	10	12	13	14	20	21	24	
1	2	3	5	6	7	8	10	11	12	13	14	19	21	24	
1	2	3	5	6	7	8	9	10	11	12	13	14	17	21	
1	2	3	4	5	6	7	8	9	10	11	13	14	17	21	
1	2	3	4	5	6	7	8	9	10	13	14	19	20	21	
1	2	3	4	5	6	7	8	10	11	12	13	14	20	24	
1	2	3	5	6	7	8	10	11	13	14	17	19	20	21	
1	2	3	5	6	7	8	9	10	12	13	14	17	19	24	
1	2	3	4	6	7	8	9	10	11	12	13	14	19	21	
1	2	3	4	6	7	8	9	10	11	12	13	14	20	24	
1	2	3	6	7	8	9	10	11	12	13	14	19	21	24	
1	2	3	4	5	6	7	8	10	12	13	14	17	21	24	
1	2	3	4	5	6	7	8	9	10	13	14	17	20	24	
1	2	3	4	5	6	7	8	10	12	13	14	19	21	24	
1	2	3	5	6	7	8	9	10	12	13	14	19	20	24	
1	2	3	5	6	7	8	9	10	11	12	13	14	19	20	
1	2	3	4	6	7	8	10	11	13	14	17	20	21	24	
1	2	3	4	5	6	7	8	10	11	12	13	14	19	24	
1	2	3	4	5	6	7	8	9	10	11	12	13	14	24	
1	2	3	5	6	7	8	9	10	11	13	14	19	21	24	
1	2	3	4	6	7	8	9	10	11	13	14	17	19	24	
1	2	3	4	5	6	7	8	9	10	11	12	13	14	21	
1	2	3	4	5	6	7	8	9	10	12	13	14	17	24	
1	2	3	6	7	8	9	10	11	12	13	14	17	21	24	
1	2	3	4	6	7	8	9	10	11	13	14	17	20	21	
1	2	3	5	6	7	8	10	12	13	14	17	19	21	24	
1	2	3	4	5	6	7	8	10	13	14	17	19	21	24	
1	2	3	4	5	6	7	8	9	10	12	13	14	19	24	
1	2	3	4	5	6	7	8	9	10	12	13	14	19	21	
1	2	3	5	6	7	8	10	11	12	13	14	19	20	21	
1	2	3	4	5	6	7	8	9	10	11	13	14	17	20	
1	2	3	4	5	6	7	8	9	10	11	13	14	19	24	
1	2	3	4	5	6	7	8	9	10	13	14	19	21	24	
1	2	3	4	6	7	8	10	11	12	13	14	17	21	24	
1	2	3	4	5	6	7	8	10	11	12	13	14	17	24	
1	2	3	4	6	7	8	10	11	12	13	14	19	20	21	
1	2	3	4	5	6	7	8	9	10	12	13	14	19	20	
1	2	3	4	6	7	8	9	10	12	13	14	19	20	24	
1	2	3	4	6	7	8	9	10	13	14	17	19	21	24	
1	2	3	5	6	7	8	9	10	12	13	14	19	21	24	
1	2	3	5	6	7	8	9	10	12	13	14	17	19	20	
1	2	3	6	7	8	9	10	12	13	14	17	20	21	24	
1	2	3	5	6	7	8	9	10	11	12	13	14	17	24	
1	2	3	5	6	7	8	10	12	13	14	17	19	20	21	
1	2	3	5	6	7	8	9	10	13	14	17	19	20	21	
1	2	3	4	6	7	8	10	11	12	13	14	17	19	21	
1	2	3	6	7	8	9	10	12	13	14	19	20	21	24	
1	2	3	4	6	7	8	9	10	11	12	13	14	17	21	
1	2	3	4	6	7	8	9	10	11	13	14	20	21	24	
1	2	3	4	5	6	7	8	10	12	13	14	17	19	24	
1	2	3	4	6	7	8	9	10	12	13	14	17	21	24	
1	2	3	4	6	7	8	9	10	11	13	14	17	19	21	
1	2	3	4	5	6	7	8	9	10	12	13	14	20	21	
1	2	3	4	6	7	8	10	12	13	14	17	19	20	24	
1	2	3	5	6	7	8	9	10	11	12	13	14	21	24	
1	2	3	4	6	7	8	9	10	11	12	13	14	17	19	
1	2	3	5	6	7	8	9	10	11	13	14	17	21	24	
1	2	3	6	7	8	9	10	12	13	14	17	19	20	24	
1	2	3	4	5	6	7	8	9	10	12	13	14	21	24	
1	2	3	4	5	6	7	8	9	10	11	13	14	17	24	
1	2	3	4	5	6	7	8	10	12	13	14	19	20	24	
1	2	3	4	6	7	8	10	11	13	14	17	19	20	24	
1	2	3	4	6	7	8	10	12	13	14	19	20	21	24	
1	2	3	4	5	6	7	8	9	10	11	12	13	14	17	
1	2	3	5	6	7	8	10	11	12	13	14	17	21	24	
1	2	3	4	6	7	8	10	11	13	14	17	19	20	21	
1	2	3	4	5	6	7	8	10	11	13	14	17	19	21	
1	2	3	5	6	7	8	9	10	11	13	14	17	19	24	
1	2	3	4	5	6	7	8	9	10	11	13	14	17	19	
1	2	3	4	5	6	7	8	10	11	12	13	14	17	19	
1	2	3	4	5	6	7	8	9	10	12	13	14	17	19	
1	2	3	4	6	7	8	9	10	11	12	13	14	19	24	
1	2	3	5	6	7	8	9	10	12	13	14	17	21	24	
1	2	3	4	5	6	7	8	10	11	13	14	19	21	24	
1	2	3	5	6	7	8	9	10	12	13	14	17	20	24	
1	2	3	4	5	6	7	8	10	11	13	14	17	21	24	
1	2	3	5	6	7	8	10	12	13	14	17	19	20	24	
1	2	3	5	6	7	8	10	11	12	13	14	19	20	24	
1	2	3	5	6	7	8	9	10	11	12	13	14	17	19	
1	2	3	4	6	7	8	10	13	14	17	19	20	21	24	
1	2	3	4	6	7	8	9	10	11	13	14	17	21	24	
1	2	3	5	6	7	8	9	10	11	13	14	17	19	21	
1	2	3	4	6	8	10	12	13	14	17	19	20	21	25	
1	2	3	4	6	8	9	10	12	13	14	17	20	21	25	
1	2	3	6	8	9	10	11	12	13	14	20	21	24	25	
1	2	3	5	6	8	9	10	11	13	14	17	19	20	25	
1	2	3	5	6	8	9	10	13	14	19	20	21	24	25	
1	2	3	6	8	9	10	11	13	14	17	19	20	24	25	
1	2	3	6	8	9	10	11	13	14	17	20	21	24	25	
1	2	3	5	6	8	9	10	11	12	13	14	17	20	25	
1	2	3	4	5	6	8	9	10	11	13	14	19	20	25	
1	2	3	6	8	9	10	11	12	13	14	17	19	20	25	
1	2	3	5	6	8	10	11	12	13	14	17	19	20	25	
1	2	3	5	6	8	10	11	12	13	14	17	20	21	25	
1	2	3	6	8	9	10	11	12	13	14	19	20	21	25	
1	2	3	4	6	8	10	11	13	14	19	20	21	24	25	
1	2	3	5	6	8	9	10	13	14	17	20	21	24	25	
1	2	3	6	8	9	10	11	12	13	14	17	20	24	25	
1	2	3	5	6	8	9	10	12	13	14	19	20	21	25	
1	2	3	6	8	10	11	12	13	14	17	19	20	21	25	
1	2	3	4	5	6	8	10	11	13	14	17	20	21	25	
1	2	3	4	6	8	9	10	12	13	14	17	19	21	25	
1	2	3	4	6	8	9	10	12	13	14	17	20	24	25	
1	2	3	4	5	6	8	10	11	13	14	17	20	24	25	
1	2	3	5	6	8	10	12	13	14	17	20	21	24	25	
1	2	3	4	6	8	10	12	13	14	17	19	20	21	22	
1	2	3	5	6	8	9	10	11	13	14	19	20	24	25	
1	2	3	5	6	8	10	11	12	13	14	17	19	21	25	
1	2	3	4	6	8	9	10	12	13	14	17	20	21	22	
1	2	3	6	8	9	10	11	12	13	14	20	21	22	24	
1	2	3	5	6	8	9	10	11	13	14	17	19	20	22	
1	2	3	5	6	8	9	10	13	14	19	20	21	22	24	
1	2	3	6	8	9	10	11	13	14	17	19	20	22	24	
1	2	3	4	6	8	9	10	11	13	14	19	20	21	25	
1	2	3	5	6	8	9	10	11	13	14	20	21	24	25	
1	2	3	6	8	9	10	12	13	14	17	19	20	21	25	
1	3	4	6	7	8	10	12	13	14	17	18	19	20	21	
1	2	3	6	8	10	11	12	13	14	19	20	21	24	25	
1	2	3	6	8	9	10	11	13	14	17	20	21	22	24	
1	2	3	4	5	6	8	10	11	13	14	19	20	24	25	
1	2	3	5	6	8	9	10	11	12	13	14	17	20	22	
1	2	3	4	6	8	9	10	12	13	14	17	19	24	25	
1	2	3	4	5	6	8	9	10	11	13	14	19	20	22	
1	2	3	4	6	7	8	12	13	14	17	19	20	21	22	
1	3	4	6	7	8	9	10	12	13	14	17	18	20	21	
1	3	6	7	8	9	10	11	12	13	14	18	20	21	24	
1	3	5	6	7	8	9	10	11	13	14	17	18	19	20	
1	3	5	6	7	8	9	10	13	14	18	19	20	21	24	
1	3	6	7	8	9	10	11	13	14	17	18	19	20	24	
1	2	3	4	6	8	9	10	11	12	13	14	17	20	25	
1	2	3	6	8	9	10	11	12	13	14	17	19	20	22	
1	2	3	5	6	8	10	11	12	13	14	17	19	20	22	
1	2	3	5	6	8	9	10	12	13	14	17	20	21	25	
1	2	3	4	6	7	8	9	12	13	14	17	20	21	22	
1	2	3	6	7	8	9	11	12	13	14	20	21	22	24	
1	2	3	5	6	7	8	9	11	13	14	17	19	20	22	
1	2	3	4	6	8	9	10	11	13	14	19	21	24	25	
1	2	3	5	6	7	8	9	13	14	19	20	21	22	24	
1	2	3	4	5	6	8	9	10	11	13	14	20	24	25	
1	2	3	6	7	8	9	11	13	14	17	19	20	22	24	
1	2	3	5	6	8	10	11	12	13	14	17	20	21	22	
1	2	3	5	6	8	10	12	13	14	19	20	21	24	25	
1	3	6	7	8	9	10	11	13	14	17	18	20	21	24	
1	2	3	5	6	8	9	10	11	13	14	17	20	24	25	
1	3	5	6	7	8	9	10	11	12	13	14	17	18	20	
2	3	4	6	7	8	10	12	13	14	17	18	19	20	21	
1	2	3	6	8	9	10	11	13	14	19	20	21	24	25	
1	2	3	5	6	8	9	10	11	13	14	19	20	21	25	
1	2	3	6	8	9	10	11	12	13	14	19	20	21	22	
1	3	4	5	6	7	8	9	10	11	13	14	18	19	20	
1	2	3	6	8	9	10	11	12	13	14	19	20	24	25	
1	2	3	4	6	8	10	11	13	14	19	20	21	22	24	
1	2	3	6	7	8	9	11	13	14	17	20	21	22	24	
1	2	3	5	6	8	9	10	13	14	17	20	21	22	24	
1	2	3	5	6	7	8	9	11	12	13	14	17	20	22	
2	3	4	6	7	8	9	10	12	13	14	17	18	20	21	
2	3	6	7	8	9	10	11	12	13	14	18	20	21	24	
2	3	5	6	7	8	9	10	11	13	14	17	18	19	20	
2	3	5	6	7	8	9	10	13	14	18	19	20	21	24	
1	2	3	4	6	7	8	12	13	14	17	19	20	21	25	
1	3	6	7	8	9	10	11	12	13	14	17	18	19	20	
1	3	5	6	7	8	10	11	12	13	14	17	18	19	20	
1	2	3	4	5	6	7	8	9	11	13	14	19	20	22	
2	3	6	7	8	9	10	11	13	14	17	18	19	20	24	
1	2	3	4	5	6	8	9	10	13	14	17	19	24	25	
1	2	3	6	8	9	10	11	12	13	14	17	20	22	24	
1	2	3	4	6	8	9	10	13	14	19	20	21	24	25	
1	3	5	6	7	8	10	11	12	13	14	17	18	20	21	
1	2	3	4	6	7	8	9	12	13	14	17	20	21	25	
1	2	3	6	7	8	9	11	12	13	14	20	21	24	25	
1	2	3	6	7	8	9	11	12	13	14	17	19	20	22	
1	2	3	5	6	7	8	9	11	13	14	17	19	20	25	
1	2	3	5	6	7	8	11	12	13	14	17	19	20	22	
1	2	3	5	6	7	8	9	13	14	19	20	21	24	25	
2	3	6	7	8	9	10	11	13	14	17	18	20	21	24	
2	3	5	6	7	8	9	10	11	12	13	14	17	18	20	
1	2	3	6	7	8	9	11	13	14	17	19	20	24	25	
1	2	3	6	8	10	11	12	13	14	17	20	21	24	25	
1	3	6	7	8	9	10	11	12	13	14	18	19	20	21	
1	2	3	4	6	8	10	11	12	13	14	17	19	24	25	
1	2	3	4	5	6	8	10	11	13	14	20	21	24	25	
1	2	3	4	6	8	10	11	12	13	14	17	20	21	25	
1	3	4	6	7	8	10	11	13	14	18	19	20	21	24	
1	2	3	5	6	7	8	11	12	13	14	17	20	21	22	
1	2	3	6	8	10	11	13	14	17	19	20	21	24	25	
2	3	4	5	6	7	8	9	10	11	13	14	18	19	20	
1	2	3	4	6	7	8	12	13	14	17	18	19	20	21	
1	3	5	6	7	8	9	10	13	14	17	18	20	21	24	
1	2	3	5	6	8	9	10	12	13	14	19	20	21	22	
1	2	3	6	8	10	11	12	13	14	17	19	20	21	22	
1	2	3	6	7	8	9	11	12	13	14	19	20	21	22	
1	2	3	4	5	6	8	10	11	13	14	17	20	21	22	
1	2	3	6	7	8	9	11	13	14	17	20	21	24	25	
1	2	3	5	6	7	8	9	11	12	13	14	17	20	25	
1	2	3	4	6	7	8	11	13	14	19	20	21	22	24	
2	3	6	7	8	9	10	11	12	13	14	17	18	19	20	
2	3	5	6	7	8	10	11	12	13	14	17	18	19	20	
1	2	3	5	6	7	8	9	13	14	17	20	21	22	24	
1	2	3	4	6	7	8	9	12	13	14	17	18	20	21	
1	2	3	6	7	8	9	11	12	13	14	18	20	21	24	
1	2	3	5	6	7	8	9	11	13	14	17	18	19	20	
1	2	3	5	6	7	8	9	13	14	18	19	20	21	24	
1	3	6	7	8	9	10	11	12	13	14	17	18	20	24	
1	2	3	4	5	6	7	8	9	11	13	14	19	20	25	
1	2	3	4	5	6	8	10	12	13	14	17	20	24	25	
1	2	3	6	7	8	9	11	13	14	17	18	19	20	24	
2	3	5	6	7	8	10	11	12	13	14	17	18	20	21	
2	3	4	6	7	8	10	12	13	14	17	19	20	21	22	
1	2	3	6	7	8	9	11	12	13	14	17	19	20	25	
1	2	3	4	6	8	9	10	12	13	14	17	19	21	22	
1	2	3	5	6	8	9	10	11	12	13	14	19	24	25	
1	2	3	5	6	7	8	11	12	13	14	17	19	20	25	
1	2	3	6	7	8	9	11	12	13	14	17	20	22	24	
2	3	6	7	8	9	10	11	12	13	14	18	19	20	21	
1	2	3	4	6	8	10	11	12	13	14	20	21	24	25	
1	2	3	4	6	8	10	11	12	13	14	17	20	24	25	
1	2	3	6	7	8	9	11	13	14	17	18	20	21	24	
1	2	3	4	6	8	9	10	12	13	14	17	20	22	24	
2	3	4	6	7	8	10	11	13	14	18	19	20	21	24	
1	3	5	6	7	8	9	10	12	13	14	18	19	20	21	
1	2	3	5	6	7	8	9	11	12	13	14	17	18	20	
1	3	6	7	8	10	11	12	13	14	17	18	19	20	21	
1	2	3	4	5	6	8	10	13	14	17	19	20	21	25	
2	3	5	6	7	8	9	10	13	14	17	18	20	21	24	
2	3	4	6	7	8	9	10	12	13	14	17	20	21	22	
2	3	6	7	8	9	10	11	12	13	14	20	21	22	24	
2	3	5	6	7	8	9	10	11	13	14	17	19	20	22	
2	3	5	6	7	8	9	10	13	14	19	20	21	22	24	
1	2	3	5	6	7	8	11	12	13	14	17	20	21	25	
1	3	4	5	6	7	8	10	11	13	14	17	18	20	21	
1	2	3	4	5	6	8	10	11	13	14	17	20	22	24	
1	2	3	4	5	6	7	8	9	11	13	14	18	19	20	
2	3	6	7	8	9	10	11	13	14	17	19	20	22	24	
1	2	3	5	6	7	8	9	12	13	14	19	20	21	22	
1	2	3	6	7	8	9	11	12	13	14	19	20	21	25	
1	2	3	4	6	8	10	12	13	14	17	19	21	24	25	
1	2	3	5	6	8	10	12	13	14	17	20	21	22	24	
1	2	3	6	8	10	12	13	14	17	19	20	21	24	25	
1	2	3	6	7	8	11	12	13	14	17	19	20	21	22	
1	2	3	4	6	7	8	11	13	14	19	20	21	24	25	
1	2	3	5	6	8	10	11	13	14	17	19	21	24	25	
1	2	3	4	5	6	7	8	11	13	14	17	20	21	22	
2	3	6	7	8	9	10	11	12	13	14	17	18	20	24	
1	2	3	5	6	7	8	9	13	14	17	20	21	24	25	
1	2	3	4	5	6	8	9	10	11	12	13	14	19	25	
1	2	3	6	7	8	9	11	12	13	14	17	18	19	20	
1	2	3	5	6	7	8	11	12	13	14	17	18	19	20	
2	3	6	7	8	9	10	11	13	14	17	20	21	22	24	
1	2	3	5	6	8	9	10	11	13	14	19	20	22	24	
2	3	5	6	7	8	9	10	11	12	13	14	17	20	22	
1	3	4	6	7	8	9	10	12	13	14	17	18	19	21	
1	2	3	5	6	8	10	11	12	13	14	17	19	21	22	
1	2	3	4	6	7	8	10	12	13	17	18	19	20	21	
1	2	3	4	5	6	8	10	11	13	14	17	19	24	25	
1	2	3	5	6	7	8	11	12	13	14	17	18	20	21	
1	3	4	6	7	8	9	10	12	13	14	17	18	20	24	
2	3	4	5	6	7	8	9	10	11	13	14	19	20	22	
1	2	3	4	5	6	8	10	13	14	19	20	21	24	25	
1	2	3	6	7	8	9	11	12	13	14	17	20	24	25	
1	2	3	4	6	8	9	10	11	13	14	19	20	24	25	
1	2	3	4	6	8	9	10	11	13	14	19	20	21	22	
2	3	5	6	7	8	9	10	12	13	14	18	19	20	21	
1	3	4	5	6	7	8	10	11	13	14	17	18	20	24	
2	3	6	7	8	10	11	12	13	14	17	18	19	20	21	
1	2	3	4	6	7	8	9	12	13	14	17	19	21	22	
1	2	3	4	5	6	8	10	12	13	14	17	20	21	25	
1	2	3	6	7	8	9	11	12	13	14	18	19	20	21	
1	2	3	4	6	7	8	9	10	12	13	17	18	20	21	
2	3	4	5	6	7	8	10	11	13	14	17	18	20	21	
1	2	3	6	7	8	9	10	11	12	13	18	20	21	24	
1	2	3	5	6	7	8	9	10	11	13	17	18	19	20	
1	2	3	4	6	7	8	11	13	14	18	19	20	21	24	
1	2	3	5	6	7	8	9	10	13	18	19	20	21	24	
1	2	3	5	6	8	9	10	11	13	14	20	21	22	24	
2	3	6	7	8	9	10	11	12	13	14	17	19	20	22	
2	3	5	6	7	8	10	11	12	13	14	17	19	20	22	
1	2	3	4	6	7	8	9	12	13	14	17	20	22	24	
1	2	3	5	6	7	8	9	13	14	17	18	20	21	24	
1	2	3	4	5	6	8	10	11	12	13	14	20	21	25	
1	3	5	6	7	8	10	12	13	14	17	18	20	21	24	
1	2	3	6	7	8	9	10	11	13	17	18	19	20	24	
1	2	3	6	8	9	10	12	13	14	17	19	20	21	22	
1	2	3	4	5	6	8	9	10	13	14	17	20	21	25	
1	2	3	6	8	10	11	12	13	14	19	20	21	22	24	
1	2	3	4	5	6	7	8	11	13	14	17	20	22	24	
1	2	3	4	5	6	8	10	11	13	14	19	20	22	24	
1	2	3	5	6	8	10	11	12	13	14	17	19	24	25	
1	2	3	4	6	8	9	10	12	13	14	17	19	22	24	
1	2	3	5	6	7	8	9	12	13	14	19	20	21	25	
1	2	3	6	7	8	11	12	13	14	17	19	20	21	25	
2	3	5	6	7	8	10	11	12	13	14	17	20	21	22	
1	3	5	6	7	8	9	10	11	13	14	18	19	20	24	
1	2	3	4	5	6	7	8	11	13	14	17	20	21	25	
1	2	3	5	6	7	8	12	13	14	17	20	21	22	24	
1	3	5	6	7	8	10	11	12	13	14	17	18	19	21	
1	2	3	5	6	8	9	10	12	13	14	17	19	21	25	
1	2	3	4	5	6	8	9	10	11	13	14	19	21	25	
1	2	3	6	7	8	9	11	12	13	14	17	18	20	24	
1	2	3	6	7	8	9	10	11	13	17	18	20	21	24	
2	3	4	6	7	8	9	10	12	13	14	17	18	19	21	
2	3	6	7	8	9	10	11	12	13	14	19	20	21	22	
1	2	3	5	6	7	8	9	10	11	12	13	17	18	20	
2	3	4	6	7	8	10	11	13	14	19	20	21	22	24	
2	3	4	6	7	8	9	10	12	13	14	17	18	20	24	
1	2	3	5	6	7	8	9	11	13	14	19	20	22	24	
1	3	4	6	7	8	9	10	11	13	14	18	19	20	21	
2	3	5	6	7	8	9	10	13	14	17	20	21	22	24	
1	2	3	4	6	8	9	10	11	12	13	14	17	20	22	
1	2	3	4	6	8	9	10	11	13	14	17	19	20	25	
1	2	3	5	6	7	8	11	12	13	14	17	19	21	22	
1	2	3	4	5	6	7	8	9	10	11	13	18	19	20	
1	2	3	5	6	8	9	10	12	13	14	17	20	21	22	
2	3	4	5	6	7	8	10	11	13	14	17	18	20	24	
1	2	3	4	5	6	8	10	11	12	13	14	21	24	25	
1	2	3	4	6	8	9	10	11	13	14	19	21	22	24	
1	3	5	6	7	8	9	10	11	13	14	18	20	21	24	
1	2	3	6	8	10	11	12	13	14	17	19	20	24	25	
1	2	3	4	5	6	8	9	10	11	13	14	20	22	24	
1	2	3	4	6	7	8	9	12	13	14	17	19	21	25	
1	2	3	5	6	7	8	9	12	13	14	18	19	20	21	
1	2	3	6	7	8	11	12	13	14	17	18	19	20	21	
1	2	3	4	6	7	8	9	11	13	14	19	20	21	22	
1	3	6	7	8	9	10	12	13	14	17	18	19	20	21	
1	3	6	7	8	10	11	12	13	14	18	19	20	21	24	
1	2	3	5	6	8	10	12	13	14	19	20	21	22	24	
1	2	3	6	7	8	9	10	11	12	13	17	18	19	20	
2	3	5	6	7	8	10	12	13	14	17	18	20	21	24	
1	3	4	5	6	7	8	10	11	13	14	18	19	20	24	
1	2	3	5	6	7	8	10	11	12	13	17	18	19	20	
1	2	3	5	6	8	9	10	11	13	14	17	20	22	24	
1	2	3	4	5	6	7	8	11	13	14	17	18	20	21	
1	3	4	6	7	8	9	10	12	13	14	17	18	19	24	
1	2	3	4	6	7	8	9	12	13	14	17	20	24	25	
2	3	6	7	8	9	10	11	12	13	14	17	20	22	24	
1	2	3	6	8	9	10	11	13	14	19	20	21	22	24	
1	2	3	5	6	8	9	10	11	13	14	19	20	21	22	
1	2	3	5	6	7	8	9	11	13	14	20	21	22	24	
1	2	3	4	5	6	7	8	11	13	14	17	20	24	25	
1	2	3	6	8	9	10	11	13	14	17	19	21	24	25	
2	3	5	6	7	8	9	10	11	13	14	18	19	20	24	
1	2	3	6	8	9	10	11	12	13	14	19	20	22	24	
1	2	3	6	7	8	9	12	13	14	17	19	20	21	22	
1	2	3	5	6	7	8	10	11	12	13	17	18	20	21	
1	2	3	6	7	8	11	12	13	14	19	20	21	22	24	
1	2	3	4	6	8	9	10	13	14	17	19	20	21	25	
2	3	5	6	7	8	10	11	12	13	14	17	18	19	21	
1	2	3	4	5	6	7	8	11	13	14	19	20	22	24	
1	2	3	4	6	7	8	9	12	13	14	17	19	22	24	
1	2	3	5	6	7	8	12	13	14	17	20	21	24	25	
1	2	3	5	6	8	10	11	12	13	14	20	21	24	25	
1	3	4	6	7	8	9	10	11	12	13	14	17	18	20	
1	2	3	6	7	8	9	10	11	12	13	18	19	20	21	
2	3	5	6	7	8	9	10	12	13	14	19	20	21	22	
1	3	5	6	7	8	9	10	12	13	14	17	18	20	21	
2	3	6	7	8	10	11	12	13	14	17	19	20	21	22	
2	3	4	6	7	8	9	10	11	13	14	18	19	20	21	
1	2	3	4	6	7	8	9	12	13	14	17	18	19	21	
1	2	3	4	6	7	8	10	11	13	18	19	20	21	24	
1	2	3	4	5	6	8	9	10	13	14	17	19	22	24	
1	2	3	4	5	6	8	10	12	13	14	19	20	21	25	
1	2	3	6	8	9	10	12	13	14	17	19	21	24	25	
1	3	4	6	7	8	9	10	11	13	14	18	19	21	24	
1	2	3	5	6	7	8	9	10	13	17	18	20	21	24	
2	3	4	5	6	7	8	10	11	13	14	17	20	21	22	
1	3	4	5	6	7	8	9	10	11	13	14	18	20	24	
1	2	3	4	5	6	8	10	11	12	13	14	19	20	25	
1	2	3	5	6	7	8	9	11	13	14	19	20	24	25	
1	2	3	4	6	7	8	9	12	13	14	17	18	20	24	
1	2	3	5	6	7	8	11	12	13	14	17	19	21	25	
2	3	5	6	7	8	9	10	11	13	14	18	20	21	24	
1	2	3	4	6	8	9	10	13	14	19	20	21	22	24	
1	2	3	4	6	7	8	9	11	12	13	14	17	20	22	
1	2	3	4	6	8	9	10	11	12	13	14	17	24	25	
1	3	5	6	7	8	10	12	13	14	18	19	20	21	24	
1	3	5	6	7	8	9	10	11	13	14	17	18	20	24	
1	2	3	4	6	8	10	11	12	13	14	17	19	20	25	
1	2	3	5	6	7	8	9	12	13	14	17	20	21	22	
1	2	3	4	5	6	7	8	11	13	14	17	18	20	24	
2	3	6	7	8	9	10	12	13	14	17	18	19	20	21	
1	2	3	5	6	8	10	13	14	17	19	20	21	24	25	
1	3	6	7	8	9	10	11	13	14	18	19	20	21	24	
2	3	6	7	8	10	11	12	13	14	18	19	20	21	24	
1	2	3	4	6	8	10	11	12	13	14	19	20	24	25	
2	3	4	5	6	7	8	10	11	13	14	18	19	20	24	
1	3	5	6	7	8	9	10	11	13	14	18	19	20	21	
1	2	3	4	6	7	8	9	11	13	14	19	21	22	24	
1	2	3	4	5	6	7	8	9	11	13	14	20	22	24	
2	3	4	6	7	8	9	10	12	13	14	17	18	19	24	
1	2	3	4	6	7	8	9	11	13	14	19	20	21	25	
1	2	3	6	8	10	11	12	13	14	17	20	21	22	24	
1	2	3	4	5	6	8	10	11	13	14	19	20	21	25	
1	2	3	4	6	8	10	11	12	13	14	17	19	22	24	
1	2	3	6	8	9	10	11	12	13	14	17	20	21	25	
1	2	3	4	5	6	8	9	10	13	14	19	20	24	25	
1	2	3	6	7	8	9	10	11	12	13	17	18	20	24	
1	2	3	6	8	9	10	11	13	14	17	19	20	21	25	
1	2	3	4	5	6	8	10	11	13	14	20	21	22	24	
1	2	3	4	6	8	10	11	12	13	14	17	20	21	22	
1	3	6	7	8	9	10	11	12	13	14	18	19	20	24	
1	2	3	5	6	7	8	12	13	14	17	18	20	21	24	
1	2	3	5	6	7	8	12	13	14	19	20	21	22	24	
1	2	3	6	8	10	11	13	14	17	19	20	21	22	24	
1	2	3	5	6	7	8	9	11	13	14	17	20	22	24	
1	2	3	5	6	7	8	9	11	13	14	20	21	24	25	
2	3	4	6	7	8	9	10	12	13	14	17	19	21	22	
1	2	3	4	5	6	8	10	12	13	14	20	21	24	25	
1	2	3	4	6	8	9	10	12	13	14	17	19	20	25	
1	2	3	6	7	8	9	11	13	14	19	20	21	22	24	
1	2	3	5	6	7	8	9	11	13	14	19	20	21	22	
1	2	3	5	6	8	10	11	12	13	14	17	20	24	25	
1	2	3	6	7	8	9	12	13	14	17	19	20	21	25	
1	2	3	6	7	8	11	12	13	14	19	20	21	24	25	
2	3	4	6	7	8	9	10	12	13	14	17	20	22	24	
1	2	3	5	6	7	8	9	11	13	14	18	19	20	24	
1	2	3	4	5	6	7	8	11	13	14	19	20	24	25	
1	2	3	6	7	8	9	11	12	13	14	19	20	22	24	
2	3	4	6	7	8	9	10	11	12	13	14	17	18	20	
1	3	4	5	6	7	8	9	10	13	14	17	18	19	24	
1	2	3	4	6	7	8	9	12	13	14	17	19	24	25	
1	2	3	4	5	6	8	9	10	13	14	17	19	21	25	
1	2	3	5	6	7	8	11	12	13	14	17	18	19	21	
2	3	5	6	7	8	9	10	12	13	14	17	18	20	21	
2	3	4	5	6	7	8	10	11	13	14	17	20	22	24	
1	2	3	5	6	7	8	9	10	12	13	18	19	20	21	
1	2	3	6	7	8	10	11	12	13	17	18	19	20	21	
2	3	4	6	7	8	9	10	11	13	14	18	19	21	24	
2	3	4	5	6	7	8	9	10	11	13	14	18	20	24	
1	3	4	6	7	8	9	10	13	14	18	19	20	21	24	
1	2	3	4	5	6	8	10	12	13	14	17	20	22	24	
1	2	3	4	5	6	8	10	12	13	14	17	19	20	25	
1	2	3	4	5	6	7	8	10	11	13	17	18	20	21	
1	2	3	4	6	7	8	9	11	13	14	18	19	20	21	
1	2	3	6	8	9	10	11	12	13	14	17	19	24	25	
2	3	5	6	7	8	10	12	13	14	17	20	21	22	24	
1	2	3	4	5	6	7	8	9	13	14	17	19	22	24	
2	3	5	6	7	8	10	12	13	14	18	19	20	21	24	
2	3	5	6	7	8	9	10	11	13	14	17	18	20	24	
1	2	3	4	5	6	8	9	10	11	13	14	21	24	25	
2	3	6	7	8	9	10	11	13	14	18	19	20	21	24	
1	2	3	4	6	7	8	9	11	12	13	14	17	20	25	
1	3	6	7	8	10	11	12	13	14	17	18	20	21	24	
1	2	3	4	5	6	8	10	11	12	13	14	17	20	25	
1	2	3	5	6	7	8	9	11	13	14	18	20	21	24	
1	3	4	6	7	8	10	11	12	13	14	17	18	19	24	
2	3	5	6	7	8	9	10	11	13	14	18	19	20	21	
1	2	3	5	6	8	9	10	11	12	13	14	19	22	24	
1	2	3	4	5	6	8	10	13	14	17	20	21	24	25	
1	2	3	5	6	7	8	9	12	13	14	17	20	21	25	
1	3	4	5	6	7	8	10	11	13	14	18	20	21	24	
1	3	4	6	7	8	10	11	12	13	14	17	18	20	21	
1	2	3	4	6	7	8	9	13	14	19	20	21	22	24	
1	2	3	4	6	8	10	11	12	13	14	20	21	22	24	
1	3	6	7	8	10	11	13	14	17	18	19	20	21	24	
2	3	5	6	7	8	9	10	11	13	14	19	20	22	24	
1	2	3	6	7	8	9	12	13	14	17	18	19	20	21	
1	2	3	4	6	8	10	11	12	13	14	17	20	22	24	
1	2	3	4	6	7	8	9	11	13	14	19	21	24	25	
1	2	3	6	7	8	11	12	13	14	18	19	20	21	24	
2	3	6	7	8	9	10	11	12	13	14	18	19	20	24	
1	2	3	4	5	6	8	9	10	12	13	14	17	21	25	
1	2	3	4	5	6	7	8	9	11	13	14	20	24	25	
2	3	5	6	7	8	10	11	12	13	14	17	19	21	22	
1	2	3	4	5	6	7	8	11	13	14	18	19	20	24	
1	2	3	4	6	7	8	9	12	13	14	17	18	19	24	
1	2	3	4	5	6	8	10	13	14	17	19	20	21	22	
1	2	3	4	6	8	9	10	11	12	13	14	21	24	25	
1	2	3	6	7	8	11	12	13	14	17	20	21	22	24	
1	2	3	4	6	7	8	11	12	13	14	17	19	22	24	
1	2	3	5	6	7	8	12	13	14	19	20	21	24	25	
1	2	3	4	6	8	9	10	11	12	13	14	19	20	25	
1	2	3	4	6	7	8	9	10	12	13	17	18	19	21	
1	2	3	5	6	7	8	9	11	13	14	17	20	24	25	
1	2	3	4	5	6	8	10	12	13	14	17	19	21	25	
1	2	3	4	6	7	8	11	12	13	14	17	20	21	22	
1	2	3	4	5	6	7	8	11	13	14	20	21	22	24	
1	2	3	6	7	8	9	11	13	14	19	20	21	24	25	
1	2	3	6	7	8	11	13	14	17	19	20	21	22	24	
2	3	4	6	7	8	9	10	11	13	14	19	20	21	22	
1	2	3	5	6	7	8	9	11	13	14	19	20	21	25	
1	2	3	4	6	7	8	9	10	12	13	17	18	20	24	
2	3	4	5	6	7	8	9	10	13	14	17	18	19	24	
1	2	3	4	6	8	10	12	13	14	17	19	21	22	24	
1	2	3	6	8	10	12	13	14	17	19	20	21	22	24	
1	2	4	6	7	8	10	12	13	14	17	19	20	21	25	
1	2	3	6	7	8	9	11	12	13	14	19	20	24	25	
1	3	4	5	6	7	8	10	12	13	14	17	18	20	24	
2	3	5	6	7	8	9	10	11	13	14	20	21	22	24	
1	2	3	4	5	6	7	8	10	11	13	17	18	20	24	
1	2	3	5	6	8	10	11	13	14	17	19	21	22	24	
1	2	3	4	6	7	8	9	11	12	13	14	17	18	20	
2	3	4	6	7	8	9	10	13	14	18	19	20	21	24	
1	2	3	4	5	6	8	9	10	11	12	13	14	19	22	
1	2	3	5	6	7	8	9	12	13	14	17	18	20	21	
2	3	6	7	8	9	10	12	13	14	17	19	20	21	22	
2	3	6	7	8	10	11	12	13	14	19	20	21	22	24	
2	3	4	5	6	7	8	10	11	13	14	19	20	22	24	
1	2	3	4	6	7	8	12	13	14	17	19	20	21	23	
1	2	3	4	6	7	8	9	11	13	14	18	19	21	24	
1	2	3	4	5	6	7	8	9	11	13	14	18	20	24	
2	3	4	6	7	8	9	10	12	13	14	17	19	22	24	
1	2	3	5	6	7	8	10	12	13	17	18	20	21	24	
1	3	5	6	7	8	9	10	11	12	13	14	18	19	24	
1	2	4	6	7	8	9	10	12	13	14	17	20	21	25	
1	2	6	7	8	9	10	11	12	13	14	20	21	24	25	
1	2	3	4	6	8	9	10	12	13	14	19	20	21	25	
1	2	5	6	7	8	9	10	11	13	14	17	19	20	25	
1	2	3	4	5	6	7	8	12	13	14	17	20	22	24	
2	3	6	7	8	10	11	12	13	14	17	18	20	21	24	
1	2	3	4	5	6	7	8	9	13	14	17	19	24	25	
1	3	4	6	7	8	10	11	12	13	14	18	20	21	24	
2	3	4	6	7	8	10	11	12	13	14	17	18	19	24	
1	2	5	6	7	8	9	10	13	14	19	20	21	24	25	
1	3	4	6	7	8	10	11	12	13	14	17	18	20	24	
1	2	3	4	5	6	8	10	11	13	14	17	19	22	24	
2	3	4	6	7	8	10	11	12	13	14	17	18	20	21	
2	3	4	5	6	7	8	10	11	13	14	18	20	21	24	
1	2	3	5	6	7	8	12	13	14	18	19	20	21	24	
1	2	3	4	5	6	8	10	11	12	13	14	17	21	25	
1	2	3	5	6	7	8	9	11	13	14	17	18	20	24	
2	3	6	7	8	10	11	13	14	17	18	19	20	21	24	
1	2	6	7	8	9	10	11	13	14	17	19	20	24	25	
1	3	4	5	6	7	8	10	13	14	17	18	19	20	21	
1	2	3	6	7	8	9	11	13	14	18	19	20	21	24	
1	2	3	4	5	6	8	10	13	14	19	20	21	22	24	
1	2	3	5	6	7	8	9	10	11	13	18	19	20	24	
1	2	3	4	6	7	8	9	13	14	19	20	21	24	25	
1	2	3	5	6	7	8	9	11	13	14	18	19	20	21	
1	2	3	4	6	7	8	9	12	13	14	17	20	21	23	
1	2	3	4	6	8	9	10	11	13	14	19	20	22	24	
1	2	3	6	7	8	9	11	12	13	14	20	21	23	24	
1	2	3	5	6	7	8	9	11	13	14	17	19	20	23	
1	2	3	5	6	7	8	10	11	12	13	17	18	19	21	
1	2	3	5	6	7	8	9	11	12	13	14	19	22	24	
1	2	3	5	6	7	8	9	13	14	19	20	21	23	24	
1	2	3	4	5	6	8	10	12	13	14	17	20	21	22	
1	2	3	4	6	7	8	11	12	13	14	20	21	22	24	
1	2	3	6	7	8	9	11	12	13	14	18	19	20	24	
2	3	4	6	7	8	9	10	11	12	13	14	17	20	22	
1	2	3	4	6	7	8	11	12	13	14	17	20	22	24	
1	2	3	6	7	8	9	11	13	14	17	19	20	23	24	
1	2	3	4	6	8	10	11	12	13	14	19	21	24	25	
2	3	5	6	7	8	9	10	12	13	14	17	20	21	22	
1	2	3	6	7	8	11	12	13	14	17	20	21	24	25	
1	3	4	6	7	8	10	12	13	14	17	18	19	21	24	
1	2	3	4	6	7	8	11	12	13	14	17	19	24	25	
1	2	3	4	6	7	8	10	12	14	17	19	20	21	23	
1	2	3	4	5	6	8	10	11	12	13	14	20	21	22	
1	3	6	7	8	10	12	13	14	17	18	19	20	21	24	
1	2	3	4	5	6	7	8	13	14	17	19	20	21	22	
1	2	3	5	6	8	9	10	11	12	13	14	20	24	25	
1	2	3	4	5	6	7	8	11	13	14	20	21	24	25	
1	2	3	4	6	7	8	11	12	13	14	17	20	21	25	
1	2	3	4	6	7	8	9	10	11	13	18	19	20	21	
1	2	6	7	8	9	10	11	13	14	17	20	21	24	25	
2	3	4	6	7	8	9	10	11	13	14	19	21	22	24	
1	2	3	4	5	6	8	9	10	13	14	17	20	21	22	
2	3	4	5	6	7	8	9	10	11	13	14	20	22	24	
1	3	5	6	7	8	10	11	13	14	17	18	19	21	24	
1	2	5	6	7	8	9	10	11	12	13	14	17	20	25	
1	2	3	6	7	8	11	13	14	17	19	20	21	24	25	
1	2	3	4	6	8	10	12	13	14	17	20	21	24	25	
1	2	3	4	6	8	9	10	12	13	14	19	21	24	25	
1	3	4	5	6	7	8	9	10	11	12	13	14	18	19	
2	3	4	5	6	7	8	10	12	13	14	17	18	20	24	
1	2	3	5	6	8	10	11	12	13	14	17	19	22	24	
1	2	3	4	5	6	8	10	11	13	14	17	19	20	25	
1	2	3	4	6	8	9	10	13	14	17	20	21	24	25	
1	2	3	5	6	8	9	10	12	13	14	20	21	24	25	
1	2	3	4	5	6	7	8	9	13	14	17	18	19	24	
1	2	3	5	6	7	8	9	10	11	13	18	20	21	24	
2	3	5	6	7	8	10	12	13	14	19	20	21	22	24	
2	3	5	6	7	8	9	10	11	13	14	17	20	22	24	
1	2	3	6	7	8	9	11	13	14	17	20	21	23	24	
1	2	4	5	6	7	8	9	10	11	13	14	19	20	25	
1	2	3	4	6	7	8	12	13	14	17	19	21	22	24	
1	2	3	4	6	7	8	9	10	12	14	17	20	21	23	
2	3	6	7	8	9	10	11	13	14	19	20	21	22	24	
1	2	3	6	7	8	12	13	14	17	19	20	21	22	24	
1	2	3	6	7	8	9	10	11	12	14	20	21	23	24	
1	2	3	5	6	7	8	9	11	12	13	14	17	20	23	
1	2	3	5	6	7	8	9	10	11	14	17	19	20	23	
1	2	3	5	6	8	9	10	13	14	17	19	20	24	25	
2	3	5	6	7	8	9	10	11	13	14	19	20	21	22	
1	2	3	5	6	7	8	9	10	14	19	20	21	23	24	
1	2	3	6	7	8	9	10	12	13	17	18	19	20	21	
1	2	3	5	6	8	9	10	12	13	14	17	19	21	22	
1	2	3	4	5	6	8	9	10	11	13	14	19	21	22	
1	2	3	6	7	8	10	11	12	13	18	19	20	21	24	
1	2	3	5	6	7	8	11	13	14	17	19	21	22	24	
1	2	3	4	6	7	8	9	13	14	18	19	20	21	24	
2	3	5	6	7	8	9	10	11	12	13	14	18	19	24	
1	2	3	4	5	6	7	8	10	11	13	18	19	20	24	
1	3	4	5	6	7	8	10	11	13	14	17	18	19	24	
1	2	3	6	8	9	10	11	12	13	14	17	19	21	25	
1	2	3	4	5	6	7	8	9	11	12	13	14	19	22	
1	2	3	4	6	7	8	9	10	12	13	17	18	19	24	
1	2	3	5	6	8	9	10	11	12	13	14	19	21	25	
2	3	4	6	7	8	10	11	12	13	14	18	20	21	24	
1	2	3	6	7	8	9	10	11	14	17	19	20	23	24	
2	3	6	7	8	9	10	11	12	13	14	19	20	22	24	
1	2	3	4	5	6	7	8	9	11	13	14	19	20	23	
2	3	4	6	7	8	10	11	12	13	14	17	18	20	24	
1	3	4	5	6	7	8	10	13	14	18	19	20	21	24	
1	2	3	4	5	6	8	9	10	12	13	14	17	20	25	
1	2	6	7	8	9	10	11	12	13	14	17	19	20	25	
1	3	4	6	7	8	9	10	11	13	14	18	19	20	24	
1	2	3	4	5	6	7	8	12	13	14	17	20	24	25	
1	2	5	6	7	8	10	11	12	13	14	17	19	20	25	
1	2	3	4	6	7	8	12	13	14	16	17	19	20	21	
1	2	3	4	6	8	9	10	11	13	14	17	19	20	22	
2	3	4	5	6	7	8	10	13	14	17	18	19	20	21	
1	3	4	5	6	7	8	10	12	13	14	17	18	20	21	
1	2	3	6	7	8	11	12	13	14	17	18	20	21	24	
1	2	3	4	6	7	8	11	12	13	14	17	18	19	24	
1	2	3	4	5	6	8	9	10	12	13	14	20	24	25	
1	2	3	4	5	6	7	8	11	13	14	18	20	21	24	
1	2	3	4	6	7	8	11	12	13	14	17	18	20	21	
1	2	3	4	5	6	8	10	11	12	13	14	21	22	24	
1	2	3	4	5	6	7	8	11	13	14	17	19	22	24	
1	2	3	6	8	10	11	12	13	14	17	19	21	24	25	
1	2	3	6	8	10	11	12	13	14	17	19	20	22	24	
1	2	3	6	7	8	11	13	14	17	18	19	20	21	24	
1	2	3	6	7	8	9	11	12	13	14	17	19	20	23	
1	2	3	5	6	7	8	11	12	13	14	17	19	20	23	
1	3	4	5	6	7	8	10	11	12	13	14	18	20	21	
2	3	4	5	6	7	8	9	10	13	14	17	19	22	24	
1	2	3	5	6	7	8	9	11	12	13	14	19	24	25	
1	2	3	4	6	7	8	10	12	14	16	17	19	20	21	
1	2	3	6	7	8	9	10	11	14	17	20	21	23	24	
1	2	3	5	6	8	10	11	13	14	17	20	21	24	25	
1	2	3	4	5	6	7	8	13	14	19	20	21	22	24	
1	2	5	6	7	8	10	11	12	13	14	17	20	21	25	
1	2	3	5	6	8	10	11	13	14	19	20	21	24	25	
1	2	3	5	6	8	9	10	13	14	17	19	21	24	25	
1	2	3	4	6	7	8	9	11	13	14	19	20	22	24	
1	2	3	5	6	7	8	9	10	11	12	14	17	20	23	
1	2	3	4	6	7	8	9	10	11	12	13	17	18	20	
1	3	4	5	6	7	8	9	10	13	14	17	18	20	21	
2	3	4	6	7	8	10	12	13	14	17	18	19	21	24	
1	2	3	4	6	7	8	11	12	13	14	20	21	24	25	
1	2	3	4	6	7	8	9	12	13	14	16	17	20	21	
1	2	3	4	5	6	8	10	13	14	17	19	20	24	25	
1	2	3	4	5	6	8	9	10	11	12	13	14	20	25	
1	2	3	6	7	8	9	11	12	13	14	16	20	21	24	
2	3	6	7	8	10	12	13	14	17	18	19	20	21	24	
1	2	3	5	6	7	8	9	11	13	14	16	17	19	20	
1	2	3	4	6	8	9	10	11	12	13	14	20	21	25	
1	2	3	4	6	7	8	11	12	13	14	17	20	24	25	
1	2	3	5	6	7	8	9	10	12	13	17	18	20	21	
1	2	3	4	5	6	7	8	12	13	14	17	20	21	22	
1	2	3	5	6	7	8	9	13	14	16	19	20	21	24	
1	3	5	6	7	8	10	11	12	13	14	17	18	19	24	
2	3	5	6	7	8	10	11	13	14	17	18	19	21	24	
2	3	4	6	7	8	9	10	13	14	19	20	21	22	24	
1	2	3	4	6	7	8	9	10	11	13	18	19	21	24	
1	2	3	4	5	6	7	8	13	14	17	19	20	21	25	
1	2	3	4	5	6	8	9	10	11	13	14	20	21	25	
1	2	6	7	8	9	10	11	12	13	14	19	20	21	25	
2	3	4	5	6	7	8	9	10	11	12	13	14	18	19	
1	2	3	4	5	6	7	8	9	10	11	13	18	20	24	
1	2	3	4	5	6	7	8	9	10	11	14	19	20	23	
1	2	3	5	6	7	8	11	12	13	14	17	20	21	23	
1	2	3	6	7	8	9	11	13	14	16	17	19	20	24	
1	2	3	4	5	6	7	8	11	12	13	14	20	21	22	
1	2	4	6	7	8	10	11	13	14	19	20	21	24	25	
1	2	3	4	6	7	8	9	10	12	14	16	17	20	21	
1	2	3	6	7	8	9	10	11	12	14	16	20	21	24	
1	2	3	6	8	9	10	11	13	14	17	19	21	22	24	
1	2	3	5	6	7	8	9	10	11	14	16	17	19	20	
1	2	3	4	5	6	8	9	10	13	14	17	19	20	25	
1	2	3	4	7	8	10	12	13	14	17	18	19	20	21	
1	3	5	6	7	8	9	10	12	13	14	17	18	19	21	
1	3	4	5	6	7	8	9	10	11	13	14	18	19	21	
1	2	3	6	8	9	10	13	14	17	19	20	21	24	25	
1	2	3	5	6	7	8	9	10	14	16	19	20	21	24	
1	2	3	4	5	6	7	8	9	13	14	17	20	21	22	
1	2	3	5	6	7	8	10	12	13	18	19	20	21	24	
1	2	5	6	7	8	9	10	13	14	17	20	21	24	25	
1	2	3	4	6	8	9	10	13	14	17	19	20	21	22	
1	2	3	5	6	7	8	9	10	11	13	17	18	20	24	
2	3	6	7	8	10	11	12	13	14	17	20	21	22	24	
1	2	3	4	5	6	7	8	12	13	14	17	18	20	24	
2	3	4	6	7	8	10	11	12	13	14	17	19	22	24	
1	2	3	4	6	8	10	11	13	14	17	19	21	24	25	
1	2	3	6	7	8	9	11	12	13	14	19	20	21	23	
1	2	3	5	6	7	8	11	12	13	14	17	19	22	24	
1	2	3	6	7	8	9	10	11	13	18	19	20	21	24	
1	2	3	4	5	6	8	9	10	13	14	20	21	24	25	
2	3	4	5	6	7	8	10	11	13	14	20	21	22	24	
2	3	4	6	7	8	10	11	12	13	14	17	20	21	22	
1	2	3	4	6	7	8	12	13	14	17	19	21	24	25	
1	2	3	6	7	8	9	10	11	14	16	17	19	20	24	
1	2	3	5	6	8	10	11	13	14	17	19	20	24	25	
1	2	3	5	6	7	8	9	10	11	13	18	19	20	21	
1	2	3	6	7	8	12	13	14	17	19	20	21	24	25	
1	2	3	4	6	8	9	10	13	14	17	19	20	24	25	
1	2	3	6	7	8	9	10	11	12	14	17	19	20	23	
2	3	4	5	6	7	8	10	11	13	14	17	18	19	24	
1	2	3	5	6	8	10	11	12	13	14	20	21	22	24	
1	2	3	5	6	7	8	10	11	12	14	17	19	20	23	
2	3	6	7	8	10	11	13	14	17	19	20	21	22	24	
1	2	3	4	6	7	8	11	13	14	19	20	21	23	24	
1	3	4	6	7	8	9	10	11	13	14	17	18	19	20	
1	2	3	5	6	7	8	11	13	14	17	19	21	24	25	
1	2	3	5	6	7	8	9	13	14	17	20	21	23	24	
1	2	3	6	7	8	9	11	13	14	16	17	20	21	24	
2	3	4	5	6	7	8	10	13	14	18	19	20	21	24	
1	2	3	6	7	8	9	10	11	12	13	18	19	20	24	
1	2	3	5	6	7	8	9	11	12	13	14	16	17	20	
2	3	4	6	7	8	9	10	11	13	14	18	19	20	24	
1	2	3	4	5	6	7	8	9	11	12	13	14	19	25	
1	2	3	5	6	7	8	9	11	12	13	14	18	19	24	
1	2	3	5	6	7	8	9	12	13	14	17	19	21	22	
1	2	3	4	5	6	7	8	9	11	13	14	19	21	22	
1	2	3	4	7	8	9	10	12	13	14	17	18	20	21	
1	2	3	7	8	9	10	11	12	13	14	18	20	21	24	
1	2	3	5	7	8	9	10	11	13	14	17	18	19	20	
1	2	3	4	5	6	8	10	12	13	14	19	20	21	22	
1	2	3	6	8	9	10	12	13	14	17	19	21	22	24	
1	3	4	5	6	7	8	10	11	12	13	14	18	21	24	
2	3	4	5	6	7	8	10	12	13	14	17	18	20	21	
1	2	3	5	7	8	9	10	13	14	18	19	20	21	24	
1	2	3	4	6	7	8	11	12	13	14	18	20	21	24	
1	3	6	7	8	10	11	12	13	14	17	18	19	20	24	
1	2	3	4	5	6	8	10	11	12	13	14	19	20	22	
1	2	3	4	6	7	8	11	12	13	14	17	18	20	24	
1	2	3	4	6	7	8	10	12	14	17	19	20	21	22	
1	2	6	7	8	9	10	11	12	13	14	17	20	24	25	
1	2	3	5	6	7	8	10	11	12	14	17	20	21	23	
1	2	3	7	8	9	10	11	13	14	17	18	19	20	24	
1	2	3	4	5	6	7	8	9	11	13	14	16	19	20	
1	2	3	6	7	8	9	10	11	14	16	17	20	21	24	
1	2	3	4	5	6	7	8	13	14	17	18	19	20	21	
1	2	3	5	6	7	8	9	10	11	12	14	16	17	20	
2	3	4	5	6	7	8	10	11	12	13	14	18	20	21	
1	2	3	4	6	7	8	9	11	13	14	17	19	20	22	
1	2	3	4	6	8	9	10	11	12	13	14	17	22	24	
1	2	3	4	6	8	10	11	12	13	14	17	19	20	22	
1	2	3	4	5	6	7	8	11	13	14	17	19	24	25	
1	2	3	4	5	6	7	8	9	10	13	17	18	19	24	
1	2	3	4	5	6	8	9	10	13	14	17	21	24	25	
1	2	3	5	6	8	10	13	14	17	19	20	21	22	24	
2	3	4	5	6	7	8	9	10	13	14	17	18	20	21	
1	2	3	6	7	8	9	10	11	12	14	19	20	21	23	
1	2	3	4	6	8	10	11	12	13	14	19	20	22	24	
2	3	4	5	6	7	8	10	12	13	14	17	20	22	24	
1	2	3	6	7	8	9	11	12	13	14	17	20	23	24	
1	2	3	4	5	6	7	8	11	12	13	14	21	22	24	
1	2	3	4	5	6	7	8	13	14	19	20	21	24	25	
1	2	3	6	7	8	11	12	13	14	17	19	20	22	24	
2	3	5	6	7	8	10	11	12	13	14	17	18	19	24	
1	2	3	4	6	7	8	9	11	13	14	19	20	24	25	
1	2	3	4	5	6	7	8	9	10	11	14	16	19	20	
1	2	3	4	6	7	8	9	10	12	14	17	20	21	22	
1	2	3	4	5	6	8	10	11	13	14	19	20	21	22	
1	2	3	6	7	8	9	10	11	12	14	20	21	22	24	
1	2	3	5	6	7	8	9	10	11	14	17	19	20	22	
1	2	3	4	6	7	8	10	11	14	19	20	21	23	24	
1	2	3	6	7	8	9	11	12	13	14	16	17	19	20	
1	2	3	6	8	9	10	11	12	13	14	17	20	21	22	
1	2	3	5	6	7	8	11	12	13	14	16	17	19	20	
1	2	3	4	5	6	8	9	10	13	14	19	20	22	24	
1	3	6	7	8	9	10	11	13	14	17	18	19	21	24	
1	2	3	5	6	8	9	10	11	13	14	17	20	21	25	
1	2	3	4	5	6	7	8	12	13	14	17	20	21	25	
1	2	3	6	8	9	10	11	13	14	17	19	20	21	22	
1	2	3	5	6	7	8	9	10	14	19	20	21	22	24	
1	2	3	4	6	7	8	12	13	14	17	18	19	21	24	
1	2	3	4	6	7	8	9	10	13	18	19	20	21	24	
1	2	3	5	6	7	8	9	10	14	17	20	21	23	24	
1	2	3	6	7	8	12	13	14	17	18	19	20	21	24	
1	3	4	6	7	8	9	10	13	14	17	18	19	20	21	
1	2	3	7	8	9	10	11	13	14	17	18	20	21	24	
1	2	3	4	6	8	9	10	11	13	14	17	20	24	25	
1	2	3	5	7	8	9	10	11	12	13	14	17	18	20	
1	2	5	6	7	8	9	10	12	13	14	19	20	21	25	
1	2	3	6	7	8	9	10	11	14	17	19	20	22	24	
1	2	3	5	6	7	8	11	13	14	17	18	19	21	24	
2	3	5	6	7	8	9	10	11	12	13	14	19	22	24	
1	2	3	4	5	6	8	10	12	13	14	20	21	22	24	
1	2	3	4	6	8	9	10	12	13	14	17	19	20	22	
2	3	5	6	7	8	9	10	12	13	14	17	18	19	21	
2	3	4	5	6	7	8	9	10	11	13	14	18	19	21	
1	2	6	7	8	10	11	12	13	14	17	19	20	21	25	
1	2	3	4	5	6	7	8	11	12	13	14	20	21	25	
1	2	3	4	5	6	7	8	9	11	12	13	14	18	19	
2	3	4	6	7	8	10	11	12	13	14	20	21	22	24	
1	3	5	6	7	8	10	11	12	13	14	18	20	21	24	
1	2	3	6	7	8	9	10	11	12	14	16	17	19	20	
1	2	3	5	6	8	9	10	11	12	13	14	20	21	25	
1	2	3	5	6	8	10	11	12	13	14	17	20	22	24	
1	2	4	5	6	7	8	10	11	13	14	17	20	21	25	
1	2	3	5	6	7	8	10	11	12	14	16	17	19	20	
2	3	4	6	7	8	10	11	12	13	14	17	20	22	24	
1	2	3	6	7	8	10	11	12	13	17	18	20	21	24	
1	2	3	4	6	7	8	10	11	12	13	17	18	19	24	
1	2	3	4	5	6	7	8	9	13	14	17	20	21	25	
1	2	3	5	6	7	8	11	12	13	14	16	17	20	21	
1	2	3	4	5	7	8	9	10	11	13	14	18	19	20	
1	2	3	4	5	6	8	10	11	12	13	14	19	21	25	
1	2	3	6	7	8	9	11	13	14	17	19	21	22	24	
1	2	3	4	6	7	8	10	11	12	13	17	18	20	21	
1	2	3	4	5	6	7	8	10	11	13	18	20	21	24	
1	2	3	5	6	7	8	9	12	13	14	19	20	21	23	
2	3	4	5	6	7	8	10	13	14	17	19	20	21	22	
1	2	3	5	6	7	8	11	12	13	14	17	19	24	25	
1	2	3	4	5	6	8	9	10	13	14	17	19	21	22	
2	3	4	6	7	8	9	10	11	13	14	17	18	19	20	
1	3	4	5	6	7	8	10	12	13	14	18	19	20	21	
1	2	3	6	7	8	11	12	13	14	17	19	20	21	23	
1	2	3	4	6	7	8	9	13	14	17	19	20	21	22	
1	3	6	7	8	9	10	12	13	14	17	18	19	21	24	
1	2	3	6	7	8	10	11	13	17	18	19	20	21	24	
1	3	4	5	6	7	8	10	11	12	13	14	18	19	20	
1	2	3	6	7	8	9	10	11	12	14	17	20	23	24	
1	2	3	4	5	6	7	8	11	13	14	17	20	21	23	
1	2	3	4	5	6	7	8	11	13	14	17	18	19	24	
1	2	3	6	7	8	9	11	12	13	14	16	19	20	21	
1	2	3	6	7	8	9	10	11	14	17	20	21	22	24	
2	3	4	5	6	7	8	10	11	12	13	14	18	21	24	
1	2	3	5	6	7	8	10	11	12	14	16	17	20	21	
1	2	3	5	6	7	8	11	12	13	14	20	21	22	24	
2	3	6	7	8	10	11	12	13	14	17	18	19	20	24	
1	2	3	5	6	7	8	9	10	11	12	14	17	20	22	
1	2	3	5	6	7	8	9	12	13	14	17	19	21	25	
1	2	3	4	5	6	7	8	9	11	13	14	19	21	25	
1	2	3	4	6	7	8	11	13	14	16	19	20	21	24	
1	2	3	4	6	8	9	10	12	13	14	20	21	24	25	
1	3	4	6	7	8	9	10	11	12	13	14	17	18	24	
1	2	3	4	5	6	7	8	13	14	18	19	20	21	24	
1	2	3	7	8	9	10	11	12	13	14	17	18	19	20	
1	2	3	4	5	6	8	10	12	13	14	17	19	20	22	
1	2	3	5	7	8	10	11	12	13	14	17	18	19	20	
1	2	3	4	6	7	8	9	11	13	14	18	19	20	24	
1	2	3	5	6	8	10	11	12	13	14	19	21	24	25	
1	3	4	6	7	8	10	11	12	13	14	17	18	19	20	
2	3	4	6	7	8	10	12	13	14	17	19	21	22	24	
1	2	3	6	8	9	10	11	12	13	14	17	19	22	24	
1	2	3	5	6	7	8	9	13	14	16	17	20	21	24	
2	3	6	7	8	10	12	13	14	17	19	20	21	22	24	
1	2	3	5	6	8	9	10	11	12	13	14	17	21	25	
1	3	5	6	7	8	10	13	14	17	18	19	20	21	24	
1	2	3	4	5	6	7	8	12	13	14	17	18	20	21	
1	2	3	4	5	6	7	8	12	13	14	19	20	21	22	
1	2	3	6	7	8	9	12	13	14	17	19	21	22	24	
1	3	4	6	7	8	10	11	12	13	14	18	19	20	24	
1	2	3	6	7	8	9	10	11	12	14	16	19	20	21	
1	2	3	4	5	6	7	8	9	10	11	14	19	20	22	
1	2	3	4	5	6	8	9	10	11	13	14	21	22	24	
2	3	5	6	7	8	10	11	13	14	17	19	21	22	24	
1	2	3	4	5	6	7	8	11	12	13	14	19	20	22	
1	2	3	4	5	6	8	9	10	11	13	14	17	21	25	
1	2	3	4	5	6	8	9	10	13	14	19	20	21	25	
1	2	4	6	7	8	9	10	12	13	14	17	19	21	25	
1	3	4	5	6	7	8	10	11	13	14	18	19	20	21	
1	2	3	4	5	6	8	10	11	12	13	14	17	20	22	
2	3	4	5	6	7	8	9	10	11	12	13	14	19	22	
1	2	3	4	6	7	8	9	11	13	14	17	19	20	25	
1	3	4	6	7	8	10	12	13	14	17	19	20	21	25	
1	2	3	4	6	7	8	10	11	14	16	19	20	21	24	
1	3	6	7	8	9	10	11	12	13	14	17	18	20	21	
1	3	4	5	6	7	8	9	10	13	14	18	19	20	24	
1	3	6	7	8	9	10	11	13	14	17	18	19	20	21	
1	2	3	4	5	6	8	10	13	14	17	20	21	22	24	
1	2	3	4	5	6	7	8	11	12	13	14	18	20	21	
1	2	3	4	5	6	7	8	10	12	13	17	18	20	24	
1	2	3	5	7	8	10	11	12	13	14	17	18	20	21	
1	2	3	5	6	7	8	9	10	14	16	17	20	21	24	
1	2	3	4	6	7	8	9	11	12	13	14	17	22	24	
1	2	3	5	6	7	8	9	10	12	14	19	20	21	23	
1	2	4	6	7	8	9	10	12	13	14	17	20	24	25	
1	2	3	4	5	6	8	10	11	12	13	14	20	24	25	
