79.2972
79.3293
79.3297
79.3303
79.3349
79.3465
79.3829
79.3868
79.4064
79.4345
79.436
79.4636
79.4842
79.4938
79.5
79.5418
79.5876
79.591
79.5999
79.6532
79.6689
79.6836
79.705
79.731
79.7374
79.7628
79.7806
79.7944
79.7959
79.7986
79.8042
79.8465
79.8528
79.8623
79.8648
79.8798
79.8825
79.8881
79.8918
79.907
79.9398
79.9586
79.9822
79.9835
79.9893
79.9893
79.9947
80.0433
80.0688
80.0757
80.0798
80.0899
80.1183
80.1204
80.1294
80.135
80.1642
80.1748
80.1775
80.1846
80.202
80.2109
80.2187
80.2407
80.2406
80.2634
80.2769
80.2793
80.3199
80.3257
80.3398
80.3564
80.3576
80.3631
80.3775
80.381
80.3859
80.3896
80.3979
80.4018
80.4022
80.4029
80.4152
80.4155
80.4254
80.4381
80.4605
80.4652
80.4749
80.4808
80.4861
80.4981
80.5082
80.5141
80.5166
80.5713
80.5831
80.6119
80.6212
80.6303
80.6323
80.6344
80.6347
80.6401
80.653
80.6631
80.6664
80.6745
80.6846
80.6946
80.7042
80.7055
80.7067
80.711
80.7109
80.7134
80.7247
80.7377
80.7394
80.7464
80.7503
80.7527
80.7544
80.801
80.8182
80.8274
80.8405
80.8493
80.8753
80.8786
80.8827
80.8932
80.8938
80.91
80.9347
80.9352
80.9418
80.9668
80.9741
80.9822
80.9829
80.987
81.0046
81.0144
81.0201
81.0248
93.1828
81.0368
81.0428
81.0481
81.0644
81.0822
81.1269
81.1722
81.1723
81.1754
93.3696
81.1986
81.2011
93.3894
81.2218
81.2281
81.2366
81.2369
93.4318
81.2509
81.2509
81.2555
81.256
81.2683
81.2738
81.2871
81.288
81.2997
81.3136
81.3183
81.3597
81.3787
81.3815
81.4261
81.4373
81.4414
81.4428
81.4834
81.4853
81.5308
93.7774
81.5603
81.6561
81.6582
81.6605
81.6683
81.6808
81.6861
81.7077
81.7362
94.0369
81.8524
81.8613
81.9193
81.9649
81.967
81.9772
81.9838
82.0028
82.0222
82.0291
82.0335
82.0998
82.1081
77.6248
77.657
77.6574
77.658
77.6626
77.6741
77.7106
77.7145
77.734
77.7621
77.7637
77.7912
77.8118
77.8215
77.8277
77.8694
77.9153
77.9186
77.9276
77.9809
77.9966
78.0113
78.0327
70.2363
78.0587
78.065
70.2652
70.2656
70.2661
70.2702
70.2807
78.0905
78.1082
78.122
70.3106
78.1235
70.3135
78.1263
70.317
78.1319
70.3346
78.1545
70.3396
70.3399
70.3405
70.3446
70.355
78.1741
70.3598
70.3612
78.1805
78.1866
78.187
78.1876
78.1899
78.1922
78.1925
78.2038
70.386
78.2075
70.3878
78.2101
70.3913
78.2157
78.2158
78.2195
70.4046
70.4089
78.2346
70.4132
78.2403
70.4188
78.2441
78.2478
78.2482
78.2488
78.2534
70.4327
70.4342
70.4356
78.2637
78.265
78.2674
70.4564
78.2862
70.4604
70.4616
70.462
78.2918
70.4625
78.2933
70.4666
78.3015
78.3053
70.477
78.3098
70.4789
78.3112
78.317
78.3169
70.4876
78.3209
78.3224
78.3249
78.3257
70.4932
70.4976
70.5007
78.3415
70.5087
70.5099
70.5133
78.3511
78.353
78.3545
78.3573
78.3579
78.3583
78.3589
78.3634
70.5308
70.5309
78.3709
78.375
78.3821
78.3866
70.5562
70.5567
78.3965
70.5576
78.3991
78.4027
78.4034
78.4075
78.4115
70.5709
78.4123
70.572
78.4154
70.575
78.4176
78.4185
78.4188
78.4192
78.4198
78.4244
70.5824
70.5831
70.5841
78.4349
78.4359
78.4449
70.601
78.4459
70.6034
78.4481
78.4483
70.6096
78.4571
78.4572
78.4603
70.6152
78.4627
78.463
78.4646
78.4724
70.6267
78.4763
70.6311
70.6324
70.6374
78.4918
78.4921
70.6452
78.4958
78.5024
70.6528
78.5052
70.6553
78.5061
70.6584
78.5095
78.5105
78.5123
78.5127
70.6663
78.5184
70.6667
70.6672
78.5223
70.6713
70.6713
78.5239
78.5255
78.5263
78.5286
78.5297
70.6777
70.6817
70.6837
78.5386
70.6851
78.5409
70.6876
78.5464
70.6926
70.694
70.6971
78.553
70.7011
70.7051
78.5624
70.7068
78.5682
78.5684
78.5703
70.7146
78.5717
78.5737
70.718
78.5833
78.5874
78.5883
70.7297
78.5895
70.7306
78.591
78.5947
70.7356
70.7364
78.6021
78.6046
70.7449
70.7457
78.607
70.7471
70.7531
78.6161
78.6195
78.6201
70.7581
70.7594
70.7606
70.7609
78.6236
70.7619
70.7623
70.763
78.6284
70.767
70.7673
78.6312
70.7682
70.7714
78.6379
70.7805
78.6476
78.6495
70.7851
78.6517
70.7871
78.6532
78.6533
78.6559
78.656
78.6615
70.7997
78.6674
70.805
70.8057
78.6771
70.8107
78.6804
78.6813
78.6818
70.8143
70.8146
78.6841
78.6853
70.8192
70.8199
78.6894
70.8215
78.6908
70.8231
78.6975
70.8288
78.6991
70.8315
78.7038
78.7052
70.835
70.8374
78.7086
78.7102
78.7122
78.7129
78.7135
70.8425
78.7144
78.7172
78.7172
70.8458
78.7196
78.7221
78.7227
70.8517
70.8528
78.7256
70.854
78.7295
78.7299
70.8575
78.7305
70.8592
70.8592
70.8594
78.7336
78.7371
70.8641
78.7398
70.8677
78.7427
78.7429
78.7431
78.7455
78.7491
78.7531
70.8801
70.8815
78.7584
78.7596
70.884
78.7643
78.765
70.8889
70.889
78.7657
78.7659
78.7714
78.7731
70.8987
70.9018
78.7808
78.7833
70.9059
70.9077
78.7881
70.9098
78.7914
78.7929
78.7945
78.7971
78.7983
78.801
78.8026
78.8067
70.927
70.9271
78.8084
78.8091
70.9283
78.8103
70.9308
78.8137
70.9328
70.9335
70.9335
78.8159
70.937
70.9384
78.8205
78.8229
70.9407
70.9412
78.8244
78.8255
78.8257
70.9435
78.8268
78.8272
78.8328
70.9497
78.8358
78.8395
78.8408
70.957
78.8417
70.9578
70.9594
78.8443
78.8466
78.8466
70.9645
78.852
78.8523
70.9678
70.9719
78.8583
70.9753
70.9772
70.9792
70.9815
70.9821
78.87
70.9852
70.9853
78.875
78.8771
70.9903
78.8814
78.8838
78.8853
78.8881
78.8885
78.8908
78.8933
78.8937
71.0044
71.0051
71.0081
71.0085
78.899
71.009
78.9006
78.9007
71.011
71.0113
78.902
71.0131
71.015
71.0166
78.9078
78.9078
78.9084
78.9107
78.911
78.9132
71.0236
71.0241
78.9167
71.0261
71.0278
71.0279
78.9203
78.9207
71.0286
78.9211
78.9216
71.0335
78.9262
78.9262
71.035
78.933
78.9355
78.9359
78.9371
78.9378
78.9396
78.9423
71.0491
71.0496
71.0504
78.9453
71.0506
71.0515
78.9472
78.9488
71.0556
71.0555
71.0564
71.0564
78.9517
71.0586
78.9543
71.0596
71.0599
71.0604
78.9579
78.96
71.0647
78.9618
71.0656
78.9621
78.9624
78.9677
78.9683
71.0724
78.9693
78.9719
78.9743
71.0775
78.9756
78.9774
78.9776
78.9777
78.9778
78.9781
78.9784
78.9807
78.9813
78.983
71.0848
71.0853
71.0854
71.0862
78.9867
78.9871
78.9874
71.0887
71.0909
78.9908
78.9923
71.0937
78.994
78.9942
78.9946
78.9964
78.9977
78.9983
71.1005
79.0021
71.1027
71.103
71.1041
71.1041
71.1056
71.1059
79.0084
71.1093
79.0107
79.0121
79.0122
79.0179
79.0178
71.118
79.0215
79.0223
71.1202
79.0233
79.0258
79.0273
71.125
79.0292
71.1272
71.1274
79.031
79.0319
79.0321
71.1289
79.0331
79.0343
79.0349
79.0349
71.1317
71.133
79.0368
71.1333
71.1346
79.0385
79.0387
71.1349
79.0389
71.1355
79.0411
71.137
71.1375
79.0419
71.1396
71.14
79.0479
79.048
71.1459
71.1461
79.0524
71.1475
79.0535
71.1482
79.0544
79.0549
71.15
79.0593
71.1561
71.1563
71.1567
71.1568
71.1572
79.0653
71.1594
71.1597
71.1598
79.0671
71.1613
79.0682
71.1617
71.1618
71.1619
71.1641
79.0716
79.0718
79.073
79.0741
79.0755
79.076
71.1692
79.078
79.0788
79.0787
71.1717
71.1718
79.0804
71.1725
71.1736
79.0821
79.0825
79.0827
71.1746
79.0841
79.0842
79.0851
71.1802
71.1817
79.0913
71.1828
79.0933
71.1862
71.1863
79.0961
71.1867
79.0974
79.0979
79.098
71.1884
71.1887
71.1893
71.1896
71.1907
71.1924
79.1031
71.1934
79.1042
71.1945
71.1956
79.1084
79.1087
71.1993
79.1116
71.2038
71.2039
71.2046
79.1185
71.2081
79.1205
79.1207
71.2086
71.2117
71.2129
71.2157
79.1287
71.2161
79.1294
79.1322
71.2194
79.1327
79.1331
79.1342
71.2225
79.1366
79.1372
71.225
71.2257
79.1408
71.2269
79.1412
79.1418
79.1419
71.2292
71.2304
71.2306
71.2308
71.2311
79.1459
71.2313
71.2314
79.1464
79.1468
71.2326
79.1481
79.149
71.2362
71.2366
79.1551
71.2401
71.2406
79.158
79.158
79.1583
71.2425
71.2427
79.1591
79.1592
71.2436
71.247
79.1636
79.1652
71.249
71.251
79.1681
71.2517
71.2516
71.2523
79.1693
71.2538
71.2551
71.255
71.2554
71.2577
79.1769
79.1773
71.2602
71.2603
79.1789
79.1794
71.262
71.2631
79.1819
71.2639
79.1823
79.183
71.265
71.2651
71.27
79.1898
79.1912
79.1927
71.2739
79.1944
79.1954
71.2772
79.1971
79.1978
79.1983
71.2817
71.2818
71.2826
79.203
71.2829
79.2033
71.283
71.2833
71.2844
79.2061
79.2063
71.286
79.2077
71.2875
71.2882
79.2099
79.2103
71.2904
79.2132
79.2137
79.2149
71.2938
71.2957
79.2179
71.2962
79.2189
79.2205
79.2208
79.2215
71.2996
71.3013
71.3015
79.2245
71.3022
79.2265
71.3043
71.3048
71.3052
71.3057
71.3063
79.2306
71.3088
71.3092
71.31
79.2348
79.2357
71.3138
79.2377
