59.4729
59.497
59.4973
59.4978
59.5012
59.5099
59.5372
59.5401
59.5548
59.5759
59.577
59.5977
59.6131
59.6203
59.625
59.6563
59.6907
59.6932
59.6999
59.7399
59.7517
59.7627
59.7788
59.7983
59.803
59.8221
59.8354
59.8458
59.8469
59.849
59.8532
59.8848
59.8896
59.8967
59.8986
59.9099
59.9119
59.9161
59.9188
59.9302
59.9548
59.9689
59.9866
59.9876
59.992
59.992
59.996
60.0324
60.0516
60.0568
60.0599
60.0674
60.0887
60.0903
60.097
60.1013
60.1231
60.1311
60.1332
60.1385
60.1515
60.1582
60.164
60.1805
60.1804
60.1975
60.2077
60.2095
60.24
60.2442
60.2548
60.2673
60.2682
60.2724
60.2831
60.2857
60.2894
60.2922
60.2984
60.3014
60.3017
60.3022
60.3114
60.3116
60.3191
60.3286
60.3454
60.3489
72.4274
60.3606
60.3645
72.4483
60.3811
60.3856
60.3875
60.4285
60.4373
60.4589
60.4659
60.4727
60.4742
60.4758
60.4761
60.48
60.4898
60.4973
60.4998
60.5058
60.5134
60.521
60.5282
60.5291
60.53
60.5332
60.5332
60.5351
72.6522
60.5532
60.5546
60.5598
60.5627
60.5646
60.5658
60.6008
60.6137
60.6206
60.6304
60.637
60.6565
60.659
60.662
60.6699
60.6704
60.6825
60.701
60.7014
60.7064
60.7251
60.7306
60.7367
60.7372
60.7403
60.7534
60.7608
60.765
60.7686
60.7714
60.7776
60.7821
72.9433
60.7983
60.8116
60.8452
60.8792
60.8792
60.8815
73.0718
60.899
73.081
60.9061
60.9164
60.921
60.9274
60.9277
60.9338
60.9382
60.9382
60.9416
60.942
60.9512
60.9553
60.9653
60.966
60.9748
60.9852
60.9888
61.0198
61.034
61.0361
61.0696
61.078
61.0811
61.0821
61.1125
61.114
61.1481
61.1591
61.1702
61.2421
61.2436
61.2453
61.2512
61.2606
61.2646
61.2808
61.3021
61.3284
61.3893
61.396
61.4395
61.4737
61.4753
61.4829
61.4878
61.5021
61.5166
61.5218
61.5251
61.5748
61.5811
58.2186
58.2427
58.243
58.2435
58.2469
58.2556
58.283
58.2859
58.3005
58.3216
58.3227
58.3434
58.3589
58.3661
58.3708
58.4021
58.4364
58.439
58.4457
58.4857
58.4974
58.5085
58.5245
58.5302
58.544
58.5488
58.5543
58.5547
58.5551
58.5585
58.5672
58.5678
58.5812
58.5915
70.3106
58.5927
58.5946
58.5947
58.5975
58.5989
58.6121
70.339
70.3396
70.3399
70.3405
70.3446
70.355
58.6306
58.6332
58.6344
58.6354
70.368
70.3683
70.3689
58.6424
70.373
58.6443
70.3834
58.655
58.6556
70.3878
58.6576
70.3913
70.3941
58.6619
58.6646
58.6705
70.4089
58.676
58.6777
70.4162
58.6824
70.4197
70.4231
70.4234
70.424
70.4281
70.4327
70.4342
70.4356
70.4373
70.4385
58.7006
58.7137
58.7147
70.4604
70.4616
70.462
70.4626
70.4625
70.464
70.4666
70.4713
70.4748
70.477
58.7324
70.4789
58.7334
58.7377
58.7377
70.4876
70.4888
58.7418
70.4924
70.4932
70.4932
58.748
58.7506
70.5073
58.7573
70.5099
70.5133
70.516
70.5177
70.5191
70.5216
70.5221
70.5225
70.523
70.5271
70.5308
70.5309
58.7782
70.5375
70.5439
70.548
70.5562
58.7973
58.7974
70.5576
70.5592
70.5624
58.8025
58.8056
70.5704
58.8091
70.5711
70.572
70.5738
70.575
58.8132
70.5767
70.5769
70.5773
70.5778
70.5819
70.5824
70.5831
58.8201
70.5914
70.5923
70.6004
70.601
58.8345
58.8361
58.8361
70.6034
70.6096
58.8428
70.6115
70.6143
70.6152
58.847
70.6167
70.6181
70.6252
58.8556
70.6287
70.6311
58.8604
70.6374
58.8689
70.6429
70.6452
70.6463
58.8768
70.6528
58.8789
58.8794
70.6555
70.6584
70.6585
70.6595
58.8842
70.6615
70.6663
70.6666
70.6667
70.6672
70.6701
70.6713
58.8928
70.6715
70.6729
70.6736
70.6757
58.8973
70.6777
70.6817
58.9031
58.9039
58.9043
70.6868
58.9063
58.9098
58.9105
70.694
70.6971
70.6977
70.7011
70.7051
70.7061
70.7068
58.9262
58.9263
70.7133
70.7146
70.7145
70.7163
70.718
70.7249
70.7287
70.7295
70.7297
70.7305
58.9422
58.9433
70.7352
70.7356
58.947
70.7419
58.9534
58.954
70.7457
58.9552
58.9559
70.7531
70.7545
70.7576
70.7581
70.7581
70.7594
58.9672
70.7609
70.7612
70.7619
70.7623
58.9692
70.7656
70.767
70.7673
70.7681
58.9735
58.9762
70.7741
70.7805
58.9857
70.7846
58.9876
70.7865
70.7871
70.7879
58.99
70.7903
70.7904
70.7954
70.7997
59.0006
70.805
70.8057
70.8093
70.8107
70.8124
70.8132
70.8136
70.8143
59.0122
59.013
59.014
70.8192
70.8199
70.8204
70.8215
59.0181
70.8231
70.8277
70.8288
70.8292
59.0263
70.8334
59.0289
70.835
70.8374
59.0315
70.8391
70.841
70.8416
59.0352
70.8425
70.8429
59.0379
70.8454
70.8458
70.8476
70.8499
70.8505
70.8517
59.044
59.0442
59.045
59.0471
59.0474
70.8575
59.0479
59.0493
59.0493
70.8594
70.8602
70.8634
59.0534
70.8658
70.8677
70.8684
59.0572
59.0573
70.8709
70.8742
59.0648
70.8801
70.8815
70.8826
70.8836
70.884
70.8879
70.8885
70.8889
70.889
59.0743
70.8893
70.8942
70.8958
70.8987
70.9018
70.9027
70.905
70.9059
59.0898
59.0911
70.9098
70.9122
59.0947
70.9151
70.9174
70.9185
70.9209
70.9223
70.926
70.927
70.9271
59.1063
70.9282
70.9283
70.9293
59.109
59.1103
70.9328
70.9335
70.9335
70.9343
59.1141
70.9384
70.9384
70.9406
59.1172
70.9412
70.942
70.9429
70.9432
70.9435
70.9441
70.9445
70.9495
59.1248
59.1269
70.9555
70.9567
70.957
59.1313
70.9578
70.9594
59.1332
70.9619
70.962
70.9645
70.9668
70.967
70.9678
70.9719
70.9724
59.1461
59.1477
70.9792
70.9815
70.9821
70.983
70.9852
59.1544
70.9875
70.9894
59.1586
70.9933
70.9955
70.9968
70.9993
59.1664
71.0017
71.004
71.0043
71.0044
71.0051
71.0081
71.0085
59.1742
71.009
71.0105
71.0106
71.011
71.0113
71.0118
71.0131
71.015
59.1805
71.017
71.017
71.0175
59.183
71.0199
71.0219
71.0236
71.0241
71.025
59.1884
71.0278
71.0279
71.0283
59.1905
59.1905
59.1908
59.1912
71.0335
71.0335
59.1947
59.1958
71.0397
71.042
71.0423
71.0434
59.2033
59.2047
71.0481
71.0491
71.0496
71.0504
59.2089
59.2089
71.0515
71.0525
59.2116
71.0556
71.0555
71.0564
71.0564
71.0565
59.2155
71.0588
71.0596
71.0599
71.0604
59.2184
59.22
71.0647
71.0656
59.2214
59.2216
59.2218
59.2258
71.0715
71.0724
71.0723
71.0747
59.2307
71.0775
71.078
59.2331
71.0798
71.08
59.2334
59.2336
59.2338
59.2355
71.0831
59.2372
71.0848
59.2378
59.2379
71.0862
71.088
71.0884
71.0886
71.0887
71.0909
59.2431
71.0931
71.0937
59.2455
71.0948
59.2459
71.0968
59.2483
71.0985
71.1005
59.2516
71.1027
71.103
71.1041
71.1041
59.2547
59.2549
71.1076
71.1093
71.1096
71.1109
59.2592
71.1161
71.116
59.265
71.1193
59.2667
59.2668
71.1209
59.2693
59.2705
71.125
71.1263
71.1272
59.2728
59.2733
59.2739
71.1289
71.1289
59.2749
59.2757
71.1314
59.2762
71.1317
71.133
71.1331
71.1333
59.2788
59.2789
59.279
59.2791
71.135
59.2796
59.2808
71.137
71.1375
71.1377
59.283
71.14
71.1431
71.1432
71.1459
71.1461
71.1471
71.1475
71.1482
71.1482
59.2908
59.2912
59.2917
71.1534
71.1561
59.2969
59.2972
59.2973
59.2977
59.299
59.2995
71.1597
71.1598
59.3003
59.3011
71.1614
71.1617
71.1618
59.3016
71.1641
71.1645
71.1646
71.1657
59.3056
59.3066
71.1684
71.1692
59.3085
71.1709
71.1709
71.1717
59.3098
59.3103
71.1725
71.1736
59.3116
59.3119
71.1744
59.3122
59.3131
71.1758
59.3138
71.1802
71.1817
59.3185
59.319
71.184
71.1862
59.3219
71.1864
71.1867
71.1877
71.1881
71.1882
59.3237
59.324
59.3244
59.3246
59.3256
71.1924
71.1928
59.3278
71.1938
71.1945
59.3297
71.1975
71.1978
71.1993
59.3337
59.3365
59.3366
59.3372
71.2066
59.3401
71.2085
71.2086
59.3405
59.3431
71.2129
71.2157
59.3465
59.3468
71.2165
59.3492
59.3495
71.2194
59.3498
71.2208
71.2225
71.223
71.2235
71.225
59.3547
71.2267
59.3558
71.2271
71.2276
59.3564
59.3577
59.3587
59.3588
59.359
71.2311
59.3594
71.2313
59.3595
71.2317
71.2321
71.2326
59.3611
71.2341
71.2362
59.3639
59.3663
59.3668
71.2406
71.2422
71.2422
71.2425
59.3688
59.3689
71.2432
71.2433
71.2436
71.247
71.2472
71.2486
71.249
59.3758
59.3761
59.3764
71.2516
59.3769
71.2523
71.2538
71.2551
71.255
59.3795
59.3814
59.3827
71.2595
71.2602
71.2603
59.3842
71.2614
71.262
59.3859
71.2637
71.2639
59.3867
71.2647
71.265
71.2651
71.27
59.3924
59.3934
71.2734
59.395
71.275
71.2759
59.3976
71.2774
71.278
71.2785
71.2817
71.2818
59.4022
59.4022
71.2829
71.283
59.4025
59.4027
59.4037
71.2855
59.4047
71.286
71.287
59.4063
59.4068
71.2889
59.4078
71.2904
71.2918
71.2923
71.2934
71.2938
59.4131
71.2961
71.2962
71.297
71.2984
59.4156
59.4161
71.2996
71.3013
59.4179
71.302
71.3022
71.3039
59.4203
71.3048
71.3052
71.3057
59.4219
71.3075
71.3088
59.4243
59.425
71.3113
59.4267
71.3138
59.4283
